83 1826
1 83 840
1 9 280
9 82 280
82 83 280
1 37 280
32 37 280
32 83 280
1 47 280
10 47 280
10 83 280
1 56 420
56 83 420
1 49 210
49 76 210
66 76 210
66 83 210
1 13 140
13 63 140
25 63 140
2 25 140
2 46 140
46 83 140
1 29 420
29 83 420
1 51 420
51 83 420
1 53 280
53 55 280
55 83 280
1 75 420
75 83 420
1 26 140
26 71 140
12 71 140
12 31 140
31 61 140
61 83 140
1 21 280
21 23 280
23 83 280
1 19 140
19 44 140
44 78 140
24 78 140
24 57 140
57 83 140
1 62 120
14 62 120
14 20 120
11 20 120
11 68 120
41 68 120
41 83 120
1 28 120
28 65 120
30 65 120
30 64 120
42 64 120
42 43 120
43 83 120
1 79 120
40 79 120
40 50 120
35 50 120
35 77 120
77 80 120
80 83 120
1 33 420
33 83 420
1 81 280
69 81 280
69 83 280
1 15 140
15 54 140
54 72 140
16 72 140
16 74 140
74 83 140
1 18 168
18 73 168
70 73 168
36 70 168
36 83 168
1 52 210
6 52 210
6 60 210
60 83 210
1 7 168
7 17 168
4 17 168
4 8 168
8 83 168
1 59 280
3 59 280
3 83 280
1 27 120
27 67 120
34 67 120
34 48 120
22 48 120
22 58 120
58 83 120
1 5 168
5 45 168
39 45 168
38 39 168
38 83 168
1 41 729
2 41 165
38 46 37
26 51 290
34 39 151
18 40 79
65 71 50
15 39 371
50 62 248
3 5 402
17 19 202
12 24 146
61 64 230
21 63 7
26 30 228
6 39 94
28 70 392
54 67 47
22 33 184
62 65 130
17 70 178
39 75 93
28 31 449
37 50 89
12 27 310
2 74 149
27 69 449
25 76 7
36 57 34
47 67 48
28 37 165
11 44 209
67 82 329
45 63 59
18 80 561
53 75 148
51 57 289
34 38 318
2 39 63
12 14 185
37 56 150
21 70 231
10 12 149
42 83 250
54 70 233
22 45 273
49 82 360
42 67 369
12 54 150
32 56 149
15 47 143
19 48 344
31 47 283
52 65 36
34 51 69
72 77 190
41 63 449
50 66 276
73 74 372
2 11 88
27 38 560
18 76 261
2 31 10
31 82 10
60 61 74
36 68 82
1 60 640
21 30 90
4 9 234
7 52 51
38 50 322
21 46 426
34 60 276
12 49 218
10 45 228
26 66 497
30 33 70
8 37 400
59 72 150
8 62 562
20 54 90
20 51 70
2 80 170
34 81 88
21 68 329
56 78 8
22 23 49
5 20 195
53 80 448
11 38 200
45 75 91
5 38 511
31 60 80
16 78 145
17 48 153
17 77 270
16 17 230
23 26 428
17 75 88
12 39 88
12 75 6
30 66 275
61 73 371
53 60 358
26 81 147
2 20 210
51 61 290
58 60 100
45 82 230
55 63 290
26 48 350
70 82 63
24 58 167
61 63 428
11 22 130
4 32 58
3 45 234
34 43 370
49 74 499
55 76 148
2 43 168
34 62 250
58 71 447
5 10 400
22 41 126
25 28 308
14 76 187
39 54 232
16 71 290
7 31 402
24 51 150
16 50 209
24 59 288
1 78 426
50 67 125
36 40 439
24 69 8
40 48 248
49 81 75
19 57 567
71 83 568
4 29 90
36 59 400
49 54 76
45 62 226
32 59 290
60 75 219
34 61 347
39 79 393
9 70 234
3 30 210
46 50 350
30 62 242
70 76 91
2 61 145
8 25 262
48 79 369
5 19 35
10 52 354
46 69 149
45 66 304
19 65 109
41 54 448
4 33 93
34 41 368
49 52 9
13 25 284
81 83 569
21 40 50
37 63 6
19 27 27
67 73 104
19 40 108
31 67 330
29 36 260
41 61 28
13 21 145
39 41 225
11 18 317
71 72 149
56 57 288
45 47 65
1 2 568
29 50 69
29 65 189
10 75 148
19 54 147
3 32 9
25 60 217
27 37 169
10 68 50
7 82 401
41 45 393
20 77 247
17 37 63
5 73 177
20 56 67
33 35 67
32 47 287
1 48 489
8 20 320
5 79 58
30 57 350
7 74 541
21 37 10
5 75 261
33 39 90
8 41 57
2 49 356
11 16 88
22 44 326
8 33 262
12 18 258
63 78 149
8 47 399
26 45 205
4 35 33
43 48 250
4 18 346
6 9 147
19 59 149
21 45 66
38 63 402
26 29 288
66 74 79
24 72 149
5 78 261
9 72 147
28 59 170
21 22 329
24 49 357
26 65 110
29 68 189
6 13 290
52 60 427
49 60 430
9 16 284
19 72 287
26 58 590
34 46 350
61 67 469
7 30 200
64 70 34
22 34 249
6 58 310
15 72 290
24 25 148
5 64 321
2 47 288
9 83 568
30 68 250
74 80 27
66 69 77
18 83 681
69 73 233
58 63 448
11 14 249
54 65 48
6 27 308
42 76 187
63 81 5
28 43 609
49 57 496
36 66 51
12 82 149
30 42 247
3 7 398
39 62 394
32 74 150
24 70 61
18 74 542
26 70 370
42 65 368
24 44 288
24 73 234
6 72 9
71 81 8
2 26 427
32 51 143
1 67 249
40 65 5
54 63 9
79 80 610
64 83 368
33 62 307
7 28 58
26 64 348
4 22 100
9 75 149
46 47 429
36 64 200
59 83 565
28 56 310
36 73 345
47 65 48
30 34 10
19 25 288
2 65 327
1 50 365
14 30 128
23 40 330
12 62 310
25 66 217
15 28 25
17 45 8
50 52 154
10 30 210
2 29 148
72 75 9
19 77 469
2 35 89
59 80 447
3 34 207
74 79 588
19 20 229
44 50 89
62 64 369
10 18 402
52 63 73
12 15 288
45 61 372
39 70 8
11 46 225
21 32 283
18 61 539
14 74 467
16 40 326
5 24 400
22 30 248
31 54 284
3 37 288
5 51 260
14 32 329
22 77 9
68 74 110
33 76 8
63 75 148
75 81 145
22 29 188
18 34 199
6 44 150
43 58 10
39 47 233
4 52 301
75 77 187
33 47 150
15 53 150
9 10 288
47 77 325
28 41 610
17 53 66
47 51 150
31 52 358
35 48 5
41 77 130
35 62 369
4 23 61
23 42 48
11 36 202
22 69 50
25 74 290
22 51 188
29 75 8
19 42 467
13 68 470
8 14 440
52 67 39
8 61 35
17 39 176
23 32 6
6 50 67
19 70 372
9 41 446
29 59 148
19 75 290
15 38 538
19 31 425
19 22 469
68 76 190
33 50 67
7 38 511
27 71 170
13 82 429
4 25 94
8 39 178
22 43 129
7 71 122
20 70 149
30 49 160
29 80 310
38 70 175
56 64 70
46 61 5
27 48 366
27 64 370
32 54 287
45 60 304
6 49 219
53 74 428
10 71 285
18 33 262
74 78 288
62 83 724
73 77 271
8 28 562
6 23 149
36 46 38
30 59 90
23 62 449
11 12 68
16 82 6
16 58 170
25 49 215
47 56 148
26 44 150
44 58 449
25 43 307
71 80 449
41 48 250
11 52 276
6 62 309
42 77 7
35 60 160
45 54 66
19 39 369
4 31 60
2 7 397
34 55 204
14 69 329
43 78 307
12 20 63
28 32 445
16 31 8
20 42 250
16 76 149
58 69 165
10 28 450
38 81 396
2 14 327
7 53 117
3 35 86
5 74 542
53 62 167
64 79 366
42 74 104
6 63 147
58 61 27
33 63 150
16 24 7
10 61 149
10 23 4
48 80 247
13 70 369
33 56 8
55 80 168
16 77 50
5 82 401
73 83 514
57 70 200
15 36 542
72 74 285
62 77 489
5 70 345
28 82 448
15 22 468
21 79 168
30 77 246
15 65 110
13 62 29
74 81 429
54 79 170
29 53 148
75 82 149
35 82 88
34 71 86
15 29 285
8 67 439
22 37 329
11 61 225
17 50 33
22 74 110
15 66 499
7 9 122
72 73 92
46 72 290
70 75 91
22 80 128
36 53 399
49 72 218
21 75 150
67 77 369
6 68 189
15 26 5
20 69 210
45 59 65
16 66 80
14 55 329
59 77 328
10 13 429
67 70 274
35 38 200
21 49 78
42 81 328
10 48 86
60 76 218
52 58 520
26 79 28
25 64 70
47 78 149
12 65 189
63 66 357
47 59 9
51 66 218
3 69 8
21 38 398
14 38 441
4 68 105
33 36 258
17 29 94
65 80 488
36 58 55
11 47 209
2 38 122
70 83 346
39 69 64
59 66 360
34 79 248
18 81 120
39 57 199
21 47 3
28 61 589
20 67 128
27 65 128
25 55 148
3 29 146
12 26 288
5 72 262
9 61 424
8 35 202
1 20 369
26 73 206
66 77 36
7 21 122
45 83 510
16 83 289
4 45 175
68 70 103
15 57 568
23 80 168
44 62 169
26 38 535
6 57 290
29 60 218
7 44 118
42 62 485
21 26 149
13 75 289
31 78 150
44 72 143
26 37 146
12 25 8
71 75 148
14 46 467
32 36 118
34 54 90
11 31 88
28 35 368
8 51 258
53 66 360
19 28 29
23 30 209
12 13 288
20 36 322
26 77 469
33 72 6
70 71 234
30 43 365
39 51 93
11 45 148
45 70 175
34 53 90
11 55 89
23 48 89
25 72 9
48 74 229
53 77 330
39 64 32
22 49 400
15 25 290
51 52 217
27 35 369
53 61 429
18 60 469
37 76 150
28 48 369
4 58 225
41 44 449
53 81 10
43 46 29
63 67 48
2 64 81
2 30 208
25 79 306
35 69 86
68 82 45
15 67 108
59 81 10
33 75 5
61 66 79
59 76 150
42 46 106
29 64 68
13 17 201
41 82 168
16 42 49
9 20 89
28 66 520
2 63 289
50 68 249
51 56 8
49 79 99
25 80 309
8 59 399
57 77 102
1 57 710
13 35 345
19 24 427
55 69 10
22 38 76
13 40 106
15 43 590
32 46 149
63 70 234
16 36 118
14 43 488
11 33 69
64 77 130
9 57 429
46 74 8
55 78 150
40 67 10
27 60 520
33 54 145
15 23 428
35 43 250
7 10 401
9 50 90
46 64 226
23 63 288
24 50 209
5 25 258
19 38 542
27 70 393
22 73 273
11 13 349
5 9 121
46 67 470
77 83 250
12 17 93
1 14 249
37 57 430
20 23 207
29 67 186
72 82 148
16 79 450
17 25 92
22 32 49
30 60 278
28 78 309
41 72 307
50 63 87
4 6 93
25 39 90
6 38 262
8 9 400
6 19 286
20 37 89
4 82 66
47 79 170
1 73 342
39 61 206
38 71 397
27 46 590
36 48 202
26 47 145
21 76 146
21 73 66
9 49 76
55 59 285
64 74 229
13 58 587
13 79 25
18 25 257
1 12 430
51 72 5
16 26 430
7 34 197
23 43 168
25 32 150
52 83 639
37 38 400
29 31 150
25 29 10
72 81 150
60 69 79
24 61 146
17 31 234
62 74 589
17 49 135
3 79 446
1 69 565
3 39 64
8 22 77
24 64 84
3 44 290
29 66 214
13 65 107
13 19 10
19 51 290
59 82 287
11 43 249
55 79 444
30 58 367
67 79 129
19 69 427
38 75 262
3 36 122
7 29 257
23 28 449
5 16 402
11 50 128
65 81 50
22 78 189
26 42 469
19 33 290
21 35 207
26 62 30
50 56 70
11 26 350
15 71 148
14 66 393
31 58 166
44 76 145
25 77 189
28 40 130
59 74 429
15 74 565
2 42 49
69 80 170
17 20 32
40 58 490
31 70 63
49 63 76
13 24 428
65 74 467
26 39 371
3 11 87
46 59 427
6 31 148
49 80 517
3 75 145
55 73 229
48 72 68
20 75 70
22 61 109
23 57 149
32 48 88
10 38 122
48 62 369
36 65 440
28 49 97
50 60 278
2 13 426
44 69 285
5 42 441
53 70 232
40 57 467
23 78 147
56 65 190
28 63 165
31 76 143
9 26 148
9 11 203
29 45 87
42 58 130
26 76 289
3 82 10
32 45 229
28 39 394
33 38 261
11 24 90
37 82 286
4 65 272
7 77 439
24 32 5
20 50 9
43 75 310
37 80 447
16 37 290
8 52 469
4 66 130
11 21 209
17 52 136
10 46 149
48 81 210
9 35 210
28 64 366
9 79 170
32 58 167
25 40 188
10 51 146
68 79 483
52 68 398
21 64 203
13 83 709
21 71 9
3 21 290
18 38 513
28 36 562
50 74 348
3 68 46
5 37 120
62 72 308
53 83 563
13 49 80
12 37 148
39 50 148
28 33 310
7 46 538
8 69 119
7 16 402
47 52 76
37 41 449
10 36 117
11 76 70
16 62 450
4 74 206
9 60 358
17 74 373
46 65 465
56 60 218
29 40 190
9 53 9
36 43 53
19 58 588
32 76 150
18 26 34
9 51 150
45 76 92
65 67 5
6 55 150
68 72 189
22 59 330
14 60 396
9 71 7
38 74 35
32 33 149
20 31 208
18 55 402
60 82 79
37 64 206
16 64 89
5 65 79
32 35 90
22 39 106
31 59 289
24 62 447
7 78 260
17 60 299
39 53 231
48 64 4
14 73 106
18 48 316
23 75 144
59 71 9
45 71 63
3 47 284
25 38 257
2 12 146
26 35 350
14 33 189
23 68 46
55 62 443
26 61 570
40 52 40
7 62 57
30 52 160
28 74 589
4 55 62
1 17 346
9 12 144
14 22 364
5 59 120
16 51 147
21 39 231
49 58 515
9 80 449
24 47 288
16 44 286
31 41 169
16 75 150
20 71 90
47 76 149
56 81 149
7 22 440
41 59 444
66 82 76
50 59 88
19 76 288
21 24 290
15 59 148
52 81 77
10 60 80
10 56 150
41 51 310
40 59 47
23 73 234
13 43 587
35 80 247
20 65 130
18 35 320
38 79 562
55 82 10
10 40 328
7 33 260
41 49 520
41 74 28
61 69 150
46 70 201
40 61 470
19 62 29
20 53 90
13 48 348
33 46 290
8 12 262
54 58 449
47 72 150
23 70 62
24 74 150
48 53 205
21 77 329
15 68 469
36 77 82
5 36 512
29 41 306
18 79 58
49 69 354
35 44 208
66 80 100
23 77 48
22 28 487
60 71 359
51 79 310
17 82 233
13 34 230
30 81 86
18 36 512
64 78 67
13 42 465
1 23 570
27 32 447
34 45 34
7 32 399
6 47 149
39 77 99
37 71 8
16 39 66
9 14 50
66 67 398
52 62 97
37 53 10
64 82 87
7 54 121
19 83 709
7 65 78
20 82 210
24 79 448
44 61 425
6 30 70
20 57 350
57 66 76
43 45 393
21 78 146
26 53 149
9 17 61
52 76 220
28 67 129
39 49 303
40 78 190
40 81 50
37 73 59
6 37 147
35 65 250
12 38 256
14 37 48
15 27 28
37 54 8
44 83 567
20 78 70
11 66 160
18 23 397
5 14 82
31 34 208
20 43 368
1 65 242
59 75 149
10 34 207
16 33 150
20 35 128
9 45 62
17 61 371
3 22 48
34 69 208
21 52 75
67 76 185
31 42 50
7 80 559
42 75 189
44 46 425
38 52 469
59 67 49
10 42 48
33 77 190
60 80 100
1 42 605
14 63 50
53 82 288
31 79 445
20 28 248
30 41 369
60 73 302
1 66 635
23 29 146
16 73 234
8 18 511
5 22 441
58 59 444
69 76 147
27 49 99
6 36 258
14 72 189
60 63 356
5 77 442
56 69 150
38 72 260
15 51 288
27 72 310
5 68 437
4 57 206
38 44 402
44 51 146
31 83 285
13 53 146
75 80 306
7 11 321
27 41 606
12 74 290
56 82 150
11 81 209
39 42 105
20 27 242
41 57 30
76 78 9
67 80 488
9 47 10
14 17 102
23 25 149
1 44 286
44 64 210
6 46 290
9 78 149
64 75 66
23 53 286
5 39 345
68 81 329
57 65 468
12 34 68
27 44 169
37 78 148
44 59 10
37 45 64
2 72 148
28 34 250
2 16 8
13 45 206
14 70 271
36 60 50
35 73 151
4 63 232
30 38 318
7 35 321
34 65 130
56 80 310
6 61 285
2 67 330
15 34 229
25 68 187
25 33 7
37 75 149
19 71 149
17 67 105
3 54 286
40 68 370
25 50 66
37 70 234
8 30 314
19 46 568
3 38 121
6 15 290
20 29 70
43 65 487
7 20 199
5 8 510
29 35 70
36 79 561
1 11 489
7 59 121
58 82 166
10 79 449
30 63 90
27 29 306
4 20 152
32 57 149
55 70 65
10 55 9
26 72 289
24 48 87
40 75 189
10 81 290
40 62 128
16 61 148
1 61 710
14 29 184
5 15 37
3 67 330
3 71 289
67 68 367
26 60 497
3 56 143
51 63 150
2 66 80
39 80 225
31 57 148
73 75 92
45 52 134
28 58 608
42 70 104
61 62 588
58 68 129
50 69 209
35 71 207
52 66 426
65 75 186
37 40 49
45 77 274
10 19 426
42 49 397
30 50 7
35 55 84
61 79 588
10 62 450
48 51 66
24 29 149
25 78 10
50 72 70
24 83 288
31 66 79
25 57 288
41 46 29
36 71 402
10 78 150
15 79 29
13 74 565
27 28 10
11 83 370
8 42 80
19 29 288
46 79 584
4 30 154
56 66 219
12 53 150
32 70 64
40 69 330
30 37 89
26 33 290
49 70 304
53 63 8
51 58 306
19 26 9
10 44 289
7 15 37
7 58 557
24 36 119
51 76 9
6 80 310
40 66 400
24 42 45
42 56 190
30 82 206
62 66 517
27 66 519
6 24 150
20 81 87
19 81 146
29 71 145
6 12 10
67 81 44
30 45 34
55 57 150
53 68 325
42 44 326
38 77 81
55 81 290
13 57 569
15 83 702
46 75 290
56 67 190
1 54 283
17 18 173
23 46 149
29 72 10
44 60 359
4 64 30
44 63 5
28 71 170
45 73 9
15 32 425
12 80 309
8 11 198
13 29 286
4 60 134
23 31 6
13 27 26
31 56 146
39 81 231
9 27 168
36 42 79
46 58 29
13 66 492
65 66 399
48 49 274
9 23 287
4 43 225
7 12 258
46 71 429
46 63 425
23 59 287
40 63 50
23 34 204
64 68 126
65 68 366
13 31 425
41 65 489
10 22 46
37 47 9
13 39 373
32 38 122
42 51 189
40 60 396
1 30 369
56 72 9
54 69 288
20 64 130
31 37 286
13 81 150
53 67 50
50 57 349
14 31 329
10 76 150
58 70 225
61 81 430
2 17 230
30 55 209
34 63 90
16 35 86
13 80 590
35 66 158
9 24 287
49 59 78
36 52 472
11 29 68
12 19 286
32 50 210
4 67 274
13 28 29
64 69 87
31 38 122
13 73 206
1 16 569
24 80 167
30 56 67
15 77 470
14 83 605
5 67 81
35 78 69
9 28 163
51 75 8
62 67 130
34 75 70
35 64 8
3 61 150
36 39 178
54 61 430
33 40 187
21 53 8
4 46 205
39 55 59
18 53 118
51 77 190
23 79 450
51 81 149
78 79 309
59 78 150
11 71 210
13 50 228
42 69 46
35 58 250
33 59 147
55 61 142
26 34 230
8 78 262
53 73 65
17 46 374
18 54 122
1 10 568
37 81 10
10 73 231
43 79 606
27 58 609
12 81 150
58 77 127
33 74 290
62 71 170
23 33 150
50 76 69
48 76 70
39 56 87
34 72 68
4 36 173
69 74 147
20 63 90
63 71 9
24 56 147
14 19 110
51 60 218
23 38 120
28 30 249
50 73 27
24 30 210
45 64 154
33 73 94
5 34 198
22 75 186
36 44 397
22 68 10
24 71 284
7 41 561
27 43 608
15 16 427
49 65 38
77 79 490
27 59 167
34 82 203
22 40 367
8 48 195
38 45 338
11 34 130
18 50 201
11 39 30
25 46 287
19 45 204
36 37 396
8 23 122
54 76 148
10 74 150
8 24 122
2 53 286
10 31 8
41 58 10
54 59 9
11 35 9
4 69 65
16 48 89
61 76 290
25 34 69
46 77 109
16 68 49
32 39 59
3 57 150
16 23 9
65 77 369
44 75 150
19 52 80
29 69 150
17 43 388
9 34 86
17 58 393
25 53 148
21 80 444
18 67 82
52 64 279
31 43 168
3 55 10
6 45 92
1 35 485
14 67 6
14 52 40
10 70 60
63 79 168
13 38 542
3 52 359
5 31 401
71 82 287
4 54 232
59 63 6
26 49 76
16 18 402
15 70 374
57 76 287
23 81 288
18 45 177
23 50 208
8 66 50
9 15 144
47 63 9
32 81 285
11 51 67
43 63 449
25 45 94
4 62 391
11 79 370
9 81 8
2 4 66
17 71 65
35 56 68
47 50 88
21 29 149
34 42 246
46 66 80
28 52 99
42 79 490
33 48 70
18 27 57
21 48 208
78 80 309
39 82 61
14 28 128
20 79 250
8 73 345
4 40 274
60 70 131
21 69 289
28 46 588
59 68 328
60 68 40
38 53 400
12 77 187
31 74 150
37 68 329
56 74 282
38 61 38
52 57 496
12 66 218
12 44 145
27 54 169
67 78 188
11 54 210
36 80 57
38 73 344
42 73 272
60 78 215
20 59 90
23 36 116
14 56 190
13 18 36
2 48 89
14 44 46
33 60 218
11 74 227
7 42 442
27 36 562
40 82 326
15 52 79
7 66 471
18 82 401
6 8 260
27 31 449
5 27 56
22 53 330
39 44 232
66 73 304
9 76 150
57 72 288
36 50 321
58 80 5
58 64 247
47 57 428
6 83 428
17 38 346
22 65 370
37 44 8
1 68 607
59 79 170
28 79 9
39 67 272
31 68 49
13 20 223
18 52 51
29 73 93
42 80 127
30 83 490
56 73 92
28 45 226
17 69 232
21 62 167
44 81 5
5 71 122
73 81 65
12 36 260
31 36 119
38 59 402
46 49 499
50 75 65
13 22 467
30 47 89
6 81 149
37 66 360
16 67 328
69 82 9
3 77 48
10 11 87
36 41 58
48 78 69
28 47 169
19 68 469
44 56 147
14 68 366
26 32 429
5 56 257
60 81 359
27 78 309
9 13 148
45 57 372
8 65 441
46 82 145
22 81 328
49 75 219
43 49 515
23 52 355
5 49 52
3 13 428
29 33 6
43 67 490
50 81 86
38 78 258
9 74 426
16 60 79
5 55 400
71 79 170
11 80 250
50 55 210
5 62 51
12 61 287
8 53 400
21 43 449
11 48 8
9 67 47
17 55 231
29 39 94
30 31 207
20 38 316
27 57 589
48 61 224
6 25 10
27 61 583
6 18 262
40 45 105
20 41 368
8 63 402
10 59 288
3 23 9
16 46 148
9 37 10
47 82 290
48 58 248
8 45 344
56 70 93
41 79 609
28 38 561
57 69 146
2 40 330
27 76 310
16 38 121
9 66 355
23 72 144
5 7 7
37 39 230
34 77 249
24 82 8
58 65 486
18 72 262
29 54 146
7 67 81
44 71 9
22 50 248
41 52 520
33 65 190
43 56 309
2 68 49
7 76 259
18 77 441
56 75 10
15 37 145
21 54 9
23 39 62
14 24 330
55 74 147
27 75 310
6 73 90
39 46 203
43 47 448
3 6 145
14 48 247
9 21 9
15 73 206
32 66 80
8 19 541
52 82 359
40 72 190
40 56 190
13 54 148
18 47 117
32 41 169
42 47 327
18 59 118
21 34 88
61 75 288
13 37 150
28 80 608
21 44 9
28 76 308
57 58 27
15 40 109
5 54 120
35 46 229
49 67 38
72 79 310
57 79 587
6 67 188
8 38 9
25 73 93
46 54 430
18 30 195
23 56 150
59 65 47
15 63 149
63 73 65
15 35 350
19 78 288
32 79 448
2 51 150
14 34 130
27 74 588
31 49 357
14 18 81
5 83 677
4 11 32
14 51 188
14 59 49
12 23 150
46 60 78
79 81 167
22 52 397
20 40 129
47 64 209
40 46 466
17 44 66
3 43 169
76 77 188
16 65 325
12 57 289
8 60 50
3 66 79
2 58 166
47 53 10
18 19 36
65 79 128
48 63 208
42 72 184
6 22 190
42 48 130
19 82 428
30 76 67
17 66 304
37 43 447
17 83 509
27 52 99
23 67 330
4 12 94
47 55 284
15 20 229
68 83 246
5 66 470
13 32 426
7 26 37
4 53 234
2 32 9
32 42 50
2 9 290
1 74 707
33 53 146
41 69 164
47 61 429
24 67 328
77 82 50
16 41 170
52 69 356
2 8 121
69 78 150
