546 3504
1 2 156
2 3 26
2 4 26
4 5 26
5 6 78
3 7 26
1 8 26
8 9 156
3 10 26
7 11 26
6 12 26
1 13 156
6 14 78
4 15 104
4 16 26
10 17 26
5 18 78
13 19 104
4 20 104
9 21 156
21 22 104
9 23 78
17 24 104
6 25 26
16 26 26
22 27 78
1 28 234
19 29 104
13 30 52
22 31 26
11 32 104
31 33 26
32 34 26
7 35 78
28 36 78
33 37 104
32 38 104
20 39 78
3 40 52
36 41 52
14 42 78
23 43 78
28 44 156
7 45 52
36 46 26
45 47 130
44 48 26
45 49 78
20 50 182
44 51 130
36 52 78
11 53 104
52 54 130
50 55 104
14 56 26
16 57 78
46 58 78
27 59 26
18 60 130
28 61 208
40 62 78
19 63 52
43 64 156
7 65 78
36 66 26
40 67 104
55 68 26
32 69 182
2 70 130
1 71 260
38 72 104
40 73 26
11 74 52
53 75 156
37 76 26
26 77 130
48 78 130
11 79 104
24 80 52
40 81 104
2 82 52
56 83 78
20 84 104
79 85 182
30 86 26
76 87 130
60 88 78
73 89 78
36 90 26
50 91 26
33 92 78
35 93 52
4 94 130
28 95 78
19 96 156
46 97 130
53 98 78
37 99 78
80 100 78
11 101 78
80 102 52
91 103 52
58 104 26
13 105 52
77 106 26
37 107 156
16 108 52
61 109 78
61 110 182
19 111 104
2 112 78
78 113 130
67 114 208
81 115 52
71 116 130
13 117 26
84 118 52
49 119 130
81 120 156
82 121 52
61 122 156
3 123 104
1 124 156
33 125 26
12 126 26
38 127 26
46 128 78
75 129 52
68 130 78
23 131 104
11 132 130
58 133 52
131 134 26
10 135 52
6 136 182
115 137 78
107 138 156
88 139 130
18 140 208
113 141 78
62 142 26
91 143 78
27 144 182
117 145 26
1 146 260
13 147 78
38 148 104
39 149 78
56 150 78
102 151 26
23 152 26
106 153 234
147 154 26
98 155 52
9 156 156
52 157 182
116 158 78
120 159 52
111 160 104
79 161 182
86 162 26
110 163 78
16 164 104
108 165 52
77 166 52
46 167 104
72 168 234
112 169 26
43 170 78
43 171 26
121 172 78
124 173 26
118 174 26
169 175 104
44 176 26
6 177 104
28 178 130
76 179 26
106 180 234
65 181 26
96 182 130
29 183 104
58 184 130
46 185 52
129 186 104
158 187 26
140 188 208
61 189 104
151 190 104
120 191 26
150 192 156
111 193 104
78 194 182
87 195 104
67 196 182
20 197 130
97 198 26
59 199 182
136 200 130
12 201 26
106 202 52
121 203 182
13 204 78
2 205 78
41 206 182
171 207 78
76 208 130
141 209 104
69 210 104
151 211 52
187 212 104
197 213 78
19 214 130
9 215 78
57 216 208
133 217 104
14 218 78
122 219 78
45 220 156
127 221 78
56 222 78
19 223 52
100 224 52
29 225 26
218 226 78
12 227 26
84 228 78
212 229 104
177 230 26
158 231 182
121 232 156
100 233 130
70 234 182
216 235 52
211 236 26
72 237 26
157 238 208
89 239 182
102 240 78
226 241 78
20 242 104
172 243 78
242 244 52
110 245 156
68 246 52
202 247 26
109 248 130
8 249 130
38 250 130
182 251 78
46 252 26
5 253 26
94 254 26
132 255 234
77 256 26
101 257 182
152 258 104
158 259 130
33 260 52
41 261 156
25 262 104
223 263 78
230 264 182
229 265 52
37 266 182
44 267 130
137 268 104
2 269 52
255 270 130
52 271 104
246 272 52
243 273 234
138 274 26
125 275 52
55 276 78
154 277 130
215 278 52
37 279 78
19 280 156
249 281 26
194 282 26
275 283 52
251 284 104
202 285 78
23 286 104
157 287 156
137 288 104
283 289 182
52 290 26
17 291 104
60 292 26
67 293 26
93 294 78
28 295 104
221 296 52
54 297 130
250 298 234
234 299 26
226 300 130
227 301 78
22 302 78
251 303 104
76 304 130
158 305 104
211 306 78
269 307 78
279 308 52
92 309 52
46 310 130
214 311 78
153 312 182
55 313 52
296 314 26
122 315 52
132 316 182
216 317 208
208 318 182
259 319 130
187 320 26
87 321 156
79 322 156
305 323 26
322 324 52
186 325 26
20 326 104
203 327 26
58 328 52
61 329 156
251 330 130
164 331 78
20 332 78
130 333 78
279 334 104
178 335 130
277 336 52
243 337 78
94 338 156
284 339 78
186 340 130
153 341 52
278 342 130
142 343 26
201 344 52
82 345 182
263 346 26
317 347 26
59 348 208
217 349 208
245 350 182
33 351 78
334 352 52
56 353 104
13 354 78
311 355 26
28 356 182
207 357 130
190 358 52
343 359 104
13 360 104
290 361 182
361 362 78
177 363 26
343 364 104
122 365 52
201 366 156
250 367 234
182 368 26
299 369 26
217 370 104
346 371 52
350 372 130
368 373 52
17 374 26
200 375 26
263 376 208
349 377 182
31 378 26
281 379 26
326 380 52
275 381 26
173 382 52
156 383 104
88 384 234
165 385 78
341 386 52
80 387 104
278 388 104
211 389 78
239 390 104
20 391 156
86 392 78
203 393 52
154 394 234
301 395 52
368 396 156
22 397 78
307 398 26
155 399 130
277 400 104
169 401 26
243 402 26
313 403 182
144 404 26
336 405 26
303 406 130
305 407 52
102 408 52
217 409 156
317 410 156
113 411 52
299 412 26
43 413 26
102 414 104
105 415 104
356 416 182
191 417 78
39 418 26
163 419 130
298 420 78
291 421 78
271 422 52
227 423 78
93 424 182
95 425 78
156 426 104
281 427 26
114 428 26
290 429 26
27 430 156
91 431 208
71 432 208
349 433 26
406 434 26
10 435 26
194 436 78
285 437 26
117 438 52
262 439 130
299 440 78
94 441 182
70 442 156
186 443 156
189 444 78
422 445 182
406 446 26
93 447 182
249 448 78
90 449 104
306 450 26
277 451 104
229 452 104
121 453 208
223 454 78
405 455 52
271 456 26
70 457 104
412 458 78
422 459 78
195 460 52
121 461 104
90 462 104
156 463 208
3 464 104
325 465 104
87 466 78
53 467 52
137 468 26
97 469 104
344 470 208
41 471 156
321 472 78
34 473 208
151 474 104
336 475 26
139 476 26
106 477 130
110 478 52
62 479 26
343 480 104
441 481 52
202 482 78
15 483 104
21 484 52
172 485 78
104 486 26
217 487 208
421 488 104
36 489 78
176 490 78
123 491 26
363 492 52
478 493 234
76 494 26
261 495 130
276 496 156
96 497 26
119 498 52
175 499 52
437 500 26
10 501 78
109 502 26
155 503 26
231 504 104
169 505 26
487 506 234
469 507 26
355 508 26
96 509 52
412 510 26
441 511 104
313 512 208
421 513 26
317 514 130
51 515 52
286 516 156
242 517 78
435 518 208
347 519 52
300 520 208
387 521 182
210 522 78
127 523 26
359 524 182
72 525 182
423 526 130
248 527 208
167 528 130
490 529 78
511 530 78
479 531 52
168 532 78
284 533 26
141 534 156
171 535 78
260 536 130
129 537 26
82 538 130
297 539 156
361 540 104
526 541 156
532 542 26
273 543 78
513 544 26
66 545 104
162 546 104
97 281 78
7 331 26
199 387 26
312 376 156
46 361 104
149 386 130
127 227 26
19 323 78
399 454 52
67 429 208
215 479 78
246 363 26
131 172 26
356 441 26
287 320 52
341 468 78
387 409 26
174 231 26
143 260 26
178 383 26
202 226 78
93 220 234
163 219 130
353 519 26
139 405 52
247 449 26
323 440 26
145 410 78
373 398 104
137 263 130
177 407 26
4 85 78
118 522 104
94 184 182
304 510 104
117 449 52
26 109 78
12 280 104
193 524 182
476 489 52
256 328 130
467 526 156
407 462 78
102 231 156
189 364 78
52 301 78
23 334 156
88 329 156
69 211 52
148 162 130
350 385 156
274 524 26
291 307 52
69 322 26
48 342 78
312 342 52
82 333 78
358 474 52
32 42 52
205 303 26
348 538 156
65 139 78
189 425 104
55 339 26
418 456 26
54 467 78
25 535 26
248 268 182
156 523 52
239 406 78
53 99 78
340 480 104
451 538 52
181 199 52
71 278 104
14 439 78
173 446 78
307 412 130
232 488 52
306 503 156
28 83 26
31 157 104
450 459 52
137 147 78
268 466 104
327 443 78
225 401 52
77 487 208
266 505 234
267 402 26
255 397 26
147 332 130
219 318 208
217 507 130
382 532 52
334 387 26
139 505 130
8 119 130
13 15 130
251 345 130
220 231 234
38 512 130
239 533 182
47 404 26
165 261 104
110 425 26
341 542 52
232 509 156
62 435 26
72 230 182
154 517 208
60 68 26
10 517 156
56 220 130
127 143 52
38 482 26
202 514 26
173 379 26
46 147 104
106 154 234
222 371 52
37 158 130
343 483 26
48 288 156
234 432 156
361 511 156
176 363 104
56 514 26
519 539 182
387 509 26
186 249 130
43 255 156
245 537 104
257 291 156
127 476 26
517 523 26
159 353 104
272 455 78
35 197 78
347 371 104
154 332 156
359 483 130
472 478 104
162 375 52
332 400 78
92 520 26
59 289 208
4 416 104
218 258 52
104 230 26
94 442 78
116 541 52
109 428 156
184 544 78
325 366 182
370 452 78
10 183 156
253 528 78
54 196 104
268 503 26
301 487 104
155 253 78
361 538 52
363 495 26
268 420 52
117 388 130
362 412 52
117 417 52
24 311 182
214 276 156
200 358 26
71 410 182
64 540 104
149 316 52
279 464 78
48 191 52
300 510 104
384 385 182
230 316 130
102 245 130
175 223 52
399 540 104
168 169 208
159 372 26
134 542 26
48 472 52
190 403 130
8 338 78
245 396 208
48 273 78
94 465 104
94 341 52
177 456 26
293 525 156
51 56 78
288 364 208
238 460 182
312 493 52
2 418 26
374 406 78
308 509 52
333 439 52
370 513 26
281 364 130
301 489 78
373 480 104
11 204 104
235 440 26
227 416 156
280 490 26
467 530 78
82 305 104
21 187 156
3 151 26
38 132 130
246 471 130
180 189 130
105 137 52
437 509 78
70 178 78
155 354 26
253 527 156
29 342 130
139 418 26
34 350 182
352 384 52
133 336 26
290 353 26
250 302 52
74 171 78
48 300 78
147 302 26
272 501 104
21 166 78
243 468 130
45 68 26
389 526 52
342 416 208
372 491 52
497 518 208
252 346 52
212 350 156
103 242 52
74 192 130
35 526 52
64 177 156
155 477 52
153 510 130
333 336 52
331 457 52
447 495 26
33 465 26
62 211 52
39 400 78
209 322 104
217 504 78
183 304 182
3 124 26
96 364 156
164 252 156
70 182 52
326 506 104
201 429 156
93 280 182
230 528 104
178 184 26
185 412 26
220 337 78
38 401 52
12 376 130
136 371 156
5 39 52
425 503 156
12 40 26
23 52 130
75 482 78
80 258 52
157 421 104
39 284 52
135 531 78
64 142 156
258 374 26
1 308 208
19 230 156
27 288 208
238 280 52
147 327 130
521 533 26
12 91 130
243 444 52
276 293 26
69 244 130
174 535 26
76 379 104
335 468 104
159 415 26
29 329 26
109 417 26
186 294 78
100 489 130
302 345 182
194 512 208
336 407 26
229 285 26
34 297 182
223 444 104
348 503 156
237 355 182
226 293 104
67 73 78
53 154 26
215 489 26
471 499 52
75 446 26
257 270 78
226 342 130
201 442 104
250 255 234
111 168 104
330 538 52
177 259 104
204 538 156
353 505 208
168 449 182
502 536 182
96 288 52
229 493 156
144 367 208
179 322 104
383 528 26
114 307 208
72 286 182
191 311 104
323 437 52
98 298 130
104 319 26
311 438 78
263 475 130
45 496 78
385 541 104
84 342 104
23 399 130
35 500 130
124 504 26
50 165 52
193 322 78
32 473 234
352 514 104
254 475 78
436 541 52
332 334 156
92 386 104
119 267 52
31 524 78
146 237 208
164 460 182
323 471 78
300 498 182
151 415 104
103 158 26
245 469 104
309 327 104
152 403 156
168 363 52
494 521 78
182 293 26
121 223 156
35 302 130
172 179 104
162 480 104
131 515 52
343 355 78
448 500 26
353 389 156
171 447 52
29 428 104
246 468 52
7 527 130
255 472 130
32 387 208
48 295 26
212 395 26
28 51 26
246 361 156
2 208 78
22 413 26
382 536 26
317 394 208
111 206 130
3 71 78
31 492 104
438 499 78
94 134 78
282 473 234
217 413 104
78 92 26
54 484 26
71 105 52
159 247 26
17 191 26
47 363 26
377 394 52
20 46 104
100 438 26
1 254 234
43 544 26
399 410 156
257 444 26
323 500 78
49 434 78
263 279 130
105 458 130
246 398 130
357 466 52
210 546 156
313 341 156
346 546 208
87 235 156
185 259 104
182 223 26
206 226 130
71 298 234
8 340 130
117 264 104
99 160 104
147 212 156
220 467 78
186 234 182
153 163 130
123 522 104
178 203 26
130 271 78
244 352 130
361 363 182
38 303 130
216 386 130
253 482 26
241 420 26
266 531 26
231 441 52
255 443 156
398 525 156
37 145 78
212 355 156
193 397 208
153 324 130
184 228 130
160 214 130
130 538 130
125 208 78
352 387 26
425 491 182
151 335 26
48 213 130
33 52 52
451 494 104
142 291 104
229 506 156
193 399 26
300 482 130
37 370 78
375 481 26
138 475 78
83 178 104
38 154 130
101 323 78
235 471 26
40 143 26
17 64 156
174 506 26
104 295 52
216 375 78
11 103 52
32 249 130
390 449 26
31 479 26
153 375 156
319 434 104
59 308 182
360 497 26
219 534 234
199 360 52
61 537 130
35 117 52
147 328 78
16 316 78
173 263 156
135 173 26
234 495 26
77 148 26
297 431 208
4 373 26
207 434 130
273 357 78
8 296 208
2 40 26
329 372 78
498 545 182
261 378 130
219 501 130
13 383 26
91 149 208
97 158 52
431 448 208
36 425 78
375 500 104
249 333 26
126 158 78
366 389 156
28 286 26
152 448 156
186 341 182
71 103 78
282 449 52
128 496 130
141 148 156
102 145 26
149 285 130
12 400 78
4 412 26
104 203 104
102 426 52
19 105 156
164 186 234
19 115 26
137 489 78
201 218 156
3 447 26
28 70 208
481 495 52
135 361 130
290 335 26
426 452 52
1 431 26
208 340 78
123 225 52
309 520 26
355 424 26
169 360 208
129 257 104
269 339 26
10 106 182
201 427 78
250 542 104
57 63 130
140 458 52
127 370 52
208 488 182
112 545 52
114 388 26
118 193 182
150 544 104
320 345 130
51 59 182
3 169 130
355 413 78
57 508 26
330 528 78
45 492 156
234 358 52
186 270 130
42 531 156
237 431 26
167 280 26
29 55 52
124 388 104
91 524 156
1 262 208
59 85 182
190 397 52
99 385 78
50 148 182
407 467 26
130 231 182
22 254 104
98 395 52
285 420 52
51 337 26
6 245 26
211 428 104
10 38 78
339 370 26
318 433 182
303 374 52
43 137 26
379 380 130
188 277 104
383 433 104
432 511 130
203 208 156
433 524 156
206 474 78
32 372 78
21 137 130
173 316 104
184 430 130
291 446 26
306 333 104
127 445 156
139 474 52
281 465 26
42 364 26
249 406 26
40 147 104
247 536 156
266 482 104
293 355 182
177 178 78
106 257 208
248 418 104
39 266 156
96 275 104
141 249 26
96 390 104
88 319 182
32 542 130
44 329 104
260 490 52
251 489 78
86 538 104
339 479 52
147 268 182
46 319 78
318 391 130
84 509 130
305 340 52
12 522 78
265 468 104
57 404 26
173 453 130
51 222 156
102 350 52
138 471 26
317 427 78
465 533 130
295 475 26
79 514 78
32 40 104
279 352 52
2 302 52
439 495 104
231 268 26
227 324 52
288 510 130
44 140 52
273 329 156
344 404 182
182 531 156
252 309 104
18 409 26
82 153 52
205 528 130
9 300 156
113 220 156
280 317 26
249 344 130
25 419 156
96 342 182
94 297 26
175 333 26
176 506 78
39 488 52
285 439 78
222 408 78
169 498 156
353 546 26
85 364 156
114 341 26
74 102 104
217 224 104
59 254 208
187 344 156
259 398 26
467 484 104
33 105 26
156 242 104
118 229 104
10 97 52
280 375 104
161 515 52
283 422 26
203 404 130
176 208 130
18 43 52
29 110 52
311 369 52
7 181 104
265 356 182
7 528 52
153 299 78
158 348 26
250 526 234
211 425 78
113 504 26
49 143 130
374 449 130
27 381 78
270 430 52
27 198 182
248 279 78
249 253 26
249 436 26
91 139 78
81 239 182
459 540 26
150 351 52
381 529 130
362 470 130
37 298 52
232 297 130
22 185 52
128 513 78
245 492 208
21 326 104
249 258 26
136 205 26
126 354 52
44 387 156
223 520 130
102 295 52
74 515 78
440 448 130
217 238 208
21 141 156
413 541 26
445 484 182
417 497 156
12 437 78
174 468 78
177 182 104
66 300 104
102 228 26
40 49 104
157 375 52
212 352 130
95 220 104
440 505 78
30 391 26
373 394 130
120 456 26
273 466 130
235 469 78
41 545 182
7 101 104
151 180 52
165 199 52
197 282 130
82 541 26
93 385 52
386 483 26
147 524 156
72 144 208
19 266 208
25 249 52
221 458 104
51 128 156
141 515 26
47 244 156
149 199 182
64 185 156
113 115 26
41 332 104
334 528 156
14 464 78
409 427 52
115 310 182
130 370 52
80 527 104
104 207 52
138 543 26
196 435 26
74 125 78
86 288 78
44 279 78
288 394 234
283 344 26
184 338 26
190 373 52
107 156 208
419 490 78
221 282 156
29 172 26
115 327 26
268 473 208
357 532 78
165 255 130
9 357 78
91 275 130
12 265 130
259 364 26
457 505 104
354 395 26
322 530 78
113 140 78
344 389 52
246 359 78
23 450 104
15 195 104
42 308 130
201 514 26
488 538 26
451 500 182
225 432 78
84 392 130
114 411 78
90 497 52
345 410 52
370 492 104
163 187 52
141 352 26
108 543 104
75 430 130
45 134 78
81 132 234
46 51 78
4 460 52
360 454 78
192 435 26
163 349 130
154 198 26
144 268 182
348 540 104
154 422 182
274 289 130
33 314 26
190 302 104
62 373 52
22 449 52
236 474 26
402 486 78
154 523 182
70 295 104
254 419 26
271 444 78
77 170 208
103 220 78
368 398 52
1 43 182
85 188 26
184 496 104
74 239 130
40 115 52
257 535 156
180 387 26
76 306 130
408 508 130
312 480 26
105 214 26
57 214 52
251 308 52
383 423 26
149 484 52
194 243 208
224 335 78
165 178 52
197 377 78
67 379 182
49 386 130
368 427 52
75 146 182
73 75 26
254 476 104
342 385 52
232 454 78
143 245 104
205 447 26
58 185 26
33 67 156
498 538 130
143 394 130
40 285 26
283 489 26
56 223 26
366 393 208
181 499 156
203 349 182
105 202 130
28 499 130
167 501 104
71 244 182
86 117 52
3 512 78
342 388 234
62 295 78
212 378 104
372 507 78
254 484 156
40 101 78
56 218 104
254 407 78
159 496 52
164 327 156
59 465 130
268 273 26
8 441 52
354 384 182
438 502 104
62 495 26
42 498 130
282 294 78
206 419 234
225 338 26
492 493 234
56 337 52
272 388 26
257 526 208
229 519 78
369 443 26
399 451 208
475 510 26
18 234 26
5 365 26
6 479 104
203 515 78
313 404 156
104 163 52
221 320 26
141 210 78
116 402 104
78 233 156
290 486 52
433 447 26
314 359 52
135 545 130
307 336 156
316 381 52
139 404 52
177 268 130
122 125 26
1 528 104
93 360 234
93 380 52
533 537 130
167 308 26
208 491 182
109 505 78
232 244 26
73 264 78
50 89 182
282 458 52
161 394 182
24 271 52
110 436 78
71 477 104
225 450 78
40 58 78
19 269 52
12 341 104
363 367 182
222 274 52
4 76 26
223 406 26
4 349 130
163 544 26
341 390 104
139 494 26
262 297 26
196 296 26
89 113 78
125 180 104
329 528 78
220 297 26
395 492 156
459 543 52
222 296 182
150 455 104
217 545 26
375 509 156
38 305 26
125 422 78
123 327 26
102 371 78
215 426 26
184 386 78
69 532 26
292 305 26
194 411 104
282 296 208
42 416 156
267 304 26
314 377 130
52 93 208
49 278 130
164 368 156
358 534 130
4 152 52
122 543 78
339 500 78
125 293 104
263 509 234
70 375 78
373 523 78
49 446 78
214 285 26
186 425 208
171 539 78
66 93 104
113 268 52
160 441 26
419 474 156
99 543 52
196 377 130
286 328 52
45 191 52
387 484 156
26 308 26
132 466 104
488 541 130
380 443 104
273 413 130
295 403 104
219 374 52
90 92 78
429 482 78
384 484 182
332 539 26
108 315 78
288 425 26
134 544 26
11 286 78
360 545 234
175 298 130
298 468 104
6 166 26
183 351 52
199 397 156
333 447 78
128 140 26
315 437 52
109 220 156
173 309 26
35 360 182
77 507 130
198 285 78
77 419 208
210 295 26
168 318 208
110 499 104
177 364 130
142 397 130
110 123 130
168 415 156
52 287 26
16 388 104
431 447 182
318 415 52
316 505 52
249 468 26
359 497 26
280 436 78
48 310 156
360 489 182
349 401 182
204 404 26
18 194 182
214 284 130
171 398 104
95 295 26
455 484 78
127 470 130
474 518 78
88 119 130
408 517 78
214 528 78
331 389 104
139 448 78
395 444 104
415 444 104
114 472 78
406 524 52
177 539 104
305 311 156
307 497 208
172 356 130
79 309 182
96 116 78
88 433 208
297 428 26
38 526 104
264 413 130
89 236 104
164 291 182
433 485 130
89 257 208
131 321 130
319 437 26
19 483 78
197 245 104
165 415 52
233 419 182
253 292 104
13 85 52
161 458 130
186 326 104
143 193 104
209 298 52
365 379 78
39 431 78
243 324 130
151 451 182
64 428 234
435 479 52
1 363 208
246 353 52
60 388 156
391 513 52
62 540 78
373 528 52
92 194 208
53 368 130
14 335 78
514 521 52
53 81 208
116 218 104
19 366 182
333 409 78
246 433 52
29 87 78
350 410 156
88 405 182
187 294 78
500 534 182
189 458 52
238 372 156
56 74 52
401 493 52
431 455 130
54 272 130
313 533 26
368 401 26
2 250 104
20 234 182
17 493 156
196 456 52
159 173 52
366 437 52
361 525 182
133 464 78
156 480 26
41 94 52
50 442 26
130 419 52
396 450 52
205 544 78
55 430 104
257 443 52
115 193 182
261 498 156
397 441 26
28 277 104
53 535 156
383 417 52
383 400 104
122 494 52
26 381 52
245 277 78
249 473 104
271 445 130
197 430 52
57 131 26
267 542 52
386 541 26
442 494 52
92 160 208
105 275 104
167 325 182
294 322 78
143 325 104
358 536 104
22 287 78
310 352 52
14 190 52
180 202 182
153 159 130
111 523 78
40 86 52
185 212 104
93 118 52
148 378 156
479 530 78
53 354 156
388 451 234
326 344 104
360 376 26
15 371 78
65 295 104
399 457 104
374 375 104
140 167 208
115 492 182
179 448 156
391 538 104
188 438 52
286 413 52
135 327 52
98 522 26
86 360 78
96 218 26
206 357 78
22 528 26
507 543 78
330 430 182
142 528 78
395 406 26
150 531 182
197 509 104
190 491 52
223 498 104
30 334 52
13 34 104
155 524 26
501 511 52
118 294 26
33 319 26
82 148 182
30 294 104
246 485 78
97 187 78
27 212 26
384 521 208
28 177 52
210 424 104
168 251 104
272 336 52
276 469 130
65 230 26
214 538 104
9 29 26
5 495 26
47 446 130
76 152 26
96 155 104
170 458 182
239 442 26
360 506 234
83 115 130
46 424 78
254 489 156
203 253 104
179 516 26
259 261 26
200 290 78
167 264 208
128 176 52
65 494 104
40 415 26
122 308 26
382 417 156
46 537 26
212 409 130
463 464 156
343 356 104
182 530 26
136 197 104
91 437 52
42 210 26
19 131 156
267 443 26
304 453 182
142 310 78
233 260 52
267 270 52
31 394 130
31 430 52
169 412 104
86 504 52
364 482 104
375 498 104
178 465 52
14 196 52
83 272 26
142 416 52
195 294 26
243 545 234
99 254 78
200 502 52
286 541 26
252 270 52
18 342 208
44 153 182
7 500 52
338 438 78
178 312 26
420 466 52
161 422 130
193 545 234
10 223 104
285 329 26
103 354 104
130 307 182
96 303 52
244 445 182
118 287 130
342 473 234
111 284 104
114 496 52
63 532 78
274 506 78
155 289 130
414 511 104
299 458 104
229 431 156
64 415 78
1 78 234
74 319 130
250 406 130
27 437 130
303 411 104
36 178 52
373 504 26
37 510 52
109 472 52
101 192 156
27 142 130
186 316 52
210 267 104
378 470 52
94 237 208
268 303 208
267 505 182
104 482 26
37 315 52
291 468 52
297 518 208
395 412 52
30 92 52
10 518 182
157 363 156
6 419 182
41 297 26
23 301 52
149 258 156
28 112 156
101 478 208
395 489 26
22 79 104
77 369 156
113 546 156
8 391 156
100 325 156
220 424 52
286 326 78
115 176 26
54 538 26
88 205 208
465 481 26
184 223 26
33 518 156
234 283 156
98 503 78
298 315 104
89 446 78
43 58 26
123 284 26
249 259 78
334 383 130
134 162 26
61 488 26
406 528 26
45 267 104
286 313 156
534 538 52
192 271 78
125 192 52
135 185 26
99 169 104
277 528 26
402 482 78
259 325 26
139 446 52
132 424 52
421 451 130
198 486 78
399 535 156
135 541 26
217 300 26
71 426 130
337 516 130
4 193 130
19 511 130
279 369 52
47 200 104
391 506 156
103 524 104
129 544 26
30 61 182
185 325 130
338 521 52
172 520 52
261 514 52
438 476 52
40 538 52
360 447 52
203 537 78
490 501 52
117 478 130
355 449 156
155 270 52
189 272 104
103 257 52
166 428 156
107 336 52
177 446 78
440 511 78
44 144 156
381 397 78
46 454 52
146 342 234
163 297 104
83 334 52
45 106 78
321 512 182
301 430 52
270 442 26
28 400 208
140 293 26
347 497 26
136 234 52
28 437 52
181 187 78
520 546 26
347 495 26
313 459 104
138 286 130
44 310 182
80 204 104
15 92 234
240 386 52
317 324 104
90 433 52
364 422 26
12 174 52
476 484 52
5 68 26
293 310 208
175 307 130
37 491 26
88 482 130
59 285 130
78 261 182
324 492 130
112 132 182
11 469 26
303 335 26
72 118 52
102 446 78
320 360 104
34 541 130
36 525 52
289 501 104
234 378 26
91 214 52
207 249 78
34 485 52
323 518 104
290 422 130
9 417 104
327 402 130
87 473 26
130 181 52
142 272 52
338 408 26
420 531 130
23 156 78
269 532 78
60 151 104
299 462 104
24 463 156
190 255 78
33 395 78
323 372 26
216 536 234
174 331 130
262 509 52
191 360 104
179 413 78
36 497 78
87 458 156
98 354 78
19 299 130
207 415 130
247 348 130
35 204 156
399 486 78
140 335 208
317 325 182
370 490 26
24 482 78
241 374 130
464 518 52
338 398 52
284 463 182
369 479 26
308 332 104
67 248 208
114 269 130
92 206 234
131 511 26
116 355 104
178 366 130
117 546 130
12 517 52
116 340 26
151 396 52
329 353 52
359 490 78
94 267 52
277 422 52
237 486 104
387 457 104
179 416 156
434 462 26
509 513 130
166 479 78
384 472 104
13 460 78
113 426 26
42 261 26
226 367 130
88 166 78
24 443 104
45 284 52
360 400 234
406 486 26
34 371 52
238 518 234
34 257 182
48 150 52
95 241 78
369 537 52
47 169 182
13 91 78
96 512 52
438 500 26
381 425 104
291 373 78
22 325 78
54 233 26
116 306 104
258 463 52
23 318 52
144 362 130
425 522 52
210 513 26
32 429 208
122 168 78
45 397 52
188 467 52
355 385 156
116 376 104
142 205 52
218 413 78
246 307 156
366 458 156
409 448 26
504 545 104
150 350 182
5 508 104
196 427 52
77 524 26
257 331 52
324 385 52
186 192 182
105 269 104
412 481 26
36 526 130
59 154 234
482 523 78
42 421 78
445 488 208
280 345 182
283 407 104
389 395 26
119 369 52
344 372 78
232 510 26
233 442 104
215 546 156
17 346 130
140 233 52
400 492 234
96 382 26
58 227 130
400 497 208
187 482 26
83 412 52
169 406 78
226 375 52
243 489 182
396 467 78
394 410 52
157 414 26
135 507 26
392 403 26
167 190 130
388 483 130
20 101 26
341 458 130
286 327 104
20 285 130
178 460 26
198 229 52
99 222 104
483 485 26
34 216 26
433 491 182
215 443 78
39 333 26
223 380 26
137 289 78
64 334 234
41 54 104
112 161 130
270 339 26
10 165 52
39 428 156
231 294 78
62 84 78
362 479 78
296 528 130
117 366 104
14 239 52
223 241 26
144 325 182
48 353 130
529 538 182
108 298 182
278 450 52
88 457 104
77 181 208
86 262 26
343 387 78
291 303 182
107 152 156
93 285 130
106 241 52
28 513 104
345 472 130
106 203 52
57 85 26
280 510 78
136 228 52
49 66 104
366 439 156
267 495 26
74 545 52
254 459 78
129 536 130
347 464 130
263 395 78
309 533 182
100 300 182
490 538 104
77 141 130
121 381 130
218 225 104
26 189 52
262 513 78
362 445 156
191 323 26
233 274 26
225 253 52
201 279 78
225 296 104
133 545 130
79 356 26
186 305 78
114 222 182
110 250 52
73 339 26
244 434 26
15 229 156
215 515 52
25 544 52
195 387 104
96 311 52
324 338 26
202 499 26
115 420 26
187 306 52
82 350 26
19 402 182
1 544 156
224 303 104
98 266 104
214 343 26
376 503 156
131 185 26
87 424 26
3 320 26
32 122 156
45 257 130
55 452 26
199 307 182
94 302 52
289 434 130
269 270 52
269 273 78
60 538 26
191 387 78
96 449 130
261 331 130
108 249 52
38 370 26
196 361 182
318 458 26
62 385 130
200 335 104
462 545 52
71 222 208
54 470 130
216 376 208
35 297 156
186 297 208
62 107 26
68 474 26
127 238 156
76 447 104
171 336 26
233 544 78
90 140 156
65 408 104
171 503 78
105 163 78
160 305 52
491 535 26
250 330 234
20 200 104
45 145 52
390 402 130
259 287 130
96 481 78
52 333 104
417 507 104
195 280 78
283 475 104
289 351 130
45 163 26
180 493 234
192 385 130
246 384 78
282 446 78
403 404 26
69 488 156
237 505 26
97 140 234
46 230 78
159 451 104
65 67 208
254 527 208
75 338 26
121 397 208
295 313 78
188 449 156
110 274 104
173 433 52
183 309 156
284 357 52
74 365 52
4 372 26
225 331 52
68 497 104
295 496 52
34 454 130
222 367 26
119 371 52
133 369 52
249 543 52
123 521 26
251 378 26
115 308 130
341 513 78
70 462 52
40 409 78
155 279 52
131 535 130
218 388 26
19 412 104
361 426 104
176 510 26
209 260 52
38 212 52
253 366 52
277 403 104
263 459 130
168 277 130
453 475 104
100 515 52
58 112 130
507 515 26
81 308 182
178 433 130
85 517 156
210 263 78
128 458 26
439 501 52
247 473 156
297 336 52
138 519 182
98 123 78
124 274 52
255 310 234
386 388 104
346 377 26
79 396 234
231 432 26
164 454 78
168 427 104
303 514 156
301 367 130
253 446 78
113 295 26
32 68 104
36 447 52
454 514 78
9 540 52
73 147 130
479 483 52
26 501 52
396 504 130
348 504 104
185 512 78
245 509 208
68 181 130
210 526 78
450 504 78
324 429 104
176 267 104
157 352 156
244 492 182
134 403 52
223 399 130
54 131 104
95 365 26
57 369 26
104 148 156
55 337 78
275 364 52
6 223 26
111 317 78
41 71 52
47 532 52
300 352 182
114 375 130
225 359 130
66 314 78
360 484 182
49 442 156
133 362 52
33 101 130
255 424 182
52 151 26
120 424 26
361 502 52
260 505 104
81 479 156
211 507 26
250 544 104
219 361 234
30 494 78
240 250 156
109 164 156
351 387 130
225 495 52
196 481 78
221 351 78
78 530 130
248 401 156
124 299 26
414 510 52
511 535 104
302 496 26
334 394 234
349 532 78
229 362 78
182 315 52
57 271 104
195 397 78
14 193 104
480 508 208
253 325 130
28 139 78
39 237 52
282 359 234
192 263 182
33 267 26
106 306 208
52 380 156
294 508 156
231 481 104
318 407 104
1 159 130
289 505 208
84 400 104
329 406 52
82 147 26
229 377 104
70 517 26
231 257 208
346 519 208
158 219 52
331 392 78
41 543 104
19 400 26
348 537 78
277 384 130
68 232 26
85 389 130
45 373 52
143 316 78
390 476 26
445 497 26
36 545 130
486 494 26
99 121 104
147 539 156
63 455 52
281 295 52
133 213 78
58 70 182
4 263 104
242 351 26
20 473 234
68 340 26
394 439 52
443 516 130
105 531 26
225 348 104
108 480 156
112 398 26
180 356 208
18 268 182
92 410 182
455 532 26
223 239 104
175 463 78
517 539 26
249 481 26
336 435 52
125 200 26
314 523 130
35 391 104
70 192 182
148 336 156
290 527 182
77 259 26
194 221 130
268 399 182
40 103 52
147 364 182
263 438 156
291 323 52
113 326 26
329 510 52
74 479 104
435 475 78
142 165 26
111 463 78
471 532 130
144 432 182
330 544 130
66 203 52
45 121 156
35 355 156
202 540 52
68 299 52
54 260 26
498 532 26
88 240 78
220 342 234
261 544 104
89 373 130
449 461 78
147 480 182
127 139 52
372 505 78
280 403 26
411 503 78
85 359 52
144 465 78
47 260 104
153 499 156
74 361 52
163 257 104
70 529 234
383 523 52
9 188 52
413 418 26
119 243 104
28 62 26
405 471 156
66 433 104
60 157 52
292 494 52
301 403 78
132 338 156
95 195 26
234 476 78
222 337 130
113 201 26
26 406 52
91 285 78
188 283 182
40 347 78
83 132 52
301 509 104
55 286 104
354 485 26
298 523 52
358 440 52
136 353 26
107 294 130
50 481 78
6 26 104
147 250 26
138 323 52
139 327 52
344 483 104
270 350 78
4 294 26
100 264 182
45 266 156
92 135 104
53 389 156
344 402 208
22 422 52
41 416 26
216 452 52
389 492 182
58 520 26
106 514 78
479 527 156
213 264 208
282 472 130
336 354 104
33 70 156
341 520 26
269 355 130
93 244 52
8 424 182
225 355 104
400 489 52
101 155 52
223 251 52
332 425 130
30 473 52
122 530 78
236 412 26
132 297 26
84 536 130
215 397 52
66 465 26
23 385 26
136 274 156
192 329 26
514 525 104
8 228 182
97 316 182
39 493 78
34 367 26
214 420 78
122 417 104
208 444 26
403 417 156
84 359 130
197 339 26
114 186 208
154 204 26
215 298 78
292 379 130
102 523 104
203 305 26
274 342 78
304 484 156
393 511 156
127 306 130
320 524 78
263 287 182
39 425 130
97 452 182
33 498 26
134 248 52
280 384 52
426 482 26
47 148 208
115 391 104
15 159 104
119 257 78
24 126 52
117 450 78
64 475 130
300 340 130
204 238 26
207 294 130
1 495 182
90 440 78
129 258 52
189 322 52
158 467 26
232 261 52
302 438 26
478 485 156
315 474 26
218 512 26
432 533 26
195 535 52
214 260 52
92 161 52
127 325 52
45 302 104
215 243 156
333 424 78
83 222 156
206 355 208
35 325 26
33 78 52
37 463 156
123 146 182
362 427 52
186 471 26
231 253 156
316 394 52
271 477 26
155 430 104
125 431 130
395 520 130
322 515 26
42 94 182
140 473 234
32 406 104
49 251 130
147 237 182
276 416 208
324 375 26
184 522 104
36 212 78
17 61 156
184 509 182
150 193 208
251 399 78
30 218 26
227 251 78
68 266 130
70 391 156
37 249 78
194 420 52
105 245 156
223 377 26
299 429 52
277 416 104
310 361 234
223 292 26
217 343 104
32 202 52
372 414 26
126 517 78
88 199 182
58 464 130
266 300 234
78 171 78
347 529 52
76 139 52
71 385 182
113 229 78
44 208 156
89 509 234
161 217 156
216 439 52
122 126 52
158 544 52
22 62 78
84 434 26
265 488 182
107 532 52
160 525 156
244 487 182
38 227 52
1 486 156
32 162 130
65 394 208
394 405 182
403 408 104
79 102 156
85 516 156
56 475 26
264 343 130
361 447 182
23 148 78
89 248 208
286 439 130
115 330 52
139 233 78
93 479 156
298 501 104
1 462 78
146 382 26
131 514 104
65 108 26
274 385 26
52 239 26
384 520 26
182 418 52
316 370 78
14 269 52
314 505 182
198 529 26
49 453 26
137 403 78
223 277 26
287 376 26
22 103 52
285 479 26
344 357 78
335 441 156
52 214 52
68 366 104
44 499 26
155 512 156
409 435 26
486 546 104
345 372 78
283 497 182
166 230 104
134 510 52
481 535 52
113 132 156
63 500 104
199 495 26
310 337 78
54 179 26
258 407 26
97 456 104
48 508 156
44 436 52
190 363 104
223 369 104
390 487 156
186 267 182
27 88 26
389 390 26
467 531 52
111 245 104
491 526 26
85 249 52
441 540 52
209 471 26
283 382 182
169 461 104
172 426 52
366 516 182
18 467 52
67 272 208
170 335 26
32 218 208
317 468 104
137 178 52
416 423 78
353 537 78
362 454 78
230 257 26
9 535 104
287 377 130
94 105 52
148 392 234
144 163 104
244 372 26
154 235 182
56 444 78
345 364 26
118 188 156
286 322 26
82 479 26
86 126 52
37 82 130
248 499 130
65 102 52
121 444 52
42 253 104
123 220 182
108 257 26
98 200 26
118 165 78
338 397 52
366 533 208
69 495 26
4 113 26
252 259 26
54 82 104
6 448 156
232 291 26
251 287 52
400 490 156
368 388 156
72 399 208
87 173 52
127 340 52
94 315 130
152 275 26
224 489 78
244 432 26
14 334 104
223 336 78
464 500 130
34 65 182
465 517 104
136 289 26
258 319 26
214 478 78
323 442 52
100 542 52
257 462 156
233 294 26
263 447 182
13 307 130
99 458 78
69 542 52
135 168 104
191 429 78
256 316 52
433 501 104
71 361 234
26 462 104
176 489 26
254 364 182
131 204 26
60 297 130
224 225 26
472 483 26
195 534 104
100 127 104
112 314 130
224 391 26
141 203 104
221 376 52
438 451 156
40 43 52
542 543 52
138 293 26
202 481 52
266 270 104
96 123 130
70 454 156
379 449 130
464 517 26
13 141 26
15 460 52
360 405 52
12 462 26
378 537 26
68 94 130
240 266 156
35 256 52
360 382 26
190 507 78
341 357 104
261 381 78
173 296 52
352 395 104
50 166 104
193 285 104
47 329 52
176 396 156
179 308 130
280 326 78
240 297 130
166 201 26
92 517 208
49 426 104
184 301 78
335 495 52
99 503 78
81 187 156
453 529 208
118 264 52
87 507 52
169 220 208
317 534 208
100 470 26
192 436 78
37 486 78
193 532 78
357 449 26
94 169 208
379 402 26
57 136 26
23 471 52
120 319 26
323 374 78
57 321 156
165 248 78
36 180 104
61 430 182
86 370 26
119 428 104
30 306 26
67 235 52
352 510 78
126 410 52
20 343 130
448 491 182
116 215 26
210 397 52
438 445 78
377 476 52
152 383 52
119 310 104
117 421 26
362 539 26
210 229 78
163 460 52
430 510 78
46 227 52
47 206 208
190 422 26
15 441 52
241 334 182
72 468 104
422 467 104
3 196 26
43 534 156
46 181 130
95 240 52
106 333 104
112 348 156
310 324 130
131 263 182
120 327 78
129 335 104
325 463 182
65 412 78
253 384 78
118 147 156
1 142 182
258 408 52
14 35 78
318 501 78
86 201 104
172 472 26
292 369 130
358 446 52
267 488 156
349 530 156
200 276 104
188 406 104
191 264 130
209 391 104
197 253 26
356 463 182
249 415 52
282 381 104
162 298 130
74 145 78
6 334 182
169 430 156
38 88 104
54 235 26
90 160 130
247 383 26
6 501 52
356 468 78
303 463 26
252 367 78
220 268 208
40 98 26
281 469 26
18 71 26
163 475 26
129 367 104
114 412 78
310 404 52
75 509 182
320 417 78
354 429 156
383 497 104
32 224 130
43 425 52
288 340 104
31 521 104
9 314 26
304 326 104
58 271 78
92 330 234
265 281 52
485 491 52
22 441 52
50 149 182
166 521 52
1 529 260
180 279 104
182 269 26
62 491 156
52 190 130
337 483 52
217 337 130
201 388 182
222 359 208
487 520 26
246 440 78
404 538 130
381 463 104
215 428 156
243 502 182
58 468 78
507 523 104
171 520 78
176 312 26
240 425 130
418 488 78
197 262 52
518 544 130
420 472 52
158 342 182
309 433 26
192 224 52
396 480 208
165 517 104
19 310 208
243 412 104
24 79 52
187 206 156
345 422 52
267 491 156
336 401 104
344 473 234
98 530 52
181 435 26
295 452 52
159 520 104
257 438 52
379 485 104
22 459 26
19 146 208
318 502 26
21 244 52
7 484 78
84 491 78
6 469 78
289 377 156
142 352 26
38 428 130
17 292 104
51 276 182
150 162 104
466 534 130
152 442 104
456 534 130
146 467 78
361 402 208
49 159 104
192 419 52
144 539 156
172 398 130
129 360 130
365 428 130
150 439 26
211 335 78
226 368 52
260 370 26
123 342 52
216 303 234
133 451 130
323 444 78
246 298 156
88 180 234
18 217 182
425 462 156
116 454 52
351 509 156
255 512 234
18 236 104
99 473 104
349 389 182
158 481 78
63 538 26
133 173 26
77 483 78
128 335 182
485 505 78
161 179 130
279 309 52
120 166 78
119 271 26
131 333 78
159 470 104
24 303 182
65 459 78
192 197 52
186 246 156
125 140 130
228 460 130
14 110 52
364 501 78
138 151 130
142 492 78
80 475 26
168 196 52
432 532 130
485 497 130
223 510 26
128 394 26
324 358 26
40 319 78
30 386 52
44 360 182
113 196 104
40 531 104
57 283 182
97 159 130
205 226 78
340 403 78
2 116 26
204 324 104
42 162 78
62 72 182
234 361 182
192 539 130
249 302 52
435 523 156
109 217 52
141 503 104
197 286 52
177 526 156
411 438 26
18 300 208
273 308 182
305 472 52
93 515 130
192 510 78
141 449 104
128 177 130
84 477 26
5 344 130
177 520 52
239 310 52
31 545 130
40 229 52
50 293 156
31 103 26
364 408 78
339 340 26
49 132 234
258 539 104
210 516 52
159 256 104
190 331 78
12 179 26
132 257 26
94 421 104
97 375 156
402 528 130
276 482 130
282 288 234
70 229 156
393 479 156
257 543 130
296 409 26
170 528 156
390 428 156
454 473 78
69 141 26
482 519 104
266 443 78
224 230 52
22 198 104
157 402 182
315 331 52
45 173 78
150 175 104
16 178 52
28 32 208
370 479 26
150 233 26
285 467 26
162 242 26
189 419 130
281 521 130
318 411 104
82 422 130
254 266 26
187 190 78
229 369 26
188 267 26
120 474 78
300 532 156
403 495 52
492 542 104
303 489 182
19 79 26
110 214 26
411 431 130
46 234 78
11 42 52
307 438 156
426 427 26
94 401 182
221 519 78
215 230 104
124 269 52
146 206 234
89 280 182
219 405 52
202 353 156
148 318 26
209 266 182
211 268 104
152 351 26
37 114 156
41 236 78
174 372 52
37 329 104
337 352 26
65 216 208
82 401 130
170 394 234
61 411 130
295 395 26
408 521 78
150 209 26
82 383 78
126 282 104
23 447 104
40 141 52
91 252 130
300 528 78
351 385 26
172 326 52
216 538 52
79 117 104
257 396 26
125 288 104
60 403 130
131 277 78
70 479 156
344 538 52
58 122 26
107 452 156
98 122 26
44 395 26
311 408 130
133 468 26
213 454 52
27 499 52
97 104 78
369 412 52
26 254 52
188 234 26
208 432 182
397 494 78
120 284 130
448 510 104
128 304 182
112 183 26
262 364 156
27 170 208
8 452 52
131 489 130
428 544 104
520 539 156
26 108 26
174 486 104
168 329 78
188 536 26
4 453 78
142 209 104
161 176 104
90 130 26
161 503 130
99 445 104
164 444 52
336 397 130
97 479 78
363 377 130
319 446 104
83 270 52
69 301 52
381 434 26
203 501 52
336 464 104
146 409 52
180 300 234
388 530 156
261 503 26
23 171 52
401 477 78
54 443 78
217 438 130
442 450 26
357 468 26
121 282 234
231 346 26
116 131 78
120 359 78
99 541 26
283 418 78
119 441 78
380 445 182
100 412 52
191 383 26
318 338 52
422 509 182
210 531 130
9 545 156
183 473 208
90 321 104
41 383 78
351 449 26
215 282 78
205 466 78
317 546 26
53 191 78
39 507 78
189 464 52
13 453 104
95 335 78
106 283 26
45 436 26
391 441 104
107 267 26
359 375 156
358 452 78
152 284 26
117 400 104
196 254 26
220 527 234
275 472 52
1 89 26
48 311 156
325 350 182
466 545 130
128 484 26
110 469 52
133 388 104
155 199 104
349 426 130
174 297 182
102 166 78
111 345 130
326 442 52
22 78 104
155 376 130
154 241 182
158 429 26
139 268 104
296 454 52
63 319 104
149 521 26
266 374 52
23 350 130
31 271 26
244 509 182
3 57 52
31 57 78
94 255 234
353 529 26
294 438 78
22 127 26
29 232 52
245 368 52
38 161 78
9 81 156
437 477 26
193 194 208
110 391 26
97 245 208
336 373 26
120 157 130
74 131 130
10 382 26
50 470 26
289 509 26
70 183 26
75 411 78
64 244 52
81 346 26
163 290 78
196 476 78
40 379 78
101 260 78
328 463 78
189 502 52
157 462 26
143 335 78
153 394 234
86 508 78
179 197 78
251 496 26
123 273 52
171 463 78
446 536 156
1 32 26
103 491 130
345 542 130
25 229 78
10 259 130
69 120 26
122 518 156
46 316 52
150 538 26
71 401 182
339 503 52
293 326 78
146 522 78
533 543 78
243 366 26
225 525 78
130 438 26
204 513 104
325 335 182
262 519 52
147 345 208
328 419 104
111 414 78
345 358 130
377 436 52
23 537 52
11 294 26
392 531 26
313 515 104
12 523 26
9 407 26
315 424 78
298 430 182
413 513 26
381 482 26
272 275 130
46 401 52
268 464 26
208 368 130
2 520 78
246 402 52
447 538 130
287 300 182
41 439 130
335 496 52
110 303 52
286 406 78
142 536 78
371 459 52
64 161 182
284 434 52
14 463 78
239 426 78
329 330 156
180 485 156
100 392 52
1 511 182
114 281 52
298 395 78
17 470 52
222 255 26
355 374 26
94 213 26
306 457 104
27 89 26
18 336 52
321 399 156
197 450 52
144 365 104
157 231 26
