512 1213
1 2 252
1 3 420
2 4 420
2 5 168
5 6 504
6 7 420
2 8 84
1 9 252
7 10 84
10 11 420
8 12 168
2 13 168
2 14 504
9 15 588
1 16 168
12 17 420
2 18 504
15 19 336
9 20 420
1 21 84
11 22 504
10 23 168
22 24 420
22 25 588
7 26 84
14 27 252
12 28 84
11 29 252
2 30 84
2 31 84
15 32 756
15 33 168
20 34 588
11 35 504
34 36 420
12 37 252
28 38 504
36 39 168
31 40 84
14 41 504
40 42 672
32 43 672
43 44 84
21 45 252
29 46 336
30 47 84
3 48 252
12 49 168
12 50 336
27 51 336
41 52 168
41 53 588
48 54 168
47 55 588
40 56 336
14 57 252
51 58 336
3 59 252
23 60 588
22 61 252
50 62 420
42 63 168
3 64 168
57 65 168
3 66 84
56 67 420
50 68 420
11 69 168
28 70 168
46 71 672
1 72 252
12 73 168
51 74 84
52 75 252
21 76 252
15 77 84
11 78 336
34 79 420
34 80 588
29 81 252
70 82 672
29 83 252
79 84 336
75 85 168
11 86 168
1 87 336
35 88 504
13 89 336
45 90 168
8 91 336
71 92 252
80 93 84
57 94 252
76 95 168
38 96 504
39 97 588
27 98 168
27 99 168
85 100 168
29 101 84
42 102 672
45 103 168
96 104 84
56 105 336
94 106 504
42 107 84
31 108 588
96 109 84
66 110 336
27 111 168
29 112 84
20 113 84
34 114 756
92 115 420
100 116 504
26 117 504
88 118 168
107 119 588
89 120 336
119 121 672
19 122 168
120 123 336
8 124 84
1 125 504
97 126 504
67 127 420
125 128 84
112 129 168
50 130 504
122 131 336
117 132 504
108 133 672
12 134 84
7 135 168
93 136 168
64 137 84
46 138 336
73 139 84
55 140 84
70 141 672
35 142 252
6 143 420
39 144 504
9 145 252
103 146 336
146 147 420
130 148 252
10 149 588
109 150 168
49 151 336
131 152 336
5 153 252
121 154 84
49 155 252
48 156 252
57 157 252
136 158 336
158 159 336
145 160 420
114 161 672
122 162 252
120 163 168
70 164 84
121 165 504
49 166 336
70 167 84
152 168 588
84 169 504
164 170 168
16 171 84
144 172 168
94 173 420
99 174 168
90 175 252
161 176 168
64 177 252
143 178 84
165 179 420
58 180 420
26 181 588
11 182 420
162 183 252
97 184 84
179 185 336
158 186 336
185 187 84
120 188 252
9 189 336
73 190 84
7 191 672
168 192 588
70 193 504
80 194 504
86 195 168
100 196 168
160 197 168
157 198 168
100 199 588
7 200 84
73 201 420
156 202 252
58 203 336
47 204 588
173 205 84
41 206 504
111 207 84
78 208 84
40 209 588
48 210 252
178 211 84
36 212 168
42 213 672
45 214 84
131 215 84
58 216 420
156 217 336
205 218 168
138 219 252
114 220 252
142 221 84
216 222 504
169 223 504
213 224 252
70 225 672
62 226 336
164 227 420
197 228 168
221 229 252
210 230 84
192 231 504
49 232 168
193 233 336
178 234 168
179 235 336
158 236 84
175 237 336
13 238 84
95 239 252
102 240 84
27 241 84
104 242 504
145 243 336
149 244 168
157 245 588
238 246 336
111 247 252
229 248 588
179 249 252
236 250 420
177 251 420
27 252 252
126 253 252
146 254 504
128 255 336
201 256 252
81 257 336
97 258 504
13 259 84
186 260 588
6 261 504
115 262 672
117 263 504
221 264 84
31 265 504
254 266 252
108 267 168
5 268 84
235 269 420
24 270 168
36 271 168
199 272 588
118 273 168
24 274 252
37 275 168
112 276 84
46 277 168
271 278 588
175 279 168
272 280 504
120 281 84
241 282 252
127 283 252
165 284 84
22 285 84
272 286 336
208 287 252
197 288 168
268 289 420
203 290 84
208 291 336
242 292 420
160 293 504
112 294 252
102 295 420
126 296 252
90 297 336
92 298 84
138 299 252
292 300 252
101 301 336
115 302 252
114 303 756
200 304 168
138 305 336
126 306 84
221 307 168
72 308 420
304 309 588
99 310 588
151 311 336
115 312 252
263 313 168
147 314 168
174 315 504
153 316 504
36 317 168
50 318 84
181 319 84
215 320 168
15 321 756
190 322 420
71 323 84
129 324 84
92 325 168
13 326 84
142 327 420
198 328 84
78 329 84
106 330 588
136 331 504
260 332 168
71 333 504
16 334 252
250 335 168
228 336 168
213 337 756
174 338 420
5 339 588
277 340 504
32 341 420
216 342 252
238 343 420
93 344 504
211 345 672
213 346 420
300 347 168
77 348 336
8 349 168
220 350 252
160 351 504
303 352 168
214 353 336
245 354 252
58 355 420
114 356 84
290 357 84
340 358 252
223 359 588
145 360 168
8 361 504
157 362 588
86 363 252
334 364 84
333 365 168
265 366 168
31 367 84
246 368 84
326 369 252
61 370 252
28 371 504
231 372 504
158 373 84
265 374 336
69 375 252
310 376 588
258 377 84
38 378 252
131 379 504
268 380 504
72 381 336
200 382 672
114 383 336
176 384 504
260 385 672
279 386 168
66 387 84
334 388 420
258 389 84
66 390 252
233 391 336
331 392 84
221 393 168
276 394 84
69 395 252
20 396 336
331 397 420
244 398 84
222 399 84
390 400 252
166 401 84
108 402 420
133 403 336
7 404 84
169 405 588
12 406 168
250 407 84
331 408 420
13 409 84
217 410 84
182 411 84
137 412 588
307 413 336
277 414 84
384 415 168
35 416 672
414 417 588
412 418 336
380 419 252
325 420 420
73 421 336
62 422 168
397 423 84
159 424 84
358 425 336
196 426 168
153 427 168
320 428 84
386 429 252
106 430 84
250 431 588
37 432 84
358 433 84
331 434 252
16 435 168
167 436 336
194 437 420
113 438 168
401 439 168
396 440 168
135 441 420
109 442 84
391 443 588
216 444 252
416 445 420
43 446 336
371 447 672
89 448 84
151 449 84
295 450 336
251 451 252
66 452 252
2 453 168
180 454 588
121 455 336
334 456 420
253 457 252
301 458 504
204 459 588
277 460 504
183 461 252
429 462 84
370 463 168
384 464 336
50 465 420
103 466 168
249 467 336
250 468 504
247 469 252
107 470 588
60 471 504
200 472 504
263 473 84
57 474 84
71 475 252
201 476 168
260 477 588
464 478 168
134 479 252
15 480 336
239 481 252
326 482 168
387 483 252
272 484 84
423 485 168
380 486 420
472 487 84
62 488 420
6 489 252
103 490 84
327 491 420
364 492 504
365 493 420
467 494 336
55 495 168
180 496 672
496 497 168
270 498 168
489 499 336
317 500 84
456 501 84
412 502 420
502 503 84
194 504 420
409 505 84
147 506 168
476 507 504
83 508 504
168 509 336
20 510 84
17 511 420
304 512 588
34 259 420
81 463 168
397 432 168
188 354 420
68 427 84
178 216 168
379 503 420
220 304 336
233 436 84
138 151 84
277 350 588
353 380 84
264 469 420
183 477 84
171 425 84
51 315 168
73 490 84
208 354 336
148 459 168
55 401 420
228 476 336
11 41 420
236 328 168
125 164 336
160 507 504
162 499 84
262 279 168
111 509 84
120 180 336
141 372 588
158 306 84
165 511 252
111 300 504
106 437 336
150 266 756
169 367 588
111 156 84
66 188 336
44 437 84
198 436 84
121 179 84
155 344 336
194 476 84
21 100 588
241 421 252
13 112 84
156 472 168
191 437 252
245 374 504
284 371 252
384 439 252
315 376 336
42 484 168
9 378 84
1 103 504
301 508 504
28 475 84
130 348 84
400 431 168
156 510 168
233 242 420
18 221 420
75 237 84
338 411 252
227 241 168
176 264 84
86 159 252
125 384 336
329 487 252
161 340 588
267 334 168
138 488 420
100 140 84
198 422 168
99 385 168
55 81 672
206 237 336
182 306 252
122 389 168
184 246 672
39 267 84
70 76 420
14 212 420
222 415 84
88 114 168
20 313 420
55 441 84
184 390 588
50 256 336
240 286 168
18 271 84
66 269 252
209 258 84
119 467 672
59 476 84
452 494 168
106 257 252
101 142 84
166 186 420
27 131 168
217 316 84
10 336 336
42 51 588
95 398 588
23 208 168
20 31 504
306 493 336
342 358 168
8 465 84
35 71 588
56 423 168
147 441 336
61 331 168
105 386 336
220 444 252
49 138 252
287 338 84
60 125 168
94 462 168
352 416 588
3 377 252
39 498 84
52 465 336
231 312 168
295 414 336
44 263 588
198 430 252
35 229 84
203 394 672
273 484 84
403 429 252
183 498 84
316 382 84
291 391 336
37 397 84
75 158 84
203 259 336
30 383 336
76 256 168
101 452 84
310 482 588
10 246 588
220 333 336
219 276 420
347 407 504
261 445 336
134 251 504
23 437 504
24 271 84
39 121 84
36 296 168
166 167 504
29 495 252
128 148 336
229 466 252
310 314 168
317 397 336
229 380 588
313 397 420
166 354 252
254 446 84
147 255 336
73 393 504
223 445 252
234 336 504
152 172 336
398 434 252
392 442 588
176 300 504
319 450 420
169 275 84
219 361 168
14 52 672
227 331 168
309 453 420
6 187 168
328 505 252
83 286 336
125 301 168
16 38 84
332 458 168
282 430 168
367 393 84
157 348 168
421 469 504
57 151 168
441 511 252
272 365 252
230 350 336
91 145 168
332 376 336
154 285 588
108 112 420
132 206 672
65 279 252
4 450 504
63 339 84
164 359 84
151 512 504
107 297 168
69 126 84
28 78 252
40 253 252
149 287 336
105 479 84
248 315 336
104 139 84
58 165 252
247 259 84
231 323 672
41 68 168
173 490 252
251 449 336
87 295 168
249 285 336
161 400 336
100 322 336
178 360 84
165 410 588
12 34 420
25 365 336
108 491 336
413 470 756
150 460 84
100 492 168
22 253 168
308 362 168
248 432 168
14 241 168
21 334 336
354 427 84
161 507 420
144 224 168
39 177 168
26 323 756
113 168 504
288 325 588
242 475 336
396 457 252
96 337 252
114 381 252
16 367 84
69 115 420
128 160 336
72 456 588
27 234 420
192 350 168
275 508 420
197 508 84
122 134 84
227 272 252
300 420 588
282 473 168
94 285 672
287 422 84
103 169 168
90 110 336
382 411 588
91 407 504
450 459 84
74 394 84
228 512 420
343 406 252
345 486 588
181 446 252
196 309 336
135 475 168
339 464 168
5 445 336
38 451 252
392 443 672
26 277 168
132 381 504
59 60 504
116 317 168
182 381 336
420 433 168
292 467 168
179 363 420
109 270 252
125 195 168
164 464 336
132 301 588
18 204 84
123 345 84
96 486 336
4 340 84
452 496 504
28 483 84
36 489 336
399 402 336
214 300 420
394 500 252
153 260 168
153 252 84
134 333 336
109 435 336
153 420 84
417 453 336
250 337 756
109 362 168
400 482 168
148 265 588
194 384 672
48 128 252
10 56 168
85 285 420
48 213 588
93 218 504
264 299 252
289 374 252
324 384 588
11 56 252
148 155 336
200 402 252
97 284 252
18 363 504
60 512 168
363 505 336
371 495 588
98 423 84
150 324 588
299 470 588
31 419 252
103 477 252
64 506 336
56 489 420
264 339 252
296 347 336
401 406 84
298 340 168
59 400 336
336 430 420
10 482 420
489 505 252
30 180 84
244 329 252
47 303 168
275 479 252
238 330 336
84 420 84
287 456 336
245 267 252
81 270 252
346 370 336
6 199 504
8 472 252
186 354 168
241 464 84
162 242 252
89 327 84
28 29 168
315 401 84
32 401 336
55 108 84
66 171 252
207 349 252
201 465 168
146 321 756
1 101 336
166 417 420
132 276 168
118 199 756
137 492 672
313 508 84
398 488 84
405 465 336
99 353 84
89 182 504
208 356 504
57 258 84
18 495 84
100 208 420
229 435 252
33 466 336
230 312 168
48 340 84
174 419 420
171 299 420
301 413 168
82 441 672
77 369 504
34 307 420
230 351 84
408 428 336
124 463 84
241 324 336
127 316 420
107 222 84
89 348 336
107 313 420
102 177 420
130 473 168
153 465 84
165 264 168
47 152 420
287 394 336
153 499 168
31 454 504
38 254 252
247 349 84
166 383 168
187 371 336
81 345 672
96 364 252
110 151 168
177 361 336
102 440 84
299 332 336
147 234 336
415 497 84
275 385 252
289 390 168
182 504 336
231 387 252
50 467 84
42 188 588
62 343 336
233 405 504
147 298 168
41 118 588
251 489 756
13 276 168
11 191 168
352 397 420
65 126 252
54 305 84
141 267 504
377 427 168
371 434 420
136 261 672
67 284 504
244 260 504
336 442 168
103 167 336
118 314 588
382 416 84
110 330 672
272 374 336
90 141 420
230 251 420
118 430 672
385 400 336
302 434 168
185 448 336
13 88 252
251 361 756
103 506 84
68 245 420
9 509 168
211 387 252
15 349 336
2 84 84
174 195 168
137 253 168
140 487 84
229 448 588
138 448 252
141 501 672
29 43 336
254 375 84
290 483 84
147 283 252
100 231 504
213 382 672
54 142 420
15 452 588
329 464 84
307 510 84
25 361 84
59 148 84
97 439 504
145 237 84
40 304 168
476 511 420
487 497 84
168 449 336
100 364 336
92 385 336
367 385 756
108 224 420
120 242 252
17 210 336
39 245 168
184 359 588
33 186 84
116 159 588
271 340 84
166 488 504
408 489 168
98 174 168
288 485 672
332 491 84
306 461 84
230 242 336
143 453 252
69 471 336
354 476 504
45 377 336
27 225 420
39 383 168
1 443 840
135 413 504
293 358 84
117 393 420
259 301 168
341 460 252
350 487 168
130 251 252
303 412 672
126 276 336
155 360 84
242 346 336
83 440 504
272 294 84
289 357 84
14 507 168
181 220 84
395 500 168
220 253 252
146 307 336
230 376 168
124 172 84
172 460 420
87 169 336
206 371 672
59 427 336
39 194 504
421 456 504
22 313 84
198 269 336
18 88 84
379 504 252
39 364 336
304 338 168
109 119 588
49 496 84
156 440 252
331 400 252
38 430 84
153 248 336
12 234 420
95 397 504
1 76 336
116 351 420
361 506 252
102 164 756
59 267 420
253 337 504
2 159 504
52 486 168
414 469 672
122 463 336
75 490 252
43 434 252
325 405 588
360 446 84
440 466 168
134 444 252
138 317 84
63 248 84
27 382 252
141 359 672
47 323 588
109 385 168
448 499 168
291 508 420
273 360 336
409 500 84
87 455 84
449 484 168
202 345 672
61 66 84
430 442 588
123 363 504
44 403 252
3 177 84
398 431 84
152 255 84
32 227 336
9 264 168
212 446 84
65 297 504
334 355 336
296 326 168
30 279 420
108 456 84
225 464 420
197 350 588
310 465 336
201 403 168
373 456 504
64 399 420
390 481 84
71 267 168
242 455 252
150 485 84
176 423 252
122 180 588
170 492 168
33 440 504
56 257 84
57 176 168
89 459 504
193 409 252
119 333 168
268 372 504
237 271 252
261 396 252
267 408 84
119 238 420
5 474 504
164 505 252
309 368 84
21 279 504
79 100 168
69 443 336
369 500 168
294 306 84
126 186 168
250 291 504
195 390 84
234 306 420
59 100 504
77 304 504
149 194 672
65 371 252
118 303 756
103 231 336
91 346 168
126 209 84
109 444 336
14 403 336
359 373 420
139 266 672
363 480 252
121 148 672
275 349 84
45 389 168
396 508 168
201 230 252
28 463 252
157 244 420
354 431 84
136 421 420
416 474 252
178 414 84
210 432 420
238 477 252
411 495 504
334 502 84
35 258 420
140 362 84
217 500 336
3 81 252
302 376 336
49 287 168
475 504 84
39 319 84
28 164 252
101 237 84
102 155 336
136 341 252
330 451 504
200 222 504
22 403 252
418 480 84
326 368 252
182 212 84
248 296 336
326 380 168
189 276 336
33 480 168
278 452 168
44 189 84
91 288 588
115 375 168
139 377 84
34 413 756
245 506 252
28 454 84
335 367 168
13 40 336
447 464 252
122 362 168
62 342 84
228 305 336
176 437 252
118 180 756
183 266 588
224 391 84
347 500 252
51 444 168
88 475 168
163 303 504
300 322 504
343 438 672
10 222 336
40 131 252
39 200 588
251 509 336
345 415 168
