53 1166
1 53 840
1 29 140
25 29 140
25 28 140
28 30 140
30 48 140
48 53 140
1 2 140
2 26 140
22 26 140
8 22 140
8 18 140
18 53 140
1 37 280
6 37 280
6 53 280
1 15 168
11 15 168
11 27 168
27 51 168
51 53 168
1 17 210
17 50 210
41 50 210
41 53 210
1 32 420
32 53 420
1 31 168
31 39 168
39 43 168
23 43 168
23 53 168
1 35 120
19 35 120
3 19 120
3 34 120
21 34 120
7 21 120
7 53 120
1 36 210
36 40 210
20 40 210
20 53 210
1 49 210
49 52 210
5 52 210
5 53 210
1 42 168
12 42 168
12 33 168
24 33 168
24 53 168
1 4 105
4 9 105
9 16 105
14 16 105
14 47 105
44 47 105
44 45 105
45 53 105
1 13 168
13 46 168
38 46 168
10 38 168
10 53 168
26 39 61
31 32 262
30 50 149
40 47 111
11 32 94
25 52 147
39 50 93
18 24 36
16 34 172
34 42 320
48 49 500
34 37 209
10 34 201
15 34 317
10 48 38
21 44 38
32 45 325
2 10 541
12 14 91
16 37 45
14 49 217
4 10 577
7 15 560
32 37 149
3 43 154
17 40 218
6 52 149
2 31 35
10 46 343
22 44 218
1 5 637
6 26 283
8 15 398
6 23 116
5 23 49
41 48 77
3 44 277
25 44 360
21 22 190
24 29 541
35 50 310
20 47 112
23 31 514
7 34 250
7 49 519
23 47 157
12 37 63
4 15 71
38 41 135
7 17 516
49 53 640
26 45 464
5 43 130
37 46 60
4 21 505
3 46 34
18 25 426
3 8 208
19 51 439
22 40 7
23 29 542
34 48 229
7 14 308
11 12 10
18 38 204
33 38 9
4 25 182
35 47 412
5 32 219
23 40 262
14 40 10
14 26 146
15 24 509
11 31 176
47 53 322
17 20 426
41 43 134
6 28 150
26 28 150
15 17 52
7 11 387
21 25 328
3 39 33
3 27 150
33 41 135
45 50 324
1 45 744
3 38 149
10 36 472
37 53 568
12 50 90
7 16 409
4 44 535
6 42 401
18 35 588
9 44 428
29 53 709
8 44 80
26 46 66
3 29 229
5 35 519
1 44 638
40 53 429
8 9 360
3 14 69
18 48 9
8 10 120
1 38 513
13 14 262
21 47 85
8 16 254
26 35 169
5 10 52
3 24 321
15 28 259
16 45 426
8 47 43
31 50 262
33 46 178
29 30 422
43 53 339
5 50 215
15 35 55
33 45 241
2 46 205
31 40 259
4 13 72
6 32 144
36 39 134
11 19 106
3 20 278
40 44 220
11 38 174
18 21 109
21 48 109
50 52 10
11 50 90
33 36 302
23 37 401
32 48 290
4 23 576
27 39 176
12 31 172
5 26 359
22 35 308
30 40 147
26 50 148
12 47 199
38 53 345
9 38 304
7 23 57
1 26 289
26 29 144
5 41 7
6 20 79
22 36 218
5 40 217
33 43 10
14 19 188
6 50 146
3 26 85
26 43 231
24 40 260
7 26 449
19 30 330
42 44 464
28 46 92
9 43 304
48 51 36
7 37 447
9 28 217
15 43 346
20 45 113
13 24 514
5 14 220
26 47 249
21 23 82
15 44 469
6 24 119
25 27 234
2 40 287
15 31 8
16 26 39
25 45 462
11 43 178
34 35 369
32 35 310
10 16 367
8 42 401
22 43 94
6 51 119
25 50 146
10 14 262
34 51 202
7 51 57
2 7 590
24 43 177
9 41 426
37 43 229
40 50 10
45 52 325
25 38 234
20 42 469
23 33 176
3 41 280
31 37 118
1 3 368
36 42 49
3 4 263
5 39 303
22 45 323
15 39 177
20 31 468
18 42 540
16 20 324
22 34 68
22 42 261
9 34 275
46 51 346
2 20 496
28 41 218
2 13 37
6 13 402
4 38 407
18 26 428
28 33 94
22 32 8
19 52 187
5 28 218
20 50 220
7 8 170
10 51 7
6 47 41
5 31 469
12 53 513
33 51 176
5 20 10
12 26 63
3 32 70
20 44 10
21 35 487
16 48 395
34 45 260
10 12 345
33 37 233
10 41 52
17 35 99
3 40 69
34 40 68
16 33 199
19 28 187
14 17 219
38 51 178
2 33 373
14 25 150
22 51 262
2 37 149
28 36 216
4 51 577
34 41 157
7 38 226
40 52 8
16 40 114
5 13 468
37 52 150
4 19 145
4 30 462
5 8 79
28 35 307
29 31 31
8 38 62
30 33 60
13 39 177
19 21 367
39 46 10
1 30 568
27 33 6
35 38 389
27 43 9
21 40 190
30 52 145
11 30 232
18 27 204
23 50 259
35 51 561
13 37 121
5 22 218
13 45 577
22 30 143
13 28 258
47 52 115
11 25 66
19 20 399
21 46 271
19 23 438
6 46 233
10 33 178
12 18 366
6 22 147
17 38 304
2 39 206
42 52 257
31 41 472
1 18 708
28 34 68
15 45 577
9 29 77
9 17 5
36 50 215
14 33 93
27 49 303
3 12 30
38 42 340
26 37 10
22 29 285
15 21 440
2 6 427
16 39 31
37 39 63
6 41 79
8 43 65
10 25 401
25 40 150
6 33 63
4 48 605
30 47 45
20 48 78
14 39 93
3 49 159
37 49 78
39 44 301
3 51 322
27 28 92
5 29 496
11 49 134
30 35 447
8 40 150
6 34 88
14 50 10
9 32 217
11 20 304
2 36 79
16 29 182
27 29 373
27 36 303
9 50 217
31 44 472
25 51 401
32 41 220
7 50 305
18 33 206
21 27 101
34 53 365
41 45 114
29 33 371
15 41 471
7 32 307
15 23 514
46 49 136
4 28 321
37 51 401
8 23 121
37 40 147
9 20 425
40 43 93
16 22 114
8 50 148
22 50 10
34 36 280
24 25 400
15 18 541
2 53 709
18 45 41
14 34 63
26 30 284
8 33 66
31 51 513
10 42 514
27 41 134
27 50 94
30 32 148
5 30 79
10 29 541
4 53 740
20 36 430
14 28 9
25 39 61
17 25 79
10 37 400
42 45 576
21 26 328
4 36 113
26 51 401
3 11 33
3 5 277
34 39 154
37 42 122
17 48 497
13 29 33
34 52 70
31 42 9
4 26 182
38 47 31
19 25 42
30 39 232
2 25 146
7 45 24
3 33 154
34 43 31
42 50 261
7 46 391
26 48 427
10 44 49
27 34 28
22 28 9
27 30 65
15 53 679
17 42 50
10 20 46
43 48 206
9 31 52
6 9 360
39 40 94
48 52 289
41 46 299
2 23 542
39 42 172
1 7 725
23 51 8
4 42 71
37 47 253
1 24 682
1 23 682
42 43 345
25 31 118
33 35 389
20 41 7
14 15 260
3 10 314
13 43 343
8 39 234
41 52 216
2 48 567
9 35 97
13 22 261
24 37 401
36 47 323
23 41 47
27 32 89
16 35 205
21 37 326
9 21 395
29 39 205
11 48 373
45 49 532
42 49 48
11 42 176
37 38 230
8 11 230
15 40 259
4 14 324
11 26 64
8 31 402
7 19 486
32 34 67
9 49 10
10 11 343
22 27 93
8 34 86
10 24 10
16 47 214
15 46 173
24 26 401
35 42 52
19 22 190
3 9 157
2 43 369
4 5 535
12 19 104
36 49 8
7 10 55
31 36 52
21 42 442
19 39 104
19 49 34
12 46 10
18 46 373
28 48 284
31 43 345
1 34 490
9 19 40
22 41 219
19 38 273
5 45 113
13 41 472
10 18 31
8 52 146
2 21 470
18 36 500
36 51 472
6 19 330
10 47 154
21 50 190
18 31 540
18 22 285
26 36 79
14 53 423
29 38 369
33 53 344
5 27 132
11 33 176
19 36 39
24 51 8
6 16 255
25 30 290
10 32 261
18 37 428
32 46 93
50 53 426
4 50 324
6 38 64
19 41 399
9 52 217
41 51 46
33 49 301
3 52 64
4 8 463
28 38 94
18 44 73
13 36 50
10 50 259
38 49 301
41 44 8
22 37 147
16 19 84
36 37 77
32 40 7
13 50 262
17 29 76
15 26 120
11 39 10
22 31 259
18 23 37
10 31 513
39 48 367
5 44 10
3 17 160
32 42 261
27 40 91
19 53 610
5 51 51
1 40 430
8 30 9
24 50 262
4 20 535
14 21 188
20 52 220
29 35 30
10 17 472
15 36 50
17 36 5
47 51 157
23 25 401
17 21 399
47 48 180
10 23 10
19 26 49
18 41 80
18 47 185
11 44 303
3 47 170
21 31 442
28 50 9
27 37 233
37 44 357
43 45 241
27 45 239
10 39 345
18 40 287
16 25 41
13 42 8
4 32 318
21 43 104
43 51 177
14 24 257
16 41 322
41 42 472
24 35 558
30 38 64
14 30 150
45 47 217
18 30 149
4 37 184
10 28 260
3 18 349
13 53 682
1 12 346
19 29 110
10 26 400
25 33 231
29 34 350
11 21 274
24 45 71
8 35 450
47 50 112
2 11 201
24 32 262
26 53 570
29 44 498
8 29 430
1 39 346
30 46 233
13 38 345
12 34 153
35 37 169
18 20 79
2 45 601
44 53 215
2 27 369
19 32 189
4 43 407
35 36 96
8 12 233
27 53 346
8 48 150
1 9 216
11 14 93
28 42 258
14 44 220
35 44 519
6 7 164
47 49 324
19 37 50
3 48 350
40 51 259
32 38 94
25 32 149
11 24 343
17 39 136
6 15 396
5 21 37
20 26 357
9 37 77
13 40 257
43 46 177
22 38 92
12 25 65
20 22 216
3 22 70
23 27 176
20 46 303
9 45 535
32 33 93
31 34 320
10 43 176
6 25 289
9 10 468
40 48 289
8 32 145
5 25 359
28 40 8
44 51 51
15 48 540
2 42 33
30 31 398
44 50 215
1 6 567
1 50 425
4 47 425
12 39 10
34 46 153
28 32 7
35 39 226
16 53 530
22 25 150
45 51 70
21 24 74
13 30 398
17 23 471
20 21 38
11 28 91
33 40 91
12 30 234
17 49 7
20 29 499
18 28 289
31 35 58
16 27 198
19 50 188
7 13 559
5 42 468
24 31 513
7 22 310
2 9 79
28 29 288
2 12 204
1 14 428
7 25 449
24 49 471
28 43 87
5 24 52
23 30 120
27 44 135
35 52 309
10 21 80
38 52 91
15 27 346
43 47 26
27 42 344
12 21 274
5 46 303
10 52 261
36 41 426
3 30 209
23 39 345
1 41 640
29 46 205
1 11 345
19 33 270
17 34 277
14 18 287
13 17 50
11 34 152
13 21 439
6 8 9
5 12 299
11 13 177
26 42 117
23 52 260
14 51 262
9 53 636
8 26 290
18 29 569
5 9 429
4 31 69
23 35 555
14 46 91
2 34 347
5 48 77
29 32 286
13 23 507
9 22 220
4 29 43
3 16 53
24 39 345
2 35 28
22 39 94
23 42 513
22 49 219
36 46 134
8 49 355
27 38 7
6 21 48
17 43 297
25 36 76
13 20 472
36 53 637
15 19 79
35 43 393
6 31 400
11 45 404
13 18 539
24 46 345
8 20 75
22 48 290
7 20 93
17 53 638
13 15 6
38 45 240
13 32 260
12 48 372
9 18 500
1 47 534
20 38 136
11 46 8
23 28 262
27 46 177
26 49 80
7 18 29
39 41 301
29 42 38
40 41 220
24 36 471
6 11 232
18 34 227
19 48 469
5 15 472
17 18 499
39 49 134
21 29 468
14 36 219
16 30 255
1 10 681
40 42 261
40 49 219
13 47 365
17 19 40
20 39 300
26 34 210
21 36 396
40 46 91
29 36 80
43 49 301
6 35 448
35 46 224
7 41 99
31 52 261
4 7 624
9 25 80
16 42 157
5 11 303
15 52 261
9 13 52
16 18 390
8 14 145
46 48 373
9 46 133
7 44 99
17 28 215
15 20 469
24 52 260
16 21 293
11 18 371
3 6 209
4 33 409
20 37 360
27 35 391
8 21 48
18 50 290
25 48 427
31 45 577
30 53 289
11 52 93
35 40 307
33 34 30
23 36 468
6 30 5
2 51 542
16 50 108
34 44 157
19 31 82
8 46 230
25 41 355
19 45 500
18 43 206
14 45 319
17 33 302
6 29 429
12 28 91
28 52 7
11 36 134
34 50 68
26 38 233
12 20 303
3 25 89
28 51 260
39 51 346
5 6 76
43 52 94
3 21 250
36 43 301
29 52 290
13 52 260
13 51 513
24 44 48
25 53 570
22 47 114
12 41 300
8 53 287
44 52 217
27 47 29
41 47 115
42 46 173
4 49 115
15 49 50
33 47 25
10 13 513
23 26 400
16 36 113
2 3 229
12 36 136
2 22 284
6 40 149
6 12 231
32 50 8
17 52 220
39 47 197
2 41 494
6 43 60
1 51 678
30 36 357
35 48 589
13 26 118
38 44 134
22 24 262
1 48 709
2 38 374
13 33 346
8 51 122
33 50 94
1 46 344
22 46 93
4 17 114
24 28 259
29 41 498
36 45 534
8 41 80
23 48 37
20 49 430
7 39 390
30 49 359
26 44 356
4 40 322
29 51 539
7 27 224
46 52 89
9 24 471
14 52 9
18 51 37
26 33 233
14 31 262
36 38 301
16 23 367
38 48 204
19 24 434
18 52 290
8 17 356
14 41 216
12 15 172
21 53 247
16 52 112
29 47 392
37 45 464
29 45 601
4 27 408
1 19 249
14 42 261
5 49 423
15 32 256
31 48 541
42 47 361
10 15 512
12 43 176
21 30 50
46 50 94
44 48 73
20 30 73
17 37 77
12 52 90
13 19 79
2 49 77
4 39 237
23 34 202
6 48 150
16 38 198
20 35 517
27 31 346
8 13 402
30 41 76
46 53 514
27 52 90
5 18 80
3 50 67
15 30 402
3 31 199
18 39 374
21 41 37
8 28 148
4 16 217
2 15 37
25 34 208
28 39 92
41 49 424
51 52 257
29 50 290
23 44 52
17 41 427
2 19 110
6 44 79
35 41 518
21 33 102
19 40 190
12 29 206
44 46 301
7 47 205
31 38 344
10 40 260
8 27 62
7 40 307
17 32 219
8 36 360
21 38 105
13 35 51
7 33 222
11 51 344
14 22 9
12 17 132
11 29 205
19 42 81
3 35 250
2 5 500
33 48 203
31 53 681
9 42 50
31 33 343
28 31 258
2 18 566
32 51 262
32 49 220
12 22 92
23 38 178
20 24 48
20 27 132
50 51 261
32 52 7
13 34 321
5 17 430
24 27 178
15 42 10
23 32 262
9 11 134
29 37 149
10 22 260
30 37 290
17 51 470
1 22 430
1 52 426
9 30 359
32 47 115
4 35 25
13 49 50
16 31 155
4 6 464
24 48 37
12 38 177
8 24 119
20 33 133
15 22 259
7 48 27
28 53 428
4 52 322
28 47 113
36 52 218
42 53 678
6 14 150
35 53 728
4 11 238
15 25 119
21 51 81
11 23 345
16 49 112
19 34 250
30 45 184
25 47 248
13 25 122
31 46 174
30 34 86
4 24 574
26 32 146
43 44 135
19 44 400
9 40 220
33 39 176
24 38 176
44 49 430
43 50 93
16 51 364
20 28 220
10 49 471
8 45 184
37 50 145
29 48 570
16 32 111
1 16 324
14 38 91
3 13 200
12 40 92
25 42 118
32 44 220
15 37 116
17 44 430
14 29 289
32 36 219
2 32 285
7 28 308
1 8 569
7 42 561
23 24 8
21 39 274
12 27 178
3 53 487
16 43 194
6 36 359
38 40 90
17 30 359
22 23 260
5 34 154
40 45 323
36 44 430
18 49 495
9 36 10
