98 1960
1 98 840
1 22 120
22 74 120
31 74 120
31 89 120
60 89 120
60 92 120
92 98 120
1 7 420
7 98 420
1 28 120
9 28 120
9 63 120
5 63 120
5 95 120
88 95 120
88 98 120
1 96 420
96 98 420
1 32 120
16 32 120
16 38 120
11 38 120
11 57 120
57 78 120
78 98 120
1 36 280
26 36 280
26 98 280
1 43 210
43 51 210
51 72 210
72 98 210
1 35 120
35 83 120
82 83 120
67 82 120
67 87 120
87 90 120
90 98 120
1 19 210
19 29 210
29 85 210
85 98 210
1 33 140
33 73 140
23 73 140
23 30 140
30 75 140
75 98 140
1 59 168
59 79 168
79 80 168
41 80 168
41 98 168
1 27 280
27 50 280
50 98 280
1 70 420
70 98 420
1 93 168
40 93 168
40 65 168
2 65 168
2 98 168
1 64 120
58 64 120
58 97 120
86 97 120
24 86 120
24 61 120
61 98 120
1 68 168
53 68 168
14 53 168
14 34 168
34 98 168
1 45 120
45 62 120
21 62 120
10 21 120
10 91 120
46 91 120
46 98 120
1 6 280
6 42 280
42 98 280
1 3 168
3 12 168
12 15 168
8 15 168
8 98 168
1 71 210
47 71 210
47 52 210
52 98 210
1 66 120
66 84 120
13 84 120
13 20 120
20 39 120
39 77 120
77 98 120
1 37 280
37 56 280
56 98 280
1 94 168
18 94 168
18 48 168
4 48 168
4 98 168
1 69 280
49 69 280
49 98 280
1 17 140
17 76 140
44 76 140
44 55 140
25 55 140
25 98 140
1 54 420
54 98 420
1 81 420
81 98 420
39 74 367
43 68 51
20 91 126
6 70 147
7 19 219
28 73 167
54 89 68
74 85 399
2 64 561
47 70 2
85 87 40
36 82 90
27 68 122
16 74 9
37 71 77
16 82 130
62 81 186
8 96 259
20 31 128
28 69 169
60 85 40
3 95 442
76 83 49
17 79 201
12 48 175
16 86 249
41 69 401
7 39 190
3 50 402
6 39 327
11 68 321
15 37 230
24 27 330
14 96 93
15 69 233
13 62 130
9 82 129
2 6 395
75 79 371
32 65 389
12 54 91
4 50 122
1 34 680
54 64 310
11 44 69
12 66 226
54 71 217
6 81 148
35 68 58
11 84 245
44 71 218
21 63 9
35 44 307
21 31 9
29 88 307
29 93 262
10 40 154
10 44 69
32 91 489
65 98 343
17 71 77
39 93 441
62 70 190
54 91 185
12 42 229
46 69 450
36 76 7
16 55 322
57 68 440
13 44 64
35 74 130
22 32 8
25 68 540
40 87 271
44 66 310
55 71 360
18 97 30
25 83 469
31 95 245
86 91 129
15 64 391
70 88 308
55 90 168
31 77 370
84 89 249
42 46 168
13 54 65
54 81 4
63 90 369
82 85 280
76 86 203
22 35 10
33 48 366
7 10 64
78 90 10
52 74 398
28 49 448
21 77 365
23 83 186
18 24 269
14 92 221
20 46 246
37 73 8
37 54 147
42 69 286
15 45 393
12 46 390
69 83 49
45 93 56
26 67 90
24 58 370
29 84 190
27 66 169
31 48 149
77 94 560
3 67 322
17 67 349
6 21 87
7 13 70
8 24 80
47 57 189
48 82 149
67 97 125
85 86 156
48 78 226
30 68 402
9 18 105
6 33 150
55 74 324
56 84 329
28 39 490
91 94 438
75 89 230
23 35 310
52 85 10
29 81 5
17 42 429
3 33 38
38 74 127
67 75 229
27 92 449
27 72 357
3 71 48
62 75 465
29 65 94
31 81 68
21 86 128
10 75 230
29 97 70
84 95 369
18 38 27
20 79 154
7 78 310
17 45 25
87 92 127
57 70 189
63 69 87
34 94 514
50 56 9
51 97 70
24 26 46
14 36 234
13 57 245
25 56 150
32 44 306
72 97 278
32 48 389
31 86 128
30 92 169
7 56 150
29 45 306
72 89 159
21 74 130
39 55 48
65 68 346
63 84 129
60 66 490
26 95 50
19 73 77
2 76 396
38 97 9
46 51 309
74 75 470
35 40 224
7 67 67
36 68 121
2 59 508
11 17 350
22 97 247
59 60 441
35 58 129
30 48 62
21 64 249
9 75 469
2 34 9
33 38 230
63 83 129
32 49 450
48 51 94
14 91 105
11 32 370
20 54 68
41 45 562
46 88 6
12 19 132
92 96 308
47 54 9
42 76 287
40 44 94
8 11 197
16 25 470
57 95 7
26 71 355
68 84 82
53 74 101
5 62 247
64 65 392
20 93 318
36 90 447
31 93 202
37 79 63
91 97 248
19 28 98
37 47 150
3 87 442
8 37 401
1 26 565
77 79 390
71 92 515
9 43 38
31 33 224
49 81 148
47 65 89
43 50 359
26 42 9
54 83 189
15 84 274
43 85 430
5 70 67
38 66 250
19 90 516
9 34 434
12 18 10
14 25 206
43 62 39
6 25 429
5 58 248
6 92 450
14 46 226
57 61 130
16 35 130
36 55 289
61 86 250
52 72 9
45 82 249
36 92 446
26 96 147
44 53 91
27 57 327
24 42 48
6 9 43
8 35 560
12 30 234
7 20 70
94 95 442
13 53 34
57 74 370
10 61 246
24 50 49
19 24 399
47 56 150
14 37 234
30 73 290
5 92 244
40 63 34
9 80 271
41 78 58
67 73 207
65 80 10
59 80 345
49 83 328
56 91 45
64 85 516
42 49 10
37 67 209
4 25 38
47 68 262
3 16 82
93 97 201
67 76 208
16 67 249
56 64 450
52 66 518
84 85 396
17 41 542
16 17 110
32 58 128
14 71 303
39 57 10
32 52 520
42 88 166
14 69 233
15 89 30
49 66 447
34 53 346
36 98 568
35 88 610
25 93 537
24 74 370
11 75 230
67 95 125
64 81 307
5 52 155
17 87 467
50 91 50
42 52 76
33 81 289
82 86 129
22 66 6
60 62 370
14 58 267
7 34 261
24 64 485
46 55 170
46 84 486
18 95 274
83 92 490
11 27 210
77 97 368
52 60 39
39 73 328
40 42 232
35 65 394
17 75 569
26 61 168
7 85 214
75 86 229
11 80 34
25 76 426
71 91 400
56 71 360
27 74 46
55 80 63
12 25 372
62 97 126
22 41 560
86 95 127
61 81 306
2 80 173
31 54 70
88 93 562
38 46 368
24 95 5
22 93 57
95 97 250
3 65 338
3 7 260
57 69 326
51 88 310
59 68 10
21 98 490
9 60 366
84 96 185
22 90 609
9 20 247
43 70 215
59 97 202
22 84 129
73 95 330
55 65 61
4 14 177
61 92 8
50 77 166
10 73 207
38 77 369
58 86 247
32 72 520
15 38 150
3 78 562
46 52 98
31 82 8
26 48 63
41 77 58
8 20 199
34 35 559
47 60 184
96 97 69
12 97 34
12 77 391
15 36 234
95 98 250
41 72 49
14 54 90
39 80 105
26 64 450
62 88 485
25 30 150
27 63 87
12 84 105
5 81 70
65 87 106
49 51 149
8 84 441
33 88 586
25 84 469
2 15 176
5 72 157
33 76 148
3 60 442
29 50 147
21 96 67
55 62 325
6 71 75
22 67 366
19 89 279
59 64 58
34 58 438
42 48 66
15 97 152
30 45 447
11 49 86
7 25 290
6 84 48
65 84 269
53 66 225
28 65 394
64 70 308
52 92 99
51 59 262
28 42 449
56 96 149
40 69 61
43 44 219
23 64 308
49 73 288
8 45 561
34 47 258
10 12 153
26 75 146
1 14 513
71 94 47
60 75 107
2 39 81
33 40 206
20 84 245
6 49 285
51 84 190
11 60 129
17 63 228
43 60 400
22 49 449
49 67 86
12 92 390
17 84 109
7 45 309
33 90 589
3 14 345
67 98 369
51 85 220
4 27 401
63 95 249
51 58 186
10 27 209
56 77 170
26 85 78
64 89 370
43 73 80
15 90 220
63 85 278
4 21 315
52 57 35
14 68 345
75 80 206
10 93 322
48 86 31
81 97 70
8 21 319
33 34 542
62 77 483
15 42 66
22 38 243
35 50 450
25 70 289
68 89 318
39 94 440
17 48 369
65 88 226
37 76 10
3 24 441
1 82 368
76 87 330
38 86 130
35 64 8
24 56 45
75 78 26
24 97 246
89 98 362
18 90 392
53 58 103
25 47 287
75 91 110
28 78 607
41 61 57
60 67 129
24 30 48
6 89 203
9 70 188
27 87 328
28 54 307
9 83 5
27 51 148
52 77 100
51 92 306
49 77 166
11 66 367
55 85 78
21 73 90
12 43 132
58 93 79
54 56 150
30 84 330
7 71 218
58 70 188
11 89 10
23 92 310
46 56 165
13 92 370
50 68 401
7 31 69
8 29 262
5 32 368
15 22 390
35 72 519
37 52 357
73 92 448
12 91 274
51 80 92
19 80 300
15 41 177
14 80 10
52 54 219
68 77 560
39 91 9
31 69 90
36 86 208
2 81 261
26 82 207
23 87 187
52 79 304
47 67 70
57 66 490
43 77 520
6 60 329
16 91 368
3 94 8
83 85 400
25 34 34
3 55 400
45 86 369
22 83 128
70 78 309
68 69 120
68 85 471
12 74 105
71 77 517
50 86 89
73 84 50
41 91 78
33 72 499
48 81 87
6 44 150
33 59 37
25 46 26
23 86 66
28 72 519
12 62 100
19 66 95
54 59 262
15 63 153
15 81 90
8 23 256
1 97 363
60 97 247
30 32 448
31 49 209
31 72 278
19 32 96
40 47 92
16 44 186
29 64 307
66 82 247
28 91 490
18 23 92
56 67 90
67 77 245
3 62 82
38 69 84
35 80 392
70 93 258
16 24 368
28 52 517
2 16 442
18 29 94
2 66 562
35 62 122
27 39 329
42 61 168
27 75 426
13 56 208
33 77 587
21 49 206
17 46 589
65 79 177
26 44 147
12 45 224
5 21 128
16 57 370
10 16 245
3 76 122
14 75 206
7 65 93
37 91 328
10 83 247
21 56 208
8 71 470
52 56 79
79 90 389
26 31 208
25 94 538
13 93 199
11 31 126
4 15 176
46 77 10
13 40 30
31 98 489
42 47 149
73 74 49
31 80 150
51 66 308
29 61 310
72 79 302
5 82 128
56 61 169
42 62 328
53 82 30
7 35 307
8 82 321
18 36 62
48 80 10
10 36 210
5 24 127
45 81 309
9 22 128
64 75 590
13 35 248
18 80 175
40 54 94
13 26 208
86 88 247
34 56 121
63 66 248
9 48 268
37 83 47
55 76 289
13 42 209
9 40 105
34 57 81
14 16 271
17 70 288
12 37 65
1 25 710
44 86 70
10 30 90
32 82 250
14 77 226
32 63 249
31 91 250
68 90 562
39 90 129
14 98 346
74 96 189
41 50 121
26 62 323
18 89 154
18 44 93
22 44 310
5 46 248
19 79 135
43 65 304
15 16 274
34 66 559
11 86 7
66 77 609
47 74 187
49 97 210
10 50 90
35 95 487
21 91 246
48 67 34
49 88 170
50 69 282
23 46 310
40 61 391
34 41 10
54 93 261
20 34 201
11 23 68
15 65 8
2 10 196
76 96 147
38 58 127
13 22 249
24 73 326
42 56 8
54 86 66
27 90 450
11 64 367
39 70 186
15 24 100
39 95 9
11 77 250
16 51 189
34 63 320
31 83 129
5 90 250
12 49 227
79 98 511
67 68 318
1 79 341
2 67 201
20 66 369
21 35 248
32 97 247
18 66 226
35 97 250
64 72 519
55 72 79
24 59 440
46 75 30
14 57 105
25 89 226
11 91 128
83 94 82
30 49 8
20 51 69
63 92 368
17 82 230
27 81 150
10 31 124
11 48 30
12 79 9
26 68 399
7 36 149
8 77 52
4 79 340
54 69 149
10 23 69
6 54 150
4 96 257
34 89 199
15 98 346
53 76 65
35 77 607
15 88 226
14 67 31
34 91 79
21 84 130
16 27 45
4 49 119
15 52 134
23 31 69
40 72 303
17 64 30
18 46 389
61 69 450
61 74 484
3 41 514
10 97 127
55 86 86
13 43 160
9 45 125
12 33 206
45 51 310
17 62 110
23 68 262
37 95 326
47 82 69
41 49 122
29 74 190
24 78 128
33 60 469
10 15 32
8 76 398
22 50 447
13 37 85
41 89 202
25 74 470
37 86 210
83 96 190
27 54 146
17 39 470
51 64 304
23 47 7
58 81 189
75 95 104
11 50 90
15 43 302
4 87 81
17 53 205
13 85 273
13 86 130
4 83 442
5 64 368
65 77 221
31 46 369
59 73 122
25 67 229
1 8 681
53 84 104
58 85 398
11 53 151
4 31 321
46 85 100
5 60 126
33 98 704
1 24 608
59 88 562
40 50 234
84 90 488
47 69 146
49 87 50
30 39 50
67 91 129
38 85 280
9 24 366
66 71 100
64 96 310
23 28 307
12 64 222
12 47 94
59 75 540
37 39 326
29 79 90
34 42 122
40 85 304
2 46 55
31 88 369
1 65 514
14 45 393
6 50 283
19 72 427
32 75 589
79 84 103
1 83 246
37 72 360
13 32 249
44 63 62
5 14 33
44 70 9
8 33 540
47 96 9
31 50 210
15 71 302
41 81 262
72 96 215
7 49 148
9 10 250
53 89 154
5 55 87
48 76 232
87 88 125
46 76 448
14 41 173
78 96 310
2 13 321
73 78 448
15 57 106
88 92 5
17 66 30
25 90 29
94 96 261
24 37 327
53 54 92
10 90 247
31 55 203
38 80 147
30 55 8
35 78 608
24 91 10
23 77 304
38 83 127
38 63 8
15 46 226
48 91 106
6 47 148
66 81 307
88 89 250
3 54 262
33 56 430
29 35 307
22 69 170
40 83 106
6 94 120
44 77 309
43 97 159
7 43 218
9 89 247
5 38 127
5 88 249
51 81 10
45 96 309
43 94 52
56 78 170
43 76 77
42 96 148
61 83 482
35 52 517
44 98 430
1 77 727
90 93 562
61 64 609
20 30 85
4 54 261
30 65 64
33 70 288
11 35 369
42 51 145
13 18 34
17 25 564
3 63 202
38 87 249
67 81 67
19 48 302
3 82 201
5 40 153
32 78 607
4 76 401
33 35 28
44 45 309
74 79 106
79 82 30
10 88 244
30 80 62
9 79 103
76 82 90
40 67 153
26 89 85
19 57 396
55 83 330
2 60 78
8 94 514
71 78 517
24 39 10
46 61 7
61 85 99
7 87 188
50 95 45
30 31 208
6 27 10
1 74 249
53 72 301
51 96 6
10 69 210
22 96 310
32 36 167
17 77 584
50 89 89
80 89 33
20 44 68
12 50 231
2 30 121
68 98 680
26 51 149
47 75 285
4 35 562
26 55 10
7 95 184
16 34 438
5 76 209
16 33 110
7 96 4
38 70 66
8 95 82
64 68 57
4 12 346
22 46 610
23 70 9
50 70 149
17 73 149
19 52 430
2 75 35
80 93 340
14 22 392
16 87 369
1 9 246
21 38 2
16 73 45
56 75 149
34 76 402
74 84 4
22 65 386
29 55 142
63 70 69
49 94 402
18 25 373
22 60 489
50 97 210
6 69 7
47 61 308
8 17 542
23 69 148
33 82 230
53 63 28
24 60 9
14 15 9
33 65 374
74 89 249
19 88 520
46 54 308
55 59 401
82 90 370
26 74 327
23 42 145
25 77 29
28 48 393
30 59 401
39 68 439
1 76 288
45 52 518
41 85 52
62 85 400
28 66 9
45 66 7
12 83 105
6 40 64
10 81 69
61 90 10
7 74 189
39 52 34
21 67 129
67 83 250
8 51 260
26 60 47
6 38 90
90 94 559
61 78 4
34 68 512
85 91 39
23 54 9
15 76 233
52 75 80
3 34 512
9 69 50
7 51 8
92 93 556
53 91 269
34 95 79
24 46 128
36 89 207
11 71 277
20 92 247
81 83 185
47 88 305
62 93 80
85 93 472
2 23 262
8 43 470
5 56 90
36 80 233
48 52 134
25 80 206
62 73 47
13 76 89
37 66 166
52 93 464
37 68 122
20 60 123
53 77 394
49 62 330
8 44 260
28 92 602
53 79 8
59 76 121
8 89 195
7 83 184
13 72 275
24 34 80
14 74 270
42 89 88
6 28 169
11 34 193
18 39 274
67 80 34
60 73 330
25 79 374
37 74 47
17 69 149
32 39 489
74 83 9
41 46 58
33 61 590
20 22 368
54 79 91
8 38 320
37 43 75
68 74 80
19 46 520
83 89 246
39 46 130
6 23 150
3 45 58
20 42 90
54 58 186
21 95 246
2 9 435
53 95 272
13 73 90
15 27 232
22 92 602
51 71 218
62 89 250
13 45 248
50 75 148
6 80 233
39 69 327
83 98 608
60 91 10
39 45 488
1 44 430
11 82 130
6 51 150
61 89 248
34 37 401
12 68 172
1 73 289
78 86 249
33 97 226
9 13 130
46 64 609
43 74 39
52 65 135
30 33 430
63 67 128
16 75 469
81 82 68
39 79 272
10 39 129
4 39 80
86 96 68
34 64 561
36 54 146
14 59 345
55 77 167
14 39 101
40 57 272
1 10 485
4 56 121
25 45 585
43 79 135
63 88 369
51 53 88
51 55 147
15 74 270
12 59 177
69 97 86
1 20 481
4 93 513
26 46 170
23 37 150
18 55 233
23 58 186
21 29 70
52 82 280
8 32 556
6 13 89
43 89 280
40 74 101
7 17 287
90 96 310
38 42 207
55 79 233
3 69 119
6 8 401
12 36 63
59 74 78
16 20 250
1 16 249
3 70 262
53 97 30
3 23 261
77 81 309
14 93 346
64 69 169
31 36 89
5 41 197
12 22 226
14 27 230
9 85 400
49 55 6
32 83 130
3 59 10
3 89 322
17 78 589
48 95 100
62 65 270
4 63 322
58 94 80
3 11 320
2 90 54
53 75 373
1 46 728
52 96 218
54 88 309
50 66 444
48 53 176
18 84 106
10 60 127
28 62 128
7 33 288
27 32 168
31 58 129
10 56 89
39 67 129
31 79 33
52 80 135
24 66 488
82 87 250
22 26 450
81 84 188
42 71 358
3 92 557
4 80 178
17 31 229
31 40 31
57 92 125
67 79 152
5 25 229
15 47 93
27 88 447
68 82 201
51 69 149
43 61 519
30 70 149
43 72 429
2 71 471
7 55 150
47 85 220
19 67 277
16 50 328
68 97 201
30 90 170
19 97 159
25 82 346
10 67 10
8 91 78
70 83 189
44 73 148
42 58 328
47 98 430
27 82 88
5 65 34
60 77 129
78 88 2
55 68 400
52 63 280
62 92 489
1 87 606
14 24 102
60 95 7
24 82 247
11 74 250
29 83 190
20 77 247
52 70 220
10 70 67
48 93 346
40 52 301
13 38 8
28 80 393
8 46 56
54 87 189
32 57 489
48 70 94
27 33 148
19 70 217
55 81 147
13 88 369
4 42 122
3 15 346
6 19 80
43 53 136
70 75 290
13 66 247
29 87 186
4 29 257
18 21 32
47 66 302
84 93 82
14 21 153
37 97 86
5 39 127
18 88 387
31 47 69
55 63 206
2 35 558
67 86 8
33 44 288
20 94 318
30 94 397
20 37 208
33 57 470
27 59 121
18 92 393
47 95 189
34 85 51
44 50 150
40 81 94
63 75 348
35 87 490
72 92 96
25 72 77
19 54 219
23 59 258
8 92 58
60 68 442
83 84 10
22 95 486
48 77 225
11 43 280
12 53 10
17 21 227
11 18 154
34 51 261
3 85 468
7 44 10
37 53 61
58 63 127
9 95 366
32 37 170
9 65 272
63 79 31
9 19 38
51 54 8
30 98 284
5 73 210
44 62 183
59 69 119
38 92 368
38 78 364
53 80 176
35 82 250
8 58 440
22 79 226
2 92 56
15 58 273
7 69 148
31 42 210
8 86 202
23 45 307
26 88 168
15 44 92
76 79 66
57 60 9
34 62 440
2 52 49
28 51 308
12 27 66
12 78 393
43 88 516
8 18 344
30 36 288
19 39 397
81 89 65
19 61 516
32 35 6
56 57 50
78 97 370
16 26 324
32 66 4
23 34 262
28 57 488
58 76 47
23 81 3
42 68 402
40 59 177
51 98 427
2 87 77
18 60 269
19 31 154
29 36 148
19 37 79
11 19 279
81 94 257
3 10 322
71 97 159
50 60 45
11 33 346
31 35 249
35 66 10
50 78 169
14 17 371
18 98 513
53 88 392
23 78 310
44 52 216
48 61 223
62 67 248
75 84 470
4 45 559
45 80 391
55 89 90
6 41 402
8 16 440
29 67 65
9 92 490
53 57 274
17 96 290
37 93 122
40 60 273
9 94 82
8 30 119
58 74 5
25 36 427
39 41 81
32 95 490
41 60 77
58 73 49
28 35 10
24 96 187
77 86 250
71 85 430
34 60 82
13 94 202
3 43 47
25 87 110
48 71 300
38 93 197
18 71 135
33 41 542
32 87 488
19 58 38
51 83 189
12 32 223
37 61 450
37 65 231
59 87 441
77 78 9
55 93 402
42 53 233
23 41 260
24 75 105
13 29 66
66 90 610
47 87 189
15 62 271
20 61 246
5 33 349
40 92 394
19 76 76
71 90 517
56 82 210
31 97 9
26 90 168
6 64 170
8 81 262
45 76 163
64 98 728
7 70 10
60 70 190
39 97 248
44 90 307
39 40 274
8 40 340
20 35 366
46 71 516
37 90 448
19 47 217
42 77 170
10 71 280
54 60 187
50 54 147
30 43 359
16 39 366
69 92 448
34 38 319
29 71 220
27 96 150
8 48 178
18 51 94
37 77 450
77 96 307
40 76 60
43 52 430
26 38 208
22 85 517
63 68 201
85 97 278
69 94 115
36 60 328
33 69 148
41 58 437
16 46 485
24 36 330
26 45 450
53 94 174
39 44 183
41 53 343
5 61 249
23 55 146
49 52 79
84 94 79
14 29 90
50 93 400
41 87 79
75 97 349
21 30 207
10 85 156
61 62 490
23 29 10
31 57 249
44 79 93
26 43 358
2 88 57
38 41 320
43 59 50
49 91 50
40 68 177
8 80 177
44 57 190
9 81 189
91 92 128
21 22 250
40 58 104
36 85 358
2 57 79
17 35 25
54 62 187
25 32 590
30 47 149
29 58 184
46 82 368
4 73 402
12 51 87
26 35 449
50 85 79
16 41 442
8 70 259
22 30 449
11 67 5
36 50 287
10 47 67
56 86 88
16 22 130
19 82 160
64 86 363
89 91 129
68 81 259
46 81 310
3 47 260
32 51 308
2 96 259
32 68 58
3 36 121
13 25 349
37 63 89
16 62 9
39 89 129
24 98 245
37 75 425
62 96 189
76 93 121
33 45 27
46 96 308
58 71 39
45 50 449
38 40 34
34 67 200
11 51 66
5 44 70
35 81 308
49 58 326
32 53 226
14 86 34
21 92 370
3 39 442
35 47 306
57 89 128
35 76 169
25 41 36
27 69 10
50 83 330
14 82 150
31 43 155
13 79 29
6 73 6
59 94 8
22 78 603
32 73 169
81 92 309
17 38 228
3 31 198
59 82 201
21 90 370
12 72 301
16 66 130
17 86 348
6 48 233
19 22 100
25 65 206
27 38 86
26 86 87
23 27 150
3 18 178
21 50 209
2 91 82
20 52 158
27 48 231
22 81 309
32 47 306
4 30 121
46 80 226
44 78 307
62 98 607
35 84 127
66 68 55
12 31 32
42 94 401
5 96 63
17 27 149
4 62 435
48 96 91
8 69 400
49 61 168
51 56 148
4 85 51
34 52 50
9 37 49
20 23 68
72 84 398
50 51 147
26 76 290
3 48 344
25 63 350
34 50 120
36 69 9
25 64 589
60 78 128
73 75 426
36 70 146
16 76 49
45 56 449
44 68 262
45 91 490
88 94 560
5 91 130
1 31 370
5 28 367
55 66 448
3 81 259
30 53 234
14 49 61
6 86 208
38 54 69
40 96 90
1 49 569
1 11 490
67 85 157
70 82 70
16 92 489
57 87 8
71 84 36
5 85 160
16 48 273
25 75 9
1 91 610
71 82 159
41 59 514
87 98 249
78 81 310
54 92 309
58 66 130
1 60 607
8 12 344
16 79 106
21 68 197
40 43 134
7 86 65
45 89 368
3 79 176
11 78 249
75 83 467
29 51 10
1 4 682
38 91 250
64 97 250
29 37 146
31 73 88
47 89 69
29 91 188
26 58 328
10 68 321
29 94 262
64 92 606
73 81 150
4 20 202
75 90 29
21 27 89
82 91 248
2 49 122
11 69 208
21 87 249
7 66 309
44 83 189
20 53 154
19 34 470
15 86 33
56 74 328
70 76 150
57 62 365
13 17 229
6 30 290
8 13 321
17 94 34
27 40 58
7 73 146
76 92 449
18 40 6
69 76 9
18 41 342
21 85 277
1 78 725
3 13 198
27 67 207
16 18 106
38 55 210
47 78 308
22 51 304
13 78 369
41 83 441
18 52 301
78 83 488
30 82 209
29 76 147
28 33 30
15 29 94
35 57 488
3 66 55
14 55 66
5 49 86
92 95 129
4 74 439
56 97 209
3 4 513
62 90 485
21 53 34
21 40 33
17 60 468
2 94 512
33 63 230
36 64 170
60 93 440
42 85 80
9 14 274
21 23 68
48 62 274
63 81 70
39 86 129
40 41 343
18 42 234
15 23 89
27 55 290
25 42 149
11 73 206
14 62 270
16 77 487
2 14 177
29 77 308
45 59 56
21 82 9
62 80 267
47 97 68
38 64 248
16 65 271
49 64 449
60 94 441
74 93 82
7 46 307
4 61 55
33 78 584
89 93 318
8 19 466
52 88 100
50 61 166
19 40 135
81 88 309
33 86 349
28 32 8
60 96 186
17 74 109
44 91 188
14 84 274
38 96 68
4 19 471
38 88 369
10 86 8
4 68 514
67 93 321
54 72 218
43 66 97
29 82 66
32 64 6
70 96 6
40 90 393
50 63 210
30 40 232
65 85 135
58 78 490
17 49 428
28 61 606
46 83 490
13 96 70
40 73 66
48 79 175
30 74 328
18 37 61
3 20 318
54 57 190
42 43 360
47 79 93
49 54 150
4 43 471
23 33 289
75 88 28
4 18 342
17 92 586
4 91 81
