795 8237
1 2 360
1 3 216
1 4 288
4 5 144
4 6 72
5 7 180
5 8 108
7 9 144
1 10 360
5 11 180
7 12 72
4 13 216
11 14 216
7 15 144
7 16 144
5 17 108
17 18 72
9 19 144
18 20 36
7 21 216
12 22 180
5 23 216
15 24 36
20 25 36
25 26 180
15 27 108
12 28 72
10 29 324
22 30 216
7 31 288
26 32 72
1 33 108
10 34 144
8 35 252
33 36 108
30 37 36
35 38 180
7 39 288
3 40 36
20 41 216
41 42 216
17 43 144
31 44 216
25 45 108
15 46 108
11 47 108
5 48 216
21 49 72
15 50 144
24 51 108
45 52 72
25 53 144
35 54 144
10 55 216
42 56 108
25 57 216
8 58 36
36 59 72
55 60 216
59 61 36
56 62 216
4 63 252
29 64 108
13 65 288
21 66 36
6 67 144
53 68 72
35 69 72
29 70 72
62 71 180
41 72 108
55 73 108
63 74 324
63 75 108
47 76 72
37 77 72
42 78 324
73 79 288
7 80 36
38 81 252
77 82 144
43 83 36
14 84 252
49 85 72
52 86 180
52 87 72
68 88 108
24 89 144
14 90 180
10 91 324
76 92 180
47 93 36
33 94 72
56 95 72
3 96 144
17 97 108
43 98 108
73 99 180
71 100 72
57 101 36
12 102 216
3 103 144
78 104 144
99 105 180
95 106 108
58 107 72
49 108 180
91 109 252
66 110 72
84 111 36
10 112 288
68 113 180
12 114 180
25 115 144
65 116 252
13 117 36
13 118 252
64 119 36
33 120 36
2 121 216
70 122 72
105 123 216
66 124 252
9 125 108
84 126 216
3 127 72
105 128 144
59 129 108
35 130 36
89 131 216
18 132 72
40 133 36
19 134 216
79 135 72
47 136 36
65 137 288
75 138 108
98 139 72
90 140 72
112 141 36
20 142 36
93 143 72
58 144 180
75 145 36
76 146 72
104 147 72
113 148 144
118 149 36
14 150 252
53 151 36
134 152 108
45 153 144
90 154 36
43 155 216
69 156 108
21 157 180
32 158 144
3 159 72
10 160 288
157 161 72
71 162 144
64 163 36
35 164 108
142 165 36
81 166 252
137 167 72
126 168 72
3 169 108
122 170 216
118 171 36
77 172 108
157 173 180
58 174 108
8 175 108
108 176 288
91 177 144
15 178 36
7 179 180
38 180 72
92 181 252
114 182 144
136 183 180
37 184 108
145 185 144
28 186 252
18 187 180
129 188 144
168 189 108
133 190 72
110 191 144
96 192 108
188 193 324
61 194 36
11 195 72
31 196 180
82 197 72
33 198 72
38 199 252
195 200 144
88 201 108
141 202 144
145 203 108
170 204 144
81 205 252
144 206 144
5 207 36
19 208 108
36 209 36
44 210 180
123 211 144
33 212 36
57 213 72
99 214 72
61 215 36
104 216 144
191 217 216
180 218 144
213 219 180
120 220 72
49 221 72
184 222 216
11 223 36
95 224 72
177 225 72
127 226 216
5 227 180
185 228 144
206 229 108
71 230 72
155 231 36
174 232 108
26 233 180
157 234 72
32 235 108
10 236 144
47 237 108
59 238 72
55 239 108
101 240 180
214 241 36
96 242 36
97 243 108
75 244 108
160 245 288
134 246 72
218 247 108
144 248 36
150 249 252
130 250 252
33 251 108
154 252 288
119 253 72
228 254 144
114 255 72
66 256 72
4 257 72
200 258 108
104 259 144
63 260 216
20 261 144
36 262 108
241 263 108
21 264 180
187 265 36
102 266 180
108 267 72
104 268 108
67 269 108
205 270 36
91 271 36
3 272 72
227 273 180
130 274 36
242 275 144
56 276 180
132 277 180
179 278 108
65 279 180
102 280 216
26 281 180
230 282 36
102 283 180
44 284 180
163 285 144
244 286 72
9 287 144
9 288 108
233 289 216
180 290 72
49 291 36
159 292 108
1 293 324
227 294 252
56 295 36
30 296 36
191 297 36
207 298 144
229 299 36
58 300 252
86 301 72
246 302 288
216 303 324
224 304 252
168 305 36
271 306 108
1 307 288
33 308 216
270 309 72
38 310 252
11 311 72
287 312 72
45 313 72
115 314 180
34 315 36
73 316 216
22 317 288
179 318 72
270 319 36
242 320 144
320 321 36
147 322 108
204 323 216
135 324 36
159 325 72
96 326 36
34 327 36
12 328 36
74 329 324
46 330 288
317 331 252
59 332 216
327 333 72
131 334 288
51 335 288
225 336 216
323 337 108
88 338 72
260 339 108
117 340 216
282 341 72
56 342 72
340 343 144
125 344 144
297 345 108
201 346 216
332 347 72
186 348 216
335 349 288
36 350 144
239 351 144
56 352 72
115 353 36
267 354 72
213 355 180
19 356 252
159 357 72
18 358 288
219 359 180
34 360 108
60 361 144
185 362 180
57 363 72
8 364 36
66 365 36
168 366 36
243 367 180
357 368 108
140 369 144
159 370 216
135 371 108
368 372 144
60 373 216
165 374 36
48 375 72
191 376 36
31 377 36
359 378 72
169 379 180
122 380 288
160 381 216
22 382 252
13 383 216
47 384 72
143 385 108
131 386 180
133 387 108
89 388 72
317 389 144
17 390 72
47 391 72
167 392 108
392 393 72
135 394 144
297 395 180
310 396 180
290 397 108
61 398 216
203 399 252
60 400 288
26 401 36
134 402 72
363 403 108
141 404 36
23 405 108
384 406 144
172 407 72
320 408 144
373 409 144
352 410 36
39 411 144
143 412 108
267 413 180
112 414 252
332 415 72
213 416 216
82 417 108
90 418 252
216 419 252
289 420 252
407 421 180
15 422 144
109 423 216
204 424 36
183 425 324
246 426 288
251 427 36
272 428 36
67 429 72
29 430 180
422 431 36
339 432 36
96 433 324
332 434 180
417 435 108
312 436 72
410 437 180
141 438 36
63 439 108
367 440 288
272 441 216
54 442 180
332 443 144
204 444 36
351 445 108
316 446 36
76 447 108
98 448 72
315 449 36
186 450 108
153 451 108
238 452 180
370 453 72
351 454 72
217 455 108
182 456 72
8 457 36
301 458 144
200 459 72
453 460 108
123 461 36
126 462 72
431 463 216
216 464 288
16 465 144
133 466 144
199 467 36
188 468 324
287 469 108
387 470 108
385 471 36
346 472 180
29 473 108
226 474 288
177 475 36
321 476 36
360 477 180
254 478 288
153 479 252
236 480 108
218 481 288
209 482 108
38 483 180
6 484 72
224 485 72
356 486 252
303 487 252
107 488 108
341 489 72
372 490 72
141 491 72
271 492 108
58 493 36
255 494 72
277 495 36
349 496 36
408 497 36
338 498 288
246 499 72
450 500 144
118 501 180
74 502 324
112 503 108
431 504 180
103 505 180
341 506 72
109 507 36
312 508 180
333 509 288
329 510 36
392 511 36
404 512 252
423 513 180
376 514 288
210 515 72
275 516 144
150 517 36
311 518 180
115 519 36
59 520 180
412 521 108
410 522 216
513 523 72
433 524 36
208 525 36
271 526 288
120 527 72
112 528 72
220 529 72
195 530 36
221 531 36
102 532 252
461 533 108
282 534 252
400 535 216
99 536 108
228 537 72
496 538 36
533 539 36
359 540 216
374 541 36
339 542 252
527 543 72
494 544 72
207 545 72
355 546 180
256 547 180
444 548 72
371 549 72
449 550 36
156 551 108
442 552 36
76 553 36
522 554 36
344 555 36
503 556 36
524 557 36
196 558 180
491 559 108
178 560 36
364 561 36
275 562 144
279 563 108
474 564 72
465 565 36
308 566 144
83 567 108
16 568 108
299 569 36
70 570 108
252 571 324
513 572 108
68 573 108
47 574 108
481 575 252
478 576 72
276 577 180
431 578 108
141 579 36
450 580 180
556 581 144
372 582 180
517 583 144
583 584 180
564 585 180
320 586 180
290 587 252
171 588 216
136 589 72
171 590 108
432 591 72
162 592 36
125 593 108
367 594 36
121 595 72
584 596 180
94 597 288
76 598 180
204 599 36
520 600 72
366 601 108
440 602 252
417 603 108
27 604 72
85 605 72
529 606 72
192 607 108
297 608 36
468 609 144
317 610 252
284 611 144
233 612 216
333 613 108
485 614 216
427 615 36
361 616 108
154 617 288
539 618 144
386 619 72
361 620 36
86 621 72
361 622 72
316 623 72
461 624 144
237 625 252
343 626 180
394 627 36
67 628 72
38 629 36
288 630 216
230 631 72
15 632 36
229 633 108
267 634 108
143 635 216
350 636 288
210 637 288
100 638 72
87 639 252
122 640 324
596 641 108
103 642 72
529 643 180
499 644 216
157 645 36
107 646 108
399 647 108
467 648 252
524 649 36
140 650 144
548 651 180
630 652 144
63 653 108
528 654 108
333 655 252
65 656 252
122 657 180
505 658 144
529 659 36
553 660 144
656 661 36
655 662 216
329 663 108
123 664 108
216 665 72
20 666 180
491 667 36
55 668 180
553 669 180
590 670 144
638 671 72
434 672 108
519 673 108
96 674 36
337 675 108
210 676 216
386 677 72
60 678 288
588 679 72
76 680 72
658 681 36
580 682 108
315 683 108
134 684 36
569 685 108
246 686 180
186 687 36
685 688 180
544 689 72
444 690 180
188 691 216
282 692 72
623 693 144
530 694 180
500 695 36
636 696 36
87 697 36
226 698 324
497 699 36
338 700 216
54 701 108
115 702 36
382 703 108
189 704 72
232 705 216
264 706 180
4 707 72
36 708 144
283 709 180
707 710 108
372 711 72
216 712 288
206 713 36
487 714 108
578 715 108
212 716 216
450 717 72
47 718 72
273 719 72
276 720 36
601 721 216
199 722 324
94 723 36
286 724 108
346 725 216
449 726 72
213 727 36
388 728 216
417 729 216
567 730 108
516 731 180
554 732 252
270 733 288
72 734 216
729 735 36
214 736 180
46 737 216
92 738 288
628 739 72
422 740 36
379 741 144
192 742 216
139 743 144
504 744 36
260 745 108
364 746 252
242 747 36
246 748 216
78 749 288
294 750 288
643 751 324
404 752 288
625 753 180
120 754 108
537 755 36
237 756 36
596 757 36
359 758 72
333 759 180
544 760 36
611 761 180
485 762 216
391 763 36
613 764 108
728 765 72
402 766 252
692 767 72
549 768 108
138 769 36
689 770 36
266 771 36
524 772 72
710 773 108
163 774 108
209 775 108
140 776 108
585 777 216
611 778 180
371 779 144
354 780 180
471 781 216
745 782 36
431 783 36
717 784 72
622 785 72
316 786 108
766 787 72
633 788 72
408 789 36
316 790 36
663 791 72
759 792 36
178 793 144
174 794 180
228 795 180
374 634 144
80 300 36
319 786 108
83 268 72
420 599 216
545 645 216
616 691 144
62 384 108
205 433 72
533 726 108
13 385 144
82 114 108
119 369 252
277 690 252
50 611 108
126 586 216
352 387 72
73 228 144
157 405 36
49 217 108
39 379 108
104 151 36
210 731 144
646 716 108
189 591 144
432 593 144
193 268 288
421 764 216
199 489 108
749 769 108
240 775 36
590 769 36
296 303 36
265 431 180
83 450 36
116 302 72
50 244 72
415 648 72
49 423 108
601 659 36
175 641 72
465 530 180
219 324 72
268 538 36
7 356 36
422 430 108
266 756 144
636 663 216
359 542 72
285 544 108
534 719 144
69 157 72
321 485 180
566 777 72
349 353 108
96 480 36
251 401 36
269 509 72
335 795 36
20 203 288
69 438 72
161 648 288
172 262 108
421 707 252
492 721 108
203 530 144
247 505 36
503 750 180
261 388 144
331 615 180
317 373 216
166 709 72
92 315 144
155 228 144
207 718 180
483 551 72
41 690 180
100 705 144
555 606 108
15 183 180
104 238 180
260 285 216
95 101 36
10 743 216
529 697 108
75 346 108
266 593 36
246 726 252
256 265 36
273 694 108
602 686 36
290 451 72
81 430 144
301 638 36
93 308 72
50 270 252
338 674 252
1 394 108
573 600 324
245 332 288
108 631 144
10 652 144
612 765 36
192 616 144
653 673 36
241 606 108
666 684 108
81 681 72
377 753 180
63 519 180
74 289 252
228 293 144
278 359 216
135 481 72
82 303 180
413 740 252
354 511 144
395 433 36
26 425 108
238 423 288
128 271 108
240 319 288
140 579 72
351 551 36
118 538 216
387 761 216
125 355 144
53 88 36
66 152 288
167 359 108
106 471 180
39 76 108
100 416 108
228 771 72
621 703 180
252 632 180
316 598 72
114 164 108
184 496 72
208 485 108
168 763 108
591 729 36
475 698 180
85 563 36
116 604 108
169 231 36
317 780 180
295 540 36
602 609 108
652 717 36
192 778 216
501 577 108
142 587 36
309 711 180
70 303 252
83 696 180
89 764 36
51 576 216
341 755 108
4 570 72
301 696 288
358 785 180
437 759 36
379 683 72
211 499 144
253 383 252
413 619 72
85 352 216
38 40 72
80 652 72
3 214 72
289 539 108
582 738 36
294 456 216
412 650 144
68 767 144
40 728 36
586 657 144
60 510 288
84 765 288
498 543 144
299 446 108
62 323 288
226 251 144
152 667 144
247 363 108
370 452 180
581 646 36
710 790 36
338 439 72
210 253 36
99 198 180
108 233 36
179 375 144
385 577 36
307 368 180
383 503 108
351 650 108
146 606 72
20 439 216
305 692 144
45 93 36
146 716 144
1 641 72
247 704 108
243 323 72
231 497 288
183 527 216
136 385 36
621 773 108
323 795 36
742 789 36
655 734 180
273 318 72
488 629 108
306 751 180
417 770 180
514 688 36
605 691 72
249 682 144
183 792 180
176 439 72
189 417 36
576 767 144
46 110 72
26 340 180
322 653 216
502 565 36
332 588 72
175 268 72
3 285 180
266 569 72
333 721 252
2 776 252
454 678 36
160 195 180
357 421 108
575 729 216
118 334 36
77 164 144
569 587 216
430 749 108
53 385 36
82 324 108
184 617 108
611 663 72
38 424 36
130 150 36
6 548 288
32 365 108
17 264 36
62 417 36
268 624 72
346 752 108
208 711 180
11 362 108
615 728 144
211 621 72
494 569 72
113 642 216
270 272 72
231 739 288
268 446 216
286 571 180
380 403 180
86 128 72
57 666 72
352 364 252
249 704 72
413 515 36
30 752 72
185 596 144
312 658 216
68 462 180
462 794 288
482 621 324
158 609 144
516 754 144
357 491 36
146 187 72
410 689 72
81 207 252
269 491 72
26 136 36
51 278 216
273 427 108
106 257 144
406 707 72
582 651 180
26 152 216
242 633 216
459 745 180
9 576 72
182 274 144
129 577 72
163 236 36
90 719 72
195 794 108
253 501 108
37 604 36
421 428 72
671 740 216
565 652 144
542 749 216
277 448 216
306 664 180
159 174 36
450 630 108
163 312 72
221 280 144
466 722 252
282 598 216
425 632 180
318 664 144
244 393 72
72 685 216
224 564 36
138 737 36
1 563 72
440 455 180
208 693 108
602 694 72
224 592 216
349 521 288
119 268 36
255 641 72
109 124 36
47 273 72
143 760 216
151 540 36
195 644 216
427 686 108
319 353 108
94 717 216
37 221 144
132 751 108
332 373 72
301 501 108
636 790 72
38 353 36
24 198 108
12 674 72
165 589 252
258 795 144
607 759 216
71 536 108
198 337 180
259 346 72
432 563 252
78 395 36
9 359 144
2 41 216
684 762 36
379 436 36
605 674 144
691 728 108
572 626 216
406 431 72
251 678 144
34 736 108
53 472 108
528 734 108
527 719 72
166 546 72
543 623 36
65 466 72
89 763 36
114 691 180
488 700 252
524 731 144
188 764 288
483 647 72
388 555 180
44 173 144
516 597 288
388 605 180
166 609 108
396 405 72
474 680 144
292 551 180
735 761 288
34 615 72
191 228 108
106 134 180
520 549 36
39 627 108
508 757 72
20 408 324
535 731 72
140 707 144
184 555 36
252 635 72
84 288 72
28 644 288
172 510 144
464 583 144
450 736 144
548 709 36
574 619 144
453 572 144
268 469 72
125 157 216
478 647 108
255 674 180
478 641 252
349 525 72
160 302 36
257 305 36
54 516 108
268 529 144
669 792 180
418 740 324
256 464 180
477 520 36
14 470 252
299 611 36
187 634 36
330 570 144
81 90 72
23 38 252
218 440 324
239 498 324
468 527 216
366 665 72
485 497 36
403 509 108
188 427 216
25 554 216
39 338 36
436 783 144
348 607 72
692 740 324
275 526 180
72 422 288
17 638 180
28 671 180
202 257 36
503 661 36
120 184 72
176 211 36
77 146 108
522 691 180
343 552 180
219 408 180
338 528 72
279 322 180
692 771 216
306 371 36
259 391 36
83 119 36
20 206 252
646 735 72
133 425 108
6 379 216
326 639 216
78 651 216
55 134 108
709 753 216
94 772 108
313 611 72
94 389 180
130 136 144
744 764 180
128 526 180
299 756 180
15 140 36
324 556 144
91 228 144
225 427 144
514 760 72
447 729 36
714 788 36
22 532 216
199 331 252
133 376 180
106 374 252
406 690 36
17 141 144
67 227 108
668 737 36
40 629 36
184 228 36
198 594 72
482 602 252
102 735 288
559 666 108
26 352 180
109 309 144
228 716 180
381 474 216
172 416 36
436 716 180
10 140 144
308 691 72
748 774 36
217 591 180
133 238 216
397 554 108
24 274 216
80 534 72
111 395 252
405 512 72
436 627 36
128 468 180
313 656 36
449 778 108
333 685 72
16 791 108
131 686 72
363 620 216
102 342 288
448 555 108
772 789 72
488 744 108
225 598 216
53 312 72
306 392 72
305 630 108
255 593 36
535 617 252
95 647 36
629 777 36
300 694 288
12 14 144
447 738 216
318 381 72
50 786 180
121 472 72
231 650 288
196 777 108
283 779 72
121 747 144
191 786 144
159 584 216
749 791 252
423 470 288
187 196 72
281 642 36
1 54 144
259 315 144
16 108 180
276 586 288
79 247 180
251 294 144
132 707 108
683 725 36
233 741 36
324 429 144
263 272 72
726 782 252
424 558 108
65 724 288
259 332 252
65 666 180
257 589 108
490 666 144
265 287 144
57 329 72
182 573 144
68 493 144
354 530 144
696 742 288
56 399 72
49 465 144
167 401 36
153 241 108
237 586 36
89 310 72
447 550 144
396 646 72
14 572 36
60 305 180
423 535 216
385 510 144
406 590 36
273 678 72
126 234 216
762 766 180
401 616 72
438 682 108
67 763 108
247 706 36
352 577 72
573 763 36
36 242 108
80 333 36
620 683 180
495 786 36
540 639 144
32 141 108
280 547 72
34 323 108
312 543 108
310 471 108
489 616 144
367 550 36
57 725 72
544 592 180
9 722 144
556 563 72
183 262 252
87 742 324
209 658 72
317 357 144
248 333 36
422 451 144
253 407 252
221 270 36
371 741 144
68 477 108
5 416 108
530 722 180
260 331 144
48 253 324
330 546 324
176 573 288
90 428 108
110 600 108
7 287 288
622 653 144
316 342 72
27 43 180
316 428 72
434 451 72
418 435 144
298 546 216
484 497 216
350 693 36
77 203 252
473 488 108
140 174 36
394 654 72
1 399 324
533 671 36
304 706 252
136 161 180
480 576 72
528 716 216
18 671 180
321 794 144
313 693 108
161 556 216
598 673 216
163 642 108
199 650 288
297 600 216
42 737 72
202 566 72
163 420 180
506 607 252
91 755 252
466 609 72
576 670 144
225 481 216
86 427 144
13 770 180
43 66 36
325 451 36
81 176 288
284 690 252
76 115 36
175 714 72
9 355 36
238 789 288
221 326 216
559 651 36
565 758 36
427 560 144
349 559 252
195 768 72
189 431 252
3 31 180
150 172 144
496 617 36
203 243 180
137 209 180
539 732 144
1 518 72
139 788 108
198 403 108
337 343 36
148 771 36
321 721 144
270 282 36
647 776 108
247 606 144
554 600 72
121 295 72
212 404 72
232 436 108
225 733 252
166 614 144
286 338 108
291 477 72
27 405 36
183 450 180
339 657 144
116 455 72
524 556 72
322 437 252
96 617 324
414 700 36
301 490 288
49 88 36
530 589 108
302 580 324
292 585 288
539 709 180
35 787 144
191 765 216
443 619 36
91 585 288
411 453 108
314 768 180
425 642 252
221 571 252
195 675 72
494 726 144
3 167 72
233 613 108
212 604 72
458 753 72
105 240 288
419 624 144
267 765 216
165 787 216
377 580 288
96 224 252
351 733 180
685 761 216
197 412 36
111 719 108
740 793 72
170 746 72
529 540 36
14 45 108
117 664 252
90 694 252
446 701 252
113 615 216
16 78 144
186 478 252
249 355 108
134 237 72
537 559 36
312 521 216
286 449 36
241 254 144
414 745 36
634 783 144
19 428 144
144 644 216
247 406 144
54 577 108
113 313 72
224 755 180
251 462 144
589 606 180
129 408 144
32 123 36
13 380 252
160 538 36
131 297 180
391 762 36
26 132 108
115 516 144
261 573 144
47 96 144
203 546 36
461 592 36
240 630 252
635 683 36
269 611 108
177 772 36
275 309 36
268 369 288
16 494 36
55 768 36
370 487 252
440 643 324
681 714 72
567 658 288
329 592 288
645 701 216
154 762 72
8 579 108
402 779 36
16 35 108
118 327 72
259 454 216
167 709 108
430 718 72
18 679 252
529 741 72
293 626 36
285 417 36
102 173 72
386 492 72
291 749 108
349 634 144
247 312 36
29 445 252
65 415 216
279 568 108
438 667 72
77 683 252
257 790 72
102 518 36
279 480 144
364 544 72
208 295 72
218 652 180
122 306 144
6 76 216
230 583 36
33 742 72
72 684 252
165 654 324
422 608 108
425 663 108
168 516 180
462 465 36
99 138 36
586 705 72
324 710 36
4 146 72
115 716 180
206 442 216
61 404 252
471 690 72
83 84 216
143 476 144
206 773 36
600 748 72
194 318 144
385 584 144
421 671 36
426 500 288
498 610 252
364 525 36
356 468 72
115 400 108
40 517 144
129 507 144
669 779 72
446 544 144
93 501 108
553 744 36
510 748 36
604 781 180
403 644 108
212 252 108
185 412 180
266 285 180
592 727 252
311 448 36
535 661 144
246 307 36
70 575 36
525 750 252
126 587 216
622 652 72
354 545 324
440 663 216
203 466 216
129 132 72
127 792 36
191 744 144
59 106 216
72 348 252
322 376 36
114 674 252
53 731 36
127 703 72
625 668 252
28 461 36
343 679 108
680 740 144
174 652 36
35 170 36
452 636 180
44 530 36
505 697 144
327 393 72
308 395 252
248 468 72
628 727 72
72 538 72
30 233 36
766 790 216
387 443 36
421 617 72
27 192 36
155 691 72
462 637 288
241 762 72
169 611 108
54 763 180
73 444 108
400 779 216
318 326 108
373 581 144
442 748 216
573 709 324
120 760 36
685 700 36
108 680 144
86 356 180
199 253 324
189 606 180
151 469 72
245 358 324
551 713 72
356 569 144
448 743 144
412 664 144
236 612 108
65 409 72
619 782 144
141 555 72
539 685 36
394 780 72
86 399 216
684 767 180
76 99 72
197 328 36
35 91 252
217 424 72
192 477 108
42 365 252
110 280 108
3 123 36
69 465 180
13 722 36
41 172 72
48 785 144
660 670 216
200 735 216
574 622 36
662 726 216
419 605 108
479 502 288
6 489 108
247 790 144
747 787 144
412 625 144
431 611 144
47 279 36
46 260 180
458 665 72
233 343 144
490 717 72
53 256 36
5 500 180
123 572 108
117 469 36
62 746 288
588 680 72
47 587 144
524 717 180
66 288 216
19 195 216
364 743 72
561 791 36
254 589 72
472 732 288
354 428 180
298 550 144
661 793 144
110 432 180
35 609 72
344 589 108
49 372 72
413 444 36
162 497 288
40 691 72
139 192 36
560 723 36
262 355 108
522 777 36
3 634 36
289 335 216
282 363 72
19 210 36
447 487 144
136 541 180
172 465 180
382 772 180
384 612 36
12 462 180
198 450 144
52 580 72
34 165 144
525 564 36
447 743 108
107 447 108
451 653 36
72 447 216
202 749 72
284 682 180
406 449 144
162 403 216
481 534 36
144 182 36
43 780 72
174 224 72
7 225 216
337 483 72
243 794 108
60 213 324
193 760 252
15 244 72
13 578 180
524 672 288
165 635 252
541 686 216
702 772 72
579 764 180
110 152 216
573 739 288
524 574 252
127 259 180
150 695 72
419 579 144
496 762 180
281 419 36
314 557 324
379 715 216
134 177 72
312 664 252
505 542 72
644 700 252
95 651 72
112 245 288
754 759 36
254 780 144
428 539 36
338 681 216
150 372 108
147 382 72
429 577 108
20 250 288
132 345 108
95 721 108
310 367 288
714 716 144
135 794 108
403 614 108
38 619 72
672 734 108
235 704 288
453 600 252
183 619 180
352 716 36
264 630 216
50 564 180
61 287 288
689 774 144
115 210 108
270 713 72
9 767 72
340 687 216
217 218 36
329 668 288
172 740 144
495 597 216
54 611 72
196 401 36
324 393 108
50 603 144
291 425 180
369 600 324
400 579 72
622 754 108
493 625 36
343 383 108
148 447 36
432 579 180
232 603 108
7 361 108
202 393 72
583 715 180
30 326 36
222 233 36
377 670 36
238 657 144
542 770 144
578 757 36
425 672 324
134 791 180
592 755 36
696 793 36
346 503 72
174 722 144
138 176 180
448 613 72
281 355 108
143 788 144
707 767 252
321 635 108
106 175 72
450 675 144
180 216 144
123 459 72
295 378 108
699 727 36
237 534 36
67 637 144
365 778 72
475 507 108
443 606 72
64 719 72
71 348 72
636 738 324
566 600 144
117 737 180
178 618 72
193 453 72
531 609 144
121 780 36
224 317 252
470 614 108
309 551 72
562 752 324
348 640 72
170 205 144
81 485 324
127 318 72
385 547 108
273 645 108
533 614 72
236 394 108
489 654 216
622 624 144
455 528 36
25 217 252
545 569 108
514 755 252
34 426 180
138 314 108
514 631 180
316 524 180
339 621 324
207 647 108
483 725 252
292 776 72
143 662 36
179 567 108
200 244 144
277 580 288
129 569 36
488 605 144
75 293 180
315 684 108
65 585 36
4 357 72
313 440 216
224 227 216
88 464 180
574 694 288
372 589 144
63 610 72
6 596 180
261 350 144
478 489 72
395 772 72
239 439 108
110 757 72
419 774 216
477 583 36
141 794 252
475 610 108
506 787 36
587 761 324
299 403 36
754 790 108
434 649 144
653 785 72
210 711 252
563 720 36
391 671 144
206 343 72
35 328 72
266 572 72
8 276 36
426 745 324
682 720 144
73 364 36
256 277 72
430 589 108
358 666 144
187 333 180
176 571 288
13 707 288
311 534 108
612 783 216
134 295 36
197 419 36
29 590 216
531 698 36
173 530 108
177 652 36
480 656 216
377 559 216
379 651 108
49 661 36
62 141 72
50 146 108
286 581 108
300 794 36
342 455 144
442 677 144
403 680 72
671 739 72
23 450 180
376 692 288
162 786 216
147 317 108
231 421 252
133 202 108
338 480 252
669 759 216
116 309 36
291 596 36
97 489 108
71 206 108
5 604 72
130 627 180
266 459 36
162 516 324
345 622 144
111 123 72
167 413 36
34 479 108
143 751 36
404 639 36
37 652 36
372 636 108
264 353 144
115 657 36
188 640 324
672 730 216
645 653 108
48 196 144
336 760 216
145 729 108
711 722 288
123 604 36
100 285 108
268 691 180
177 610 72
6 342 36
339 618 288
484 513 36
279 330 180
96 623 180
329 774 36
671 697 180
331 750 252
433 519 180
394 439 36
199 772 216
220 364 72
441 645 108
165 320 180
311 705 36
95 384 36
323 417 252
193 384 216
445 762 36
336 372 72
432 624 180
510 663 72
180 405 72
150 632 144
136 509 144
318 794 144
14 392 144
156 722 288
284 546 36
14 685 144
297 739 180
33 193 252
18 637 36
36 326 108
82 559 108
84 374 36
480 604 108
161 641 288
63 228 144
123 164 72
220 387 108
539 655 144
288 553 108
225 344 108
175 683 72
265 769 36
349 638 36
468 648 288
245 311 108
599 792 36
101 278 108
418 582 36
496 670 36
342 415 180
270 460 108
313 615 144
236 377 144
71 209 36
107 631 72
376 733 36
546 629 108
28 324 36
68 774 180
154 298 72
228 681 108
645 662 36
18 86 216
386 666 72
179 635 36
382 556 180
595 623 36
118 197 72
155 562 288
691 744 108
340 613 108
17 720 144
219 332 144
10 512 36
235 655 252
583 587 180
170 738 216
415 795 216
12 277 180
105 618 36
116 569 36
169 199 36
111 171 36
94 315 144
72 746 288
265 614 72
175 200 36
436 448 108
70 519 108
603 790 108
217 569 72
211 293 216
329 627 108
331 606 180
476 488 144
272 366 36
274 485 324
95 650 108
241 725 144
42 71 144
631 683 144
110 701 108
649 779 180
246 600 288
313 406 144
258 772 72
212 757 72
444 650 72
385 576 36
426 788 144
379 643 108
62 478 288
343 659 72
268 793 216
296 724 252
128 349 144
32 396 36
522 705 216
99 156 108
147 662 36
581 593 108
452 482 180
315 561 72
117 122 72
299 383 108
416 698 216
400 602 36
35 338 216
101 622 144
174 748 72
221 717 144
7 717 72
144 342 72
483 702 72
155 210 252
88 297 108
373 432 180
446 787 144
67 235 108
486 737 252
341 379 36
12 624 108
297 566 72
83 738 108
232 547 252
185 472 36
29 115 144
452 653 36
203 212 72
223 542 180
271 356 216
284 291 144
197 657 36
439 698 108
147 648 180
130 659 72
168 214 72
107 468 216
195 367 180
18 73 288
62 70 72
102 652 180
431 437 252
18 615 36
132 428 72
413 588 36
253 664 324
725 776 72
45 212 72
2 582 288
331 479 216
615 773 144
436 574 144
725 773 108
429 781 108
55 534 216
58 230 72
616 630 36
251 767 108
232 450 108
101 227 180
3 585 108
38 553 72
326 365 216
481 525 216
22 519 144
40 715 180
414 767 216
230 568 72
512 753 72
47 627 72
359 728 108
247 285 108
42 296 36
12 582 180
448 786 144
365 732 252
520 786 36
347 613 72
530 793 72
147 455 72
390 706 216
75 711 180
200 614 144
315 704 144
238 629 216
234 749 36
152 486 324
185 543 180
366 786 36
228 302 144
663 674 180
284 562 36
449 625 72
109 788 108
261 382 108
264 337 72
700 781 252
529 616 108
279 662 108
74 467 36
525 754 72
358 764 288
511 790 72
283 309 72
404 437 36
5 672 216
270 599 72
180 274 180
62 234 324
49 61 144
275 794 180
111 204 216
114 698 36
414 569 180
697 758 216
273 757 72
1 291 216
218 607 324
2 644 324
354 670 252
476 557 144
424 784 180
8 67 180
166 409 180
501 752 216
154 614 72
515 747 144
135 337 36
205 318 108
264 791 216
465 657 180
304 486 324
526 592 36
569 643 108
306 356 108
246 491 144
72 477 108
49 516 144
159 300 180
683 707 288
241 395 108
417 545 36
479 676 36
70 326 216
427 777 144
418 619 144
536 678 252
558 580 324
445 607 72
554 592 216
376 548 252
107 221 36
245 709 324
251 271 144
487 632 108
130 750 36
453 504 108
543 712 108
407 736 36
488 601 252
495 606 180
477 548 72
668 747 36
173 584 252
145 636 180
261 327 36
16 371 36
528 557 108
490 619 144
285 685 216
450 522 108
206 779 180
39 784 288
509 628 108
204 405 144
498 657 144
392 491 72
77 129 144
690 713 180
96 614 108
116 229 108
111 573 36
160 459 108
396 737 108
367 424 72
425 491 144
402 566 144
365 686 36
489 661 108
183 376 36
11 137 252
504 737 108
374 529 108
213 775 324
123 748 144
112 663 72
288 656 180
139 443 72
182 441 144
311 584 108
171 638 288
437 451 72
546 648 36
513 695 36
81 202 108
370 558 324
69 750 144
56 531 180
140 601 72
207 692 72
141 185 72
180 259 144
462 591 180
32 788 36
33 97 252
584 628 216
403 596 36
294 381 216
124 357 108
35 640 72
380 605 144
74 638 288
312 408 72
52 173 180
408 568 36
34 414 108
204 494 108
246 620 72
267 363 252
53 125 108
278 718 36
371 781 108
85 263 36
2 138 108
222 484 72
211 757 108
142 465 288
336 773 180
52 583 108
156 563 252
76 607 216
163 334 180
62 81 324
35 590 36
211 547 216
34 367 144
56 777 144
450 770 72
420 705 72
667 742 180
455 588 36
408 430 180
149 344 72
6 759 216
104 303 180
700 772 144
452 640 180
36 161 144
403 494 72
1 638 72
253 660 288
659 683 180
521 600 288
145 762 72
99 411 36
244 569 108
36 455 36
315 370 180
2 377 288
161 788 180
1 215 288
647 770 36
419 687 180
226 521 36
225 751 252
83 645 108
55 483 144
723 756 288
3 410 72
2 471 108
283 484 72
219 381 72
168 535 72
658 683 252
342 437 216
26 56 108
457 680 144
138 275 72
335 703 108
30 141 180
445 583 108
459 479 144
139 631 72
48 296 36
35 757 72
93 160 180
254 445 252
546 597 288
126 180 36
92 212 180
35 300 36
267 602 180
424 620 108
326 594 216
308 392 72
233 511 108
26 201 108
148 178 72
50 223 36
30 442 36
310 701 324
324 550 180
109 351 108
472 589 36
172 442 108
61 774 252
7 699 216
78 314 324
432 653 180
194 491 180
473 537 108
205 726 36
729 734 36
25 680 108
317 736 36
139 637 72
135 272 108
48 198 324
168 238 144
406 413 180
58 370 288
357 515 72
237 429 180
17 426 216
623 641 108
585 657 108
656 672 252
62 532 252
374 548 252
213 477 108
243 783 72
62 574 288
134 142 72
151 213 180
437 572 36
124 762 72
357 541 144
88 227 180
167 451 36
244 746 72
109 164 108
240 545 288
117 505 72
355 445 72
120 165 288
72 718 252
163 589 72
530 573 144
139 340 36
355 592 108
192 527 108
16 588 36
78 637 324
70 557 72
378 568 36
175 267 144
106 514 36
315 512 144
62 640 324
186 720 36
113 272 72
367 551 144
99 615 72
90 481 36
325 699 108
349 590 216
71 311 36
16 719 36
651 791 180
150 529 144
458 707 180
288 583 108
280 783 72
144 337 36
100 260 108
18 353 180
242 676 36
428 518 108
65 469 216
484 666 108
519 592 108
8 428 144
285 635 72
146 484 72
177 679 108
180 415 36
417 583 108
165 214 216
9 705 108
23 428 180
258 452 36
53 63 144
341 767 72
402 681 36
96 509 324
679 715 288
626 757 144
568 651 180
398 431 252
200 350 36
105 394 72
89 325 72
25 209 72
435 664 180
667 698 180
464 715 36
89 590 36
418 583 144
458 732 180
92 330 36
114 360 252
266 671 72
335 673 216
544 641 72
150 352 36
590 669 108
127 545 108
124 331 216
168 180 36
478 544 180
324 425 252
52 512 36
75 776 36
639 779 180
163 372 72
238 301 324
553 589 72
73 624 108
275 558 144
256 692 108
397 561 108
108 665 252
164 258 36
165 356 72
326 700 36
16 615 108
210 564 72
162 575 288
129 680 36
168 179 72
390 425 288
267 756 72
59 668 36
248 673 180
522 758 36
491 609 36
324 765 216
500 642 36
99 493 108
688 769 144
82 318 36
454 755 180
48 160 288
193 724 288
280 520 144
225 541 252
342 567 288
130 469 180
321 588 72
273 523 36
25 203 252
580 661 216
314 548 288
1 714 216
161 548 288
91 444 108
157 228 108
44 699 144
62 209 216
14 157 180
130 614 72
234 704 324
65 163 180
137 659 180
324 603 108
451 650 108
41 57 36
152 772 216
107 321 72
263 313 72
487 645 144
543 651 36
501 649 36
52 185 252
595 744 72
464 789 252
243 254 216
1 114 72
99 700 72
167 676 144
223 481 36
239 414 288
337 764 108
160 310 288
238 494 144
345 487 36
330 366 180
76 670 36
490 629 180
538 771 144
205 559 180
363 783 288
640 787 216
637 710 108
580 653 216
306 759 36
48 117 252
267 515 144
466 550 180
252 733 324
236 408 180
127 752 216
157 687 180
19 297 216
6 266 144
48 279 180
253 554 72
525 772 36
36 197 36
219 411 36
51 197 216
58 97 288
449 626 216
78 249 72
150 524 288
161 424 216
341 445 108
423 501 72
276 767 36
470 647 144
18 454 216
354 402 36
127 771 108
317 576 108
561 653 36
96 511 144
289 627 36
6 479 36
398 467 216
147 586 108
115 226 180
25 401 144
92 176 252
755 763 36
316 381 36
63 247 108
397 794 144
114 713 72
158 393 180
531 762 180
84 422 36
200 737 180
193 473 216
164 618 108
122 297 216
342 650 252
201 354 324
267 659 36
453 743 144
313 471 108
133 192 108
106 470 288
480 527 180
215 787 144
128 570 36
433 741 252
104 640 180
165 744 216
108 533 180
308 445 36
183 382 36
455 733 180
405 743 108
717 722 216
404 756 288
118 168 108
13 696 252
202 608 36
229 427 36
232 414 252
586 670 252
113 682 180
11 331 216
109 748 180
11 41 180
9 774 108
172 693 180
540 611 36
191 632 72
501 634 36
505 759 36
99 303 144
206 785 108
18 556 180
462 614 180
269 698 72
64 249 36
762 795 108
461 591 36
571 711 36
207 408 72
451 570 36
505 747 108
231 364 288
12 270 180
334 667 144
112 309 72
32 51 180
179 591 108
263 753 180
241 773 36
408 767 72
181 750 288
346 594 144
161 299 180
473 790 144
774 781 36
501 546 108
168 171 144
456 473 144
65 506 252
178 450 36
172 775 144
227 542 216
56 755 36
19 592 288
82 385 36
34 501 72
190 469 72
200 726 36
221 502 72
544 602 36
347 727 72
34 666 36
268 689 144
236 297 36
540 730 108
184 765 72
39 534 324
164 475 36
202 225 144
190 218 36
113 391 216
415 568 72
19 764 288
109 553 108
190 280 180
322 721 288
542 622 180
450 627 36
523 683 108
26 282 36
69 575 144
373 771 108
127 708 72
667 738 180
26 402 180
359 461 252
103 243 108
128 172 36
380 633 216
230 375 144
110 307 144
103 645 108
52 488 252
177 211 72
156 560 216
573 602 252
111 253 288
180 403 36
327 547 72
187 458 36
393 775 180
385 617 180
261 787 72
229 272 72
214 703 72
243 617 216
140 668 108
190 224 36
396 662 108
338 378 36
85 101 36
12 531 180
512 611 108
456 744 144
131 223 216
391 653 144
180 383 108
83 554 36
414 789 252
304 540 108
246 649 216
285 504 144
719 762 36
37 281 72
54 699 36
136 285 144
155 729 36
31 736 288
74 788 180
631 768 36
81 613 144
136 377 108
5 682 108
161 223 72
473 525 36
431 591 108
43 435 72
25 396 144
71 164 36
359 377 36
111 731 108
7 165 36
336 510 252
255 305 36
453 696 36
40 437 72
165 583 180
105 789 36
283 448 72
212 494 72
425 688 36
529 681 72
277 475 144
618 634 108
228 793 108
17 52 36
126 447 108
85 120 36
685 795 108
114 412 144
18 624 180
374 482 36
71 216 180
325 629 72
125 245 288
185 746 288
559 679 216
241 786 36
19 144 216
469 762 108
503 636 180
166 273 36
426 525 72
348 512 36
186 593 108
30 629 144
205 251 108
141 790 180
332 419 216
605 678 108
299 408 144
283 499 36
525 717 144
275 367 108
478 532 36
140 583 36
134 459 72
495 557 72
116 218 72
696 751 36
325 392 36
385 605 36
518 660 252
220 374 180
239 648 36
110 526 216
17 695 36
60 327 108
165 225 252
323 619 144
541 593 180
59 180 108
280 525 144
67 484 72
373 648 72
340 791 252
473 626 216
360 412 108
423 550 36
30 481 36
338 408 36
270 324 216
198 294 36
185 270 36
96 249 252
7 147 72
179 441 216
278 597 72
239 294 36
115 527 36
314 665 252
497 755 216
317 659 108
485 519 180
431 487 252
527 603 36
200 264 180
197 465 216
129 773 36
433 505 144
335 486 288
305 620 72
16 651 72
218 739 36
71 268 144
469 704 108
411 671 36
673 716 252
450 525 72
22 78 36
253 506 72
144 749 72
49 606 108
488 776 72
243 775 108
330 634 180
346 694 216
65 302 324
17 125 180
179 471 108
409 436 108
58 348 216
146 333 108
167 492 36
50 88 180
8 400 36
48 384 216
26 341 36
72 371 108
85 96 252
354 374 36
573 597 36
21 701 72
484 544 144
95 470 180
615 663 144
253 772 108
397 410 72
61 739 252
210 500 252
462 768 108
670 769 108
526 639 252
137 172 144
417 782 252
654 695 252
46 430 144
157 416 36
596 635 72
288 438 144
58 122 36
36 568 144
366 753 72
8 348 252
434 510 180
245 471 108
286 395 108
348 414 36
12 119 144
151 752 144
246 756 36
19 229 180
282 291 108
267 624 144
444 530 72
429 692 108
316 432 72
411 568 108
379 421 36
119 449 36
65 307 72
698 735 288
261 535 72
31 581 252
430 540 36
235 344 108
130 206 216
105 304 324
51 113 36
295 781 180
407 706 180
464 609 108
168 289 108
280 787 108
63 572 108
25 346 72
152 785 144
5 142 180
126 538 36
633 704 72
255 634 36
283 720 108
38 775 252
66 591 180
284 590 180
149 572 144
125 401 108
438 607 216
163 496 108
605 673 72
31 170 216
161 375 72
88 577 108
231 279 180
626 746 36
182 228 36
281 294 252
384 758 36
304 350 288
287 474 36
236 293 108
27 647 72
42 787 216
92 732 36
233 678 252
133 239 108
82 602 72
47 496 144
60 730 216
526 559 72
35 769 72
497 611 144
277 528 72
233 565 252
378 714 108
510 639 36
282 698 72
225 369 252
134 755 36
154 448 36
135 566 72
101 388 216
150 217 288
505 510 108
258 282 108
21 199 252
376 385 108
505 737 108
298 533 72
303 316 108
398 508 180
93 172 36
178 672 216
98 579 72
1 182 216
442 753 72
269 377 36
14 730 36
30 600 252
126 742 108
186 308 252
428 457 108
225 362 108
38 500 216
265 440 180
233 556 180
32 431 144
483 691 36
774 780 108
386 390 72
193 230 216
145 406 108
406 586 72
293 672 36
556 580 216
462 731 144
17 200 144
648 670 36
94 388 324
303 326 36
132 731 36
47 795 144
658 698 288
356 455 108
183 259 36
16 625 108
451 614 72
62 750 324
156 192 72
47 177 36
150 351 180
381 521 36
95 379 36
245 560 252
8 713 108
366 649 72
367 384 72
32 560 108
483 521 36
94 435 144
98 282 108
357 486 180
547 791 252
265 529 36
492 628 36
37 737 36
412 782 108
142 146 108
275 579 36
310 565 288
8 673 72
335 470 36
347 487 36
47 630 144
171 286 180
153 306 108
141 574 216
86 508 180
592 651 72
7 170 72
476 719 36
12 778 216
45 194 144
460 639 72
770 783 72
261 575 144
307 666 108
309 559 144
59 533 108
439 576 108
428 482 180
307 533 108
287 435 144
415 644 108
357 722 180
604 692 180
431 619 180
441 613 144
312 629 36
65 503 180
227 569 180
669 697 36
270 633 36
22 117 36
271 299 108
329 379 108
151 750 144
129 415 36
343 580 180
229 514 180
232 407 216
466 590 36
278 491 72
301 417 36
123 140 36
676 757 72
228 584 180
62 573 324
313 566 36
323 445 36
246 440 36
295 737 72
78 601 252
521 688 252
26 794 216
163 239 144
46 598 252
152 692 324
299 524 108
611 685 36
242 791 252
293 425 288
566 645 72
278 605 72
147 429 108
193 700 72
374 620 72
127 168 72
104 569 36
105 389 180
513 643 216
84 590 108
264 692 252
458 557 144
148 278 36
152 170 108
523 612 72
237 497 252
326 626 36
42 332 288
154 709 288
254 683 36
138 216 216
224 586 252
79 194 36
35 119 180
44 442 72
71 656 108
201 527 108
39 42 324
45 83 72
530 759 72
188 434 216
411 485 144
387 453 36
88 662 144
291 673 108
62 523 144
543 681 72
47 577 36
282 305 72
722 757 180
416 768 72
356 492 108
311 586 108
190 704 36
185 661 108
497 613 144
612 704 72
466 634 108
450 688 108
57 263 36
201 413 72
132 342 72
293 570 108
25 529 108
4 148 72
408 719 180
357 619 36
384 685 108
284 296 252
442 725 288
47 232 144
238 302 324
105 735 288
68 544 108
279 629 36
226 408 324
238 724 288
646 728 108
398 788 72
199 329 324
153 354 288
93 640 108
171 708 288
225 615 180
21 514 72
465 549 36
60 424 216
120 278 180
341 549 108
489 558 216
445 507 36
67 101 72
220 503 36
716 782 36
318 685 36
633 648 36
211 236 108
494 626 144
124 145 144
106 341 108
111 514 288
32 456 72
316 727 180
177 383 108
657 660 108
498 567 324
559 630 216
148 201 180
66 748 36
458 482 180
113 699 36
74 454 252
240 693 288
43 447 144
433 775 324
59 795 72
535 551 72
494 549 144
410 502 252
152 408 324
472 501 72
250 673 36
180 339 180
671 681 144
509 623 144
400 776 36
485 779 252
67 779 72
268 697 252
22 628 72
550 662 180
618 742 36
388 515 216
137 330 288
439 471 108
61 409 36
80 181 216
20 595 144
272 788 36
310 489 108
299 670 72
93 780 72
87 189 252
27 29 252
129 307 108
111 378 216
116 422 216
113 589 36
484 585 36
465 467 288
16 394 72
678 698 36
329 446 252
344 644 180
381 657 72
190 715 288
97 228 180
37 674 72
147 508 36
333 709 288
628 644 108
207 222 252
236 390 108
319 706 72
251 394 108
594 756 252
261 618 144
336 405 72
106 746 252
165 263 288
216 236 180
290 562 72
299 791 108
42 561 252
166 528 36
137 269 36
128 317 180
457 589 36
458 477 36
30 276 216
321 682 36
13 75 72
350 595 144
217 594 36
126 685 108
84 790 72
611 639 108
97 671 216
464 770 72
471 688 180
403 482 216
125 600 36
159 606 144
71 700 72
83 692 108
95 782 144
21 524 36
29 689 180
435 547 144
411 645 72
315 422 144
50 556 180
527 769 72
49 242 144
82 408 144
42 674 36
38 479 216
223 230 144
7 644 288
177 352 144
392 619 72
15 478 144
80 762 36
89 134 36
237 669 36
382 450 144
295 313 72
9 23 180
93 686 108
196 548 144
101 460 36
551 679 144
201 789 36
365 584 252
122 791 36
300 458 144
7 543 108
157 233 36
131 654 36
279 453 108
168 709 180
44 276 180
250 752 288
36 741 72
444 778 108
132 597 72
499 704 216
376 573 36
679 751 288
328 578 36
250 546 36
481 625 252
701 739 36
82 773 36
597 684 36
291 471 36
172 347 72
18 228 144
12 154 72
139 564 144
98 599 72
174 258 36
226 543 144
16 720 72
260 497 180
60 662 72
203 229 144
379 545 108
156 417 252
278 376 72
269 578 144
46 579 72
208 647 72
109 666 108
49 648 108
191 739 216
47 576 36
660 775 36
28 693 288
420 590 108
431 538 252
180 776 72
253 286 144
193 389 144
104 377 108
683 729 216
466 659 36
127 722 108
68 163 72
277 374 252
580 621 324
119 182 108
97 660 36
642 661 144
193 557 324
344 735 108
30 309 144
15 766 108
139 593 108
369 708 288
583 663 36
140 408 180
236 617 180
423 700 216
615 763 36
187 329 108
9 728 36
70 545 72
501 517 180
17 196 36
9 84 180
68 250 180
301 512 288
129 621 144
171 331 252
243 653 108
503 697 144
324 773 144
238 443 144
127 721 72
78 414 288
512 687 216
367 559 216
314 484 72
60 378 252
221 620 144
370 527 216
252 409 252
433 495 72
488 529 180
340 570 108
180 652 36
49 585 144
247 611 72
67 782 108
478 719 108
192 302 216
151 303 144
187 720 36
46 552 288
388 721 288
250 749 252
13 18 252
142 250 252
202 301 216
265 776 72
266 326 108
145 230 36
75 329 108
544 640 216
162 203 288
279 509 144
31 528 108
322 389 144
1 445 288
300 740 36
60 110 216
639 682 144
133 736 180
586 700 72
124 448 36
337 400 144
136 632 36
95 422 144
431 480 36
95 429 36
246 670 216
100 520 36
71 684 72
200 753 144
47 561 108
99 440 144
267 463 144
99 773 72
159 541 216
278 391 36
583 765 108
133 758 36
168 783 108
312 705 180
160 429 72
722 764 288
749 770 72
627 676 144
310 371 216
192 721 180
209 787 108
418 673 72
53 674 144
304 378 252
248 706 180
486 731 180
677 738 144
9 668 144
281 535 36
515 667 72
440 694 324
177 468 180
164 215 108
106 279 108
422 643 288
427 561 144
74 513 108
147 413 144
553 644 144
85 100 36
340 705 36
118 506 216
144 321 36
363 503 144
185 627 108
24 640 216
143 176 252
35 308 36
224 514 72
394 435 72
766 777 36
91 339 324
209 423 180
153 317 288
157 686 144
655 779 216
71 781 180
351 390 144
262 546 72
318 358 180
320 532 108
63 404 36
91 415 108
585 672 36
585 745 36
333 410 36
148 610 108
414 581 36
15 34 36
583 642 108
544 659 108
537 741 36
328 383 72
121 280 108
536 715 36
201 743 108
303 699 252
501 590 108
184 573 216
779 788 108
20 603 180
81 711 36
82 300 144
216 588 108
118 315 144
296 445 36
68 506 144
36 533 36
102 249 72
498 535 72
4 612 180
287 579 108
16 490 144
339 381 72
584 648 288
472 747 216
182 312 108
412 508 72
2 686 216
54 586 216
227 726 252
27 155 36
95 364 108
193 610 252
233 311 72
459 545 144
115 564 36
356 727 216
161 409 72
134 319 216
501 760 36
372 695 36
66 658 252
73 310 324
92 171 36
340 381 36
225 503 72
186 601 216
32 761 180
96 493 252
11 482 36
243 446 36
311 452 72
140 616 108
428 785 36
407 733 72
270 772 72
111 604 108
220 359 108
543 584 144
193 625 288
136 700 108
141 741 180
16 123 72
279 703 36
367 660 252
265 733 180
313 721 72
63 678 36
228 506 72
157 656 180
296 351 144
318 598 108
329 577 216
328 730 72
181 374 252
504 793 108
106 603 108
318 434 36
144 166 144
76 512 180
22 612 36
416 650 180
146 712 108
251 740 144
457 619 108
613 790 72
597 721 252
150 214 216
321 407 72
134 532 36
420 450 180
74 300 36
412 597 108
432 667 108
484 495 180
152 647 144
351 667 36
35 73 252
566 571 180
518 559 216
500 540 72
447 602 144
54 218 108
292 492 144
17 692 216
384 601 144
370 777 252
105 527 108
463 520 36
183 285 324
421 708 36
291 744 72
48 562 324
343 430 36
380 386 72
26 732 216
214 699 36
693 788 144
211 319 72
15 113 108
388 497 288
68 504 72
183 236 144
146 522 144
333 768 144
387 477 108
532 713 144
85 324 180
310 451 180
277 611 144
654 682 216
202 379 108
506 789 36
283 591 36
112 280 180
260 454 144
547 626 36
194 200 252
724 738 36
207 698 72
226 760 252
286 617 144
8 192 216
324 616 180
321 400 144
99 460 36
342 575 252
118 529 108
91 512 288
502 710 216
392 656 144
308 494 108
23 692 324
212 636 216
204 666 72
166 446 180
180 347 36
47 569 72
253 596 144
453 693 252
164 359 144
333 344 108
189 651 144
595 646 36
604 730 72
326 663 180
79 148 108
302 491 144
520 694 72
272 679 72
714 741 72
567 575 36
310 433 324
418 762 216
10 500 36
145 430 36
330 706 252
288 730 144
290 303 252
389 446 72
18 513 72
145 357 36
131 632 144
59 623 108
15 715 180
38 714 108
156 181 252
656 691 144
72 543 180
102 387 216
125 388 288
254 606 252
202 663 108
119 299 72
29 454 72
426 631 180
108 379 216
442 616 216
84 663 216
437 452 72
190 719 144
52 490 36
567 596 144
93 477 108
516 672 324
6 765 288
122 309 108
175 458 36
67 651 36
192 367 180
499 713 108
75 767 36
583 723 108
135 679 180
211 700 180
276 673 36
172 483 72
100 711 180
17 58 180
394 721 36
52 400 216
178 755 144
438 583 36
562 575 36
187 539 72
30 502 252
131 406 216
114 436 108
339 355 144
99 109 72
487 599 36
245 600 324
298 371 108
133 745 216
43 752 252
199 461 72
718 723 216
549 627 72
437 791 36
21 354 252
184 727 72
420 645 108
179 419 144
272 493 36
302 565 36
30 528 144
182 639 108
34 288 72
34 79 108
525 527 36
314 722 324
78 439 108
362 738 180
29 520 72
347 513 108
114 349 36
172 696 108
71 586 144
340 396 144
46 163 108
84 644 324
300 355 108
306 748 72
229 793 72
494 619 36
144 699 144
541 725 324
56 586 108
7 570 108
40 236 36
134 545 216
89 754 108
283 427 36
259 589 216
90 368 180
340 428 144
284 307 216
31 605 144
439 684 144
304 748 252
589 708 36
59 434 36
502 690 288
3 718 72
503 674 144
113 737 216
459 741 108
70 704 72
148 672 144
22 551 144
145 312 72
223 720 180
44 295 36
216 685 216
226 675 36
456 592 36
40 578 72
293 546 288
33 530 108
741 786 144
52 207 180
27 283 72
457 590 180
162 671 216
281 327 72
470 662 72
115 785 36
114 461 216
119 156 216
49 281 144
424 746 180
113 300 252
290 784 216
195 536 72
611 733 144
9 307 108
277 489 180
557 721 36
273 432 180
140 623 36
120 587 288
115 175 36
415 520 36
100 626 216
334 725 324
44 477 108
49 563 108
80 136 108
240 423 252
453 589 180
182 709 180
167 182 72
37 678 180
49 276 108
332 718 216
362 524 144
292 594 72
190 443 144
253 541 324
12 742 216
346 754 72
538 584 252
616 731 108
323 363 288
566 752 180
107 630 72
616 773 36
201 338 36
297 351 72
313 658 180
26 526 216
2 747 72
188 411 144
295 596 36
126 361 72
203 612 36
57 792 72
356 680 72
178 421 36
100 573 216
157 670 180
136 178 36
270 305 108
234 244 108
488 517 288
448 659 36
176 600 36
180 475 36
148 268 144
296 334 36
146 226 144
240 511 108
173 769 108
284 709 36
378 769 108
111 210 252
299 739 108
50 646 72
633 694 72
225 564 36
188 337 180
335 417 252
322 666 180
31 649 72
249 591 144
543 710 36
51 346 216
220 263 72
146 566 36
15 696 144
181 751 288
62 169 288
93 586 108
379 530 72
217 615 216
287 451 144
22 167 72
297 318 36
294 579 72
30 49 108
51 66 36
187 389 72
139 783 36
124 739 252
494 751 144
63 264 252
299 581 108
16 312 72
346 596 72
89 182 72
191 643 252
645 700 36
265 312 72
271 316 180
27 513 36
456 499 36
469 785 72
539 706 108
90 598 36
126 793 144
46 221 36
52 545 252
529 718 72
471 617 216
436 626 180
38 461 180
149 591 36
56 364 180
200 775 252
50 377 252
234 306 180
168 316 36
92 580 36
135 572 108
21 377 36
359 466 252
39 495 72
179 502 108
190 572 72
218 619 144
250 654 36
154 557 288
455 557 144
85 685 144
412 541 144
604 755 72
151 477 72
237 394 216
13 59 216
125 331 36
13 355 144
398 500 216
48 170 108
133 642 144
414 531 252
311 561 144
372 740 108
17 475 36
205 281 216
340 780 144
27 320 108
263 478 252
406 421 180
644 747 252
89 217 216
115 207 72
251 442 108
26 191 144
11 384 180
147 723 180
299 345 36
284 543 144
90 137 216
164 577 72
139 159 144
235 682 72
86 734 144
280 714 36
194 629 216
682 707 108
47 78 180
272 585 180
314 467 36
430 710 36
329 393 144
546 731 180
273 357 72
284 372 180
699 743 36
284 704 36
106 495 36
714 767 108
187 245 216
379 508 144
55 685 108
141 168 108
71 267 72
331 392 144
57 182 108
14 309 36
120 663 72
465 675 288
154 727 252
64 160 72
25 265 144
192 541 108
12 348 36
28 286 144
30 99 72
275 349 144
437 523 72
204 462 36
223 376 36
192 439 108
261 455 36
531 748 36
94 95 144
149 359 252
445 573 72
592 704 288
258 751 144
237 694 288
645 774 180
136 572 36
656 683 36
203 265 108
54 607 216
385 541 144
126 566 36
425 565 36
653 782 180
203 513 180
295 790 72
170 630 180
570 751 144
158 678 288
197 433 216
51 627 108
98 517 108
132 777 144
365 432 216
95 675 144
168 407 72
237 564 180
180 688 108
574 666 144
123 642 36
357 440 144
684 775 72
440 535 72
301 393 144
285 582 36
439 476 36
17 774 180
166 671 36
40 297 72
21 60 252
581 660 36
461 771 36
123 376 72
364 452 108
632 727 144
205 258 108
135 674 72
177 334 180
51 52 252
215 426 252
81 155 36
662 736 36
543 607 144
174 235 144
407 549 216
663 774 72
233 549 252
141 674 216
46 599 72
136 484 108
324 611 72
341 398 72
60 501 216
145 571 180
125 244 180
9 300 144
160 686 72
72 280 216
5 563 72
475 541 144
111 199 36
459 725 144
437 645 144
290 342 216
627 732 216
205 257 108
541 748 252
93 109 36
244 258 36
355 531 144
101 632 72
359 560 72
608 696 108
229 434 36
267 475 72
355 411 36
72 203 36
371 618 72
579 745 216
124 153 252
104 209 72
188 373 108
225 321 108
309 727 72
283 538 108
123 301 216
41 707 216
36 483 72
13 329 36
491 509 144
57 601 180
241 274 180
304 478 36
551 686 72
199 424 216
357 581 72
136 674 144
5 89 144
637 712 36
27 774 216
293 614 72
481 745 36
208 420 216
547 780 144
107 739 72
281 569 180
471 650 180
287 339 324
184 792 36
425 493 72
82 344 36
133 560 36
199 779 72
184 702 72
175 203 72
345 357 72
6 21 252
165 545 324
52 56 36
199 510 288
89 746 36
227 650 252
457 672 288
403 783 180
516 548 36
91 629 108
379 387 108
148 157 72
90 589 180
492 630 108
100 112 72
20 208 216
296 569 180
553 786 36
313 352 180
9 729 108
589 667 108
228 426 144
247 425 108
259 385 108
167 459 36
463 701 108
320 506 72
494 738 180
78 377 36
192 657 36
316 592 72
228 329 144
308 370 36
178 534 216
286 681 108
408 730 108
750 771 108
120 354 288
204 658 216
47 233 108
653 679 72
1 149 288
270 505 108
417 580 288
65 674 36
185 598 288
77 86 216
124 307 36
185 406 252
141 745 252
315 629 36
4 477 144
275 470 180
7 744 180
262 462 36
244 483 36
259 610 216
311 599 108
228 243 72
183 767 252
191 224 180
60 401 180
352 426 288
222 641 288
288 719 72
342 361 108
29 168 180
242 561 216
160 666 108
138 391 36
261 712 108
284 353 72
472 785 144
49 607 180
231 474 288
245 696 36
151 347 72
344 706 108
242 295 108
194 490 36
633 759 36
453 647 72
182 705 72
159 305 36
290 622 180
116 118 216
176 498 288
157 202 36
48 343 180
193 762 108
201 394 72
255 418 108
503 713 36
477 546 108
374 688 252
210 619 108
584 717 108
113 599 72
247 349 108
662 734 36
10 135 108
81 610 252
504 710 72
547 773 180
353 690 180
92 629 180
353 768 36
363 392 216
84 139 72
92 263 252
405 529 36
173 213 72
274 615 72
116 392 144
105 273 108
13 478 252
112 581 216
366 717 72
77 144 72
323 744 180
318 658 108
92 398 216
486 667 180
640 728 216
354 562 324
237 537 72
318 472 144
65 782 36
454 595 108
706 744 36
72 317 324
40 54 36
187 404 72
64 285 108
203 255 72
100 683 72
104 739 108
228 447 72
153 432 252
700 784 36
123 465 216
104 405 72
5 417 72
566 735 144
587 706 252
75 280 108
154 254 288
170 557 216
218 591 216
639 736 216
24 339 216
12 121 108
464 488 288
422 559 36
331 537 144
3 713 72
114 543 144
195 225 144
584 785 144
183 784 36
489 765 180
601 768 108
217 335 252
321 458 36
556 780 36
129 556 36
159 378 36
98 534 144
36 256 72
457 762 180
24 580 216
10 622 72
156 741 36
22 781 36
177 781 144
20 418 324
387 757 36
41 551 72
435 740 180
334 700 72
325 503 36
321 455 36
98 198 180
221 584 252
487 514 72
157 272 144
73 339 324
725 790 252
16 139 108
49 448 108
158 361 144
140 363 180
63 583 144
283 285 180
233 482 36
563 690 252
174 242 144
557 770 216
182 576 36
609 705 72
234 363 324
82 339 180
261 691 36
126 766 72
536 601 36
148 649 108
205 749 216
129 322 180
639 730 36
33 636 252
209 793 36
130 379 180
228 500 144
327 467 72
317 512 36
451 480 144
277 564 72
371 681 144
281 508 36
92 701 288
38 537 144
131 348 216
478 731 108
378 544 36
43 737 180
212 231 216
536 701 288
162 531 288
505 767 72
263 485 36
530 692 180
305 761 144
262 279 72
274 490 36
188 462 36
97 635 252
196 795 144
123 560 144
138 773 108
117 355 108
93 217 180
138 721 180
228 261 36
478 527 180
312 387 144
203 781 36
229 455 36
493 794 252
29 648 36
245 300 36
170 697 72
562 791 36
349 640 324
133 186 72
230 660 180
443 728 72
471 701 216
195 289 144
231 320 180
438 670 36
475 506 108
271 613 144
144 301 216
2 98 144
502 609 180
109 496 216
646 790 36
235 734 72
414 519 108
204 317 252
29 61 288
461 529 72
92 280 72
115 577 72
63 318 180
558 766 36
385 727 144
435 524 108
155 407 36
337 643 180
695 751 72
119 427 144
497 657 144
353 794 216
294 422 252
304 466 72
111 491 144
28 129 144
39 119 72
441 600 324
215 794 72
354 691 108
543 761 180
220 262 36
149 732 72
285 460 144
305 604 36
292 508 252
341 777 72
142 319 288
50 647 108
79 641 252
632 759 72
231 540 108
468 663 216
1 380 324
237 620 72
558 585 288
55 153 72
151 259 108
392 638 180
5 169 180
151 311 36
200 541 252
326 506 216
436 782 144
215 493 180
454 789 36
37 592 72
432 628 180
376 594 216
421 593 72
185 684 252
404 441 288
11 359 288
452 602 72
535 740 72
338 660 252
198 289 72
54 146 72
671 780 36
386 504 72
9 441 180
3 672 144
279 502 144
268 362 144
495 526 252
138 509 216
272 737 144
210 256 72
72 482 324
270 307 216
167 302 108
214 771 108
39 215 252
214 707 216
235 760 216
412 427 36
397 643 180
304 513 108
307 785 72
95 448 108
27 183 72
328 442 108
52 518 216
375 600 252
199 213 324
170 381 36
97 453 72
146 528 72
553 726 108
157 778 252
218 650 36
150 446 72
15 80 108
433 774 36
183 185 324
194 208 216
54 372 108
360 455 144
392 697 72
252 593 144
266 465 180
95 357 36
106 228 108
202 785 36
54 70 36
129 190 108
49 589 72
344 627 72
465 575 36
3 138 36
490 633 216
16 591 72
432 695 36
678 761 36
90 254 252
367 427 180
61 491 144
69 317 144
364 758 36
618 767 36
363 690 288
588 612 36
166 750 252
189 363 72
357 747 72
97 113 288
59 511 72
314 444 216
637 789 288
350 586 288
197 601 36
325 460 36
94 355 180
272 717 108
38 709 72
581 682 36
23 218 324
514 612 72
48 295 144
437 765 36
66 611 144
291 727 144
66 447 180
257 668 108
73 205 72
723 769 144
92 137 252
119 334 252
105 518 36
124 135 72
20 703 144
396 590 72
607 780 180
115 152 180
559 618 216
125 741 216
227 684 36
492 635 72
310 439 216
34 369 144
45 706 108
40 63 144
53 688 108
173 257 108
167 266 72
2 241 180
19 542 72
214 492 36
48 649 252
89 99 72
271 601 216
457 494 144
200 601 180
421 516 72
114 140 144
197 588 108
219 550 108
172 760 108
478 684 36
153 351 108
254 340 288
88 614 108
65 709 324
419 754 108
215 359 252
283 565 144
15 36 36
381 422 36
134 284 180
357 651 36
186 539 144
463 472 72
30 565 216
186 418 36
134 435 72
159 387 108
330 433 324
435 682 72
12 242 72
108 785 144
51 623 144
282 329 72
174 381 108
26 496 72
474 769 144
43 556 36
70 174 72
15 562 144
180 755 108
490 691 72
360 693 288
135 586 108
94 741 252
451 649 72
484 576 36
150 737 72
417 503 108
80 683 216
192 693 216
497 629 72
196 241 36
136 508 108
656 790 180
10 671 216
325 493 108
198 259 288
398 668 216
94 672 324
585 666 144
176 287 36
133 136 36
149 648 216
446 488 252
55 140 72
121 151 72
113 306 108
177 198 144
94 649 72
400 498 288
440 548 288
176 743 72
505 662 108
368 543 108
100 326 180
150 561 252
328 746 108
624 697 180
374 753 72
90 630 216
181 195 180
68 106 180
65 435 180
200 662 180
25 359 288
132 595 36
207 516 72
66 587 288
81 373 216
183 364 288
460 585 144
333 706 216
423 752 288
476 690 144
100 250 72
440 487 252
504 602 72
125 322 288
75 136 36
53 66 108
489 683 180
654 758 72
330 748 252
47 435 36
499 625 180
374 765 252
148 484 72
161 784 36
474 562 36
227 299 144
133 542 36
96 544 216
255 711 180
479 573 36
502 623 144
334 563 288
206 709 72
5 575 72
176 720 36
3 724 144
26 356 144
247 500 180
19 123 216
470 575 288
121 340 180
355 724 144
515 755 144
21 578 144
246 438 180
68 320 72
92 247 180
15 283 36
193 667 144
155 654 288
383 475 72
386 790 36
415 535 144
306 328 36
520 637 252
72 591 216
27 347 144
23 691 108
533 534 180
487 742 72
522 561 36
386 773 108
24 143 180
504 731 36
323 792 144
63 93 216
11 168 108
413 511 108
59 759 144
123 580 108
308 412 108
367 577 180
267 753 36
645 719 36
490 503 144
311 764 72
680 726 144
630 658 252
7 94 288
196 720 108
24 422 180
31 189 72
426 474 36
303 553 180
697 747 36
102 767 72
88 646 108
409 713 144
223 297 36
480 723 252
286 388 180
319 320 144
632 640 144
382 403 180
408 740 324
253 779 252
8 769 180
390 485 288
324 392 36
255 668 180
26 216 108
170 274 108
588 731 72
523 689 36
62 236 180
29 541 324
31 195 216
531 775 288
408 507 288
333 669 36
422 700 36
57 270 36
453 621 252
290 721 36
187 694 108
294 479 252
477 751 216
28 175 180
15 47 36
769 787 72
248 643 252
209 356 36
271 720 36
97 295 144
179 387 108
4 709 252
277 411 108
18 477 180
93 173 144
159 435 36
8 601 252
116 241 72
265 512 144
487 548 36
218 462 36
557 603 144
57 400 36
5 636 216
298 373 108
480 692 288
323 730 180
530 616 108
171 469 216
137 323 252
73 611 180
201 356 252
131 782 252
239 518 36
38 358 72
348 694 252
349 553 144
87 523 180
92 522 252
68 289 144
63 331 72
420 712 36
112 321 144
480 779 36
105 429 108
88 200 36
93 688 180
171 769 144
232 770 180
347 483 144
97 739 288
414 642 36
440 456 72
206 382 216
311 469 108
244 625 180
539 758 108
791 794 288
423 431 288
593 598 144
276 593 108
45 512 108
27 48 72
28 740 36
523 547 144
333 488 288
73 794 324
185 481 288
234 629 216
324 447 36
273 285 108
58 643 36
752 782 36
289 418 72
405 608 36
209 213 216
174 445 108
383 720 180
323 766 252
299 579 36
16 707 180
354 588 216
551 591 36
87 385 144
166 702 108
250 694 36
227 381 36
103 105 324
145 628 36
518 751 288
80 235 36
63 154 288
21 660 216
759 777 36
67 626 144
10 678 288
203 380 252
466 628 144
104 166 72
38 304 252
344 648 144
395 538 36
288 770 36
421 729 180
157 611 72
246 795 36
416 642 36
26 177 36
125 221 36
56 674 72
585 628 180
373 382 180
98 189 108
46 505 108
224 402 216
101 667 72
61 158 36
378 598 216
181 344 144
378 497 36
442 651 72
98 482 144
609 615 72
264 361 72
249 471 144
11 204 216
363 513 216
238 495 252
338 368 36
2 695 72
177 630 108
49 399 144
129 349 144
71 518 144
135 339 108
4 81 72
47 122 180
209 773 108
99 345 72
282 674 216
264 310 72
126 546 108
182 422 108
123 630 180
329 383 252
177 709 144
43 761 72
564 726 72
506 613 108
464 691 72
391 660 36
114 317 288
277 353 72
45 396 36
491 495 72
127 401 36
210 755 216
549 552 288
110 562 108
205 464 216
520 591 144
116 235 216
44 671 108
424 635 36
82 313 36
351 518 108
150 553 180
274 469 216
238 706 252
301 748 72
180 386 72
353 616 36
513 761 216
407 478 36
560 579 36
324 385 72
30 373 144
102 732 324
128 242 144
506 713 36
222 439 216
130 187 180
106 747 216
389 447 36
38 196 108
215 232 216
458 642 108
317 351 180
394 482 252
433 697 288
425 431 324
463 696 180
568 761 36
198 758 72
474 541 288
427 664 108
608 718 72
148 185 180
202 224 144
205 231 252
540 608 36
330 645 108
144 194 108
352 384 180
317 428 180
144 187 108
272 552 216
635 697 216
174 530 36
472 754 108
31 197 216
236 669 144
511 599 72
345 675 180
532 585 36
190 440 288
225 746 216
17 226 108
65 71 144
79 611 108
123 200 144
429 582 72
422 704 288
91 284 36
677 717 72
99 370 144
40 509 144
284 779 216
346 750 108
204 354 252
253 720 72
383 569 144
393 607 180
175 225 36
587 605 180
76 723 72
195 775 108
173 627 36
345 719 72
764 792 144
282 630 36
279 644 144
582 604 144
324 709 252
125 488 36
410 528 144
266 678 144
243 332 180
635 716 252
234 352 36
259 601 36
106 226 288
303 604 144
461 686 144
141 551 108
74 268 288
126 382 180
582 610 36
225 607 252
164 498 180
437 546 72
349 739 36
144 736 72
342 555 144
85 587 252
550 657 108
537 739 180
27 422 36
354 748 252
307 552 72
130 494 108
47 347 72
306 699 72
95 769 36
198 382 288
77 642 36
468 515 216
360 789 252
553 598 144
218 371 108
233 558 288
398 464 216
309 321 72
102 166 72
101 406 144
67 86 108
675 762 72
354 410 72
548 781 36
32 750 144
679 775 288
296 561 216
344 415 72
277 742 36
339 496 288
411 739 108
12 480 72
241 614 72
406 533 108
191 377 216
113 710 180
481 734 72
235 433 288
393 494 36
696 795 36
130 761 288
22 712 252
534 555 180
289 302 72
143 193 36
278 732 108
240 416 72
358 378 72
330 612 252
387 467 72
236 304 144
120 557 36
129 166 72
369 639 252
422 544 180
335 494 108
126 720 36
215 563 216
123 724 180
367 560 36
689 735 108
341 592 144
272 693 108
511 755 72
426 723 36
262 533 72
307 402 36
368 775 252
393 529 36
428 531 108
329 664 324
333 523 144
537 603 72
411 710 72
15 463 36
331 364 36
407 765 216
109 138 36
26 508 144
699 734 144
102 468 324
503 709 144
270 306 108
29 289 72
15 782 144
77 583 144
165 590 108
254 765 36
266 425 180
105 459 144
149 745 72
147 611 36
105 682 216
234 289 252
291 614 36
20 287 324
281 543 108
458 502 144
102 539 180
323 369 36
35 58 216
448 515 144
74 421 252
487 596 72
233 528 180
181 719 144
8 528 108
225 638 36
227 248 36
262 476 72
64 382 180
713 740 216
321 436 36
247 793 144
184 633 36
318 504 36
322 742 324
231 297 108
182 366 36
196 305 36
358 507 288
642 693 252
382 526 36
44 239 216
554 678 36
264 708 216
559 628 144
262 581 180
364 526 288
32 579 72
734 785 36
390 564 180
170 768 72
738 791 36
504 545 144
222 385 144
111 458 144
577 745 108
573 585 36
356 440 72
56 598 72
41 104 36
574 641 252
183 331 252
109 136 108
404 553 108
540 575 180
85 268 36
26 766 72
138 654 216
244 712 72
45 567 180
97 543 144
395 604 144
397 639 108
108 539 144
392 519 36
284 366 108
226 749 36
49 149 108
338 406 216
354 454 252
201 733 324
295 775 144
534 630 288
1 697 324
113 719 144
511 603 36
713 752 216
584 610 252
168 364 144
259 532 36
703 761 180
232 756 288
281 457 252
629 735 180
338 402 252
327 456 36
12 626 108
376 682 72
216 625 36
380 767 216
190 370 288
354 548 288
326 537 72
78 353 108
160 329 36
684 738 252
103 729 72
225 512 216
104 700 108
6 151 144
107 248 144
318 648 144
99 384 72
241 247 36
113 778 36
71 699 108
78 657 180
264 710 36
182 368 108
137 321 144
252 432 288
577 776 144
127 400 72
108 578 108
7 733 36
303 620 108
302 469 108
148 245 144
32 610 108
130 473 180
237 781 288
161 726 288
86 218 72
392 492 72
397 764 108
594 752 252
271 619 108
157 699 180
344 708 144
68 534 108
399 791 252
364 769 144
57 391 180
2 475 144
630 662 216
193 491 180
119 490 216
127 399 180
525 679 36
429 677 36
526 563 288
596 681 108
414 465 288
21 107 36
577 765 180
523 697 144
34 624 72
3 309 72
20 560 252
292 309 108
96 149 72
237 499 72
306 755 108
229 746 108
156 258 108
371 499 108
162 407 72
99 697 108
643 795 324
629 751 216
359 672 324
573 592 36
305 570 36
19 507 288
633 736 216
132 603 72
176 460 108
235 446 36
78 563 36
202 675 72
111 600 288
3 558 180
116 226 252
339 536 36
12 497 180
478 792 144
225 404 36
401 521 144
525 749 216
373 640 216
78 585 288
136 782 144
254 578 216
407 607 72
373 722 108
223 666 108
3 349 180
130 457 252
106 358 36
649 678 36
88 288 144
50 166 216
35 433 252
658 792 144
197 383 36
35 129 108
170 335 72
102 699 72
26 407 144
64 169 180
104 575 108
58 89 216
212 657 72
159 331 36
143 482 36
115 710 72
468 647 144
209 725 216
12 718 36
6 693 324
289 441 252
183 372 108
55 59 144
77 219 108
701 712 288
294 320 108
182 693 180
409 626 72
407 475 72
440 671 216
16 377 108
214 290 36
236 278 36
122 746 288
412 621 180
76 122 108
133 329 108
594 717 144
33 519 108
488 773 108
312 595 108
396 778 144
84 530 144
532 693 252
515 727 72
531 649 36
316 382 72
187 676 144
383 590 36
176 594 36
31 192 216
21 548 36
519 598 108
53 60 180
301 619 144
359 756 324
551 644 180
185 281 288
280 703 36
569 669 216
272 674 180
223 439 144
549 594 36
75 368 36
567 723 36
42 519 144
193 362 144
307 336 36
74 168 144
40 149 108
464 641 252
473 594 36
250 668 252
103 781 324
477 648 72
573 759 216
94 522 36
405 793 36
81 377 288
272 294 72
119 175 36
584 744 216
326 496 252
515 777 36
320 728 36
99 117 108
483 650 216
313 492 36
181 378 36
93 220 108
556 735 180
528 707 216
123 740 108
322 514 324
313 669 216
618 761 36
68 530 36
337 725 180
81 82 180
249 526 252
309 596 36
73 789 36
427 675 72
262 517 216
153 464 252
105 277 36
277 772 72
110 265 36
80 334 72
487 508 180
270 471 180
681 764 36
72 264 252
239 369 324
241 256 36
540 558 216
209 648 180
211 362 108
607 704 324
278 446 36
144 190 180
203 471 180
231 342 36
211 551 108
7 610 216
403 640 216
599 657 72
157 510 216
746 792 144
225 239 72
165 666 180
33 761 72
250 498 288
595 616 108
231 661 216
216 342 288
393 598 144
336 741 36
453 736 36
358 597 288
273 539 72
354 400 288
146 569 72
596 662 108
93 102 216
167 794 216
33 660 216
88 738 108
144 779 36
48 645 108
163 495 72
85 481 216
438 793 144
444 694 108
121 140 72
216 587 324
75 330 216
57 161 252
420 497 288
486 537 216
46 413 36
90 637 72
30 620 36
363 657 180
418 573 324
289 672 252
132 757 36
450 730 36
504 568 108
228 392 72
456 643 252
312 730 36
244 397 36
322 446 72
66 576 180
176 730 72
7 497 252
466 555 108
147 261 36
559 648 216
1 504 180
346 351 72
87 488 324
110 683 72
232 624 72
327 613 36
63 92 288
81 791 288
482 650 288
304 785 144
558 733 324
343 565 108
383 781 252
725 729 252
171 625 288
16 385 36
399 787 180
184 207 36
121 504 36
357 399 108
382 599 180
214 459 36
316 439 108
271 340 252
364 407 216
410 441 72
352 678 252
136 412 36
323 387 72
254 495 72
482 726 288
236 510 144
204 255 36
53 292 144
404 626 288
610 729 180
378 751 252
57 654 72
175 751 216
587 702 144
75 543 72
177 183 180
455 525 72
643 769 180
61 292 288
535 567 252
711 747 36
427 666 72
159 747 144
459 787 36
390 392 72
7 529 108
219 406 72
9 643 144
62 225 72
397 751 144
283 642 72
730 789 72
403 594 36
67 650 144
413 505 72
598 791 252
49 264 108
198 682 216
393 426 144
6 243 108
387 587 108
161 689 144
563 615 216
322 689 144
147 222 108
36 628 72
696 732 36
103 269 252
270 424 72
415 762 108
545 689 180
178 215 144
217 543 144
462 486 36
613 775 144
290 480 216
453 766 216
84 204 252
576 592 72
184 774 72
227 755 36
698 707 324
7 531 252
3 567 180
57 557 72
89 377 216
306 511 36
97 250 288
504 582 108
105 421 72
597 762 72
348 370 72
622 633 180
59 649 180
54 436 36
216 451 144
175 794 216
643 785 180
329 548 36
135 318 36
39 158 324
501 750 216
27 63 252
47 711 108
94 261 180
503 597 144
180 446 108
398 599 36
74 366 180
103 652 144
416 778 216
561 627 36
482 547 36
57 651 144
187 420 216
569 727 72
392 518 180
60 540 108
93 426 216
197 782 72
542 752 252
223 426 252
41 506 36
158 688 288
344 431 144
224 708 36
171 397 144
119 349 72
349 462 36
409 688 216
304 341 180
101 500 180
112 212 72
204 532 180
674 790 36
486 651 216
561 593 72
18 558 288
104 493 72
331 448 180
235 744 180
33 344 108
70 322 252
376 720 216
252 753 216
315 778 144
695 772 144
9 276 108
514 690 288
717 739 180
335 653 180
410 463 144
339 404 288
521 723 252
392 425 216
521 581 36
600 741 252
59 731 72
47 668 108
689 725 180
63 525 72
416 526 108
26 590 108
543 633 108
618 753 180
495 596 72
128 346 72
355 664 144
383 536 36
261 762 36
11 109 36
47 507 108
283 747 72
273 435 36
112 586 288
333 741 36
275 738 144
20 185 324
413 477 36
27 332 216
228 703 36
176 392 180
11 355 108
315 706 72
573 648 288
654 784 288
252 360 288
313 736 180
734 794 108
79 446 36
121 489 108
57 764 216
689 749 108
66 633 36
188 270 36
166 267 180
476 630 108
65 215 72
44 169 72
117 601 180
447 669 108
131 616 36
228 724 108
186 253 36
107 120 72
44 692 216
483 715 72
576 654 216
634 640 180
5 321 72
35 133 144
471 507 72
216 463 108
108 724 288
185 699 72
232 653 72
253 594 72
161 481 36
162 435 180
577 694 216
579 696 180
23 633 252
306 600 144
205 352 216
85 181 36
225 756 252
294 605 108
149 587 72
138 630 180
43 310 252
500 569 180
556 575 72
256 662 144
34 294 144
88 186 72
310 538 252
234 652 144
174 344 36
450 608 36
271 414 252
318 758 108
511 581 72
275 448 108
285 473 108
32 181 144
248 472 216
189 682 144
88 731 72
59 704 252
206 778 72
56 516 216
525 643 72
80 108 72
107 354 216
369 630 288
139 403 144
11 642 36
262 351 72
530 710 36
307 770 36
320 651 72
620 689 36
93 738 216
92 504 144
69 381 72
82 710 72
67 143 108
162 726 288
315 585 144
181 762 180
349 684 252
557 771 216
163 614 72
398 587 252
225 611 108
71 448 72
398 443 108
164 294 108
78 678 36
453 776 180
342 630 252
615 734 36
302 681 252
90 452 108
13 571 288
251 423 144
233 410 36
114 351 108
67 414 108
600 736 288
137 434 180
111 698 288
382 435 144
303 582 288
521 759 180
643 684 252
27 561 180
546 563 36
588 601 144
115 639 72
191 785 72
74 230 216
25 100 180
337 661 72
193 297 108
112 180 108
97 529 144
478 780 144
46 767 36
544 565 72
143 620 72
415 734 108
577 608 36
53 474 108
61 745 36
447 541 108
13 515 72
537 669 108
126 481 180
251 622 72
554 672 252
571 635 252
289 523 72
90 736 36
152 350 288
113 228 108
379 587 216
177 785 36
234 512 36
327 615 36
193 654 324
299 613 36
747 761 252
223 514 252
57 235 216
394 567 72
374 601 36
504 587 180
216 739 36
562 606 252
508 646 36
197 441 108
102 353 108
263 750 288
449 711 180
679 705 216
452 739 108
489 626 108
568 749 252
163 282 72
350 716 288
235 412 108
32 43 108
584 725 324
123 125 180
452 515 36
477 766 72
292 445 252
300 394 216
382 648 252
238 685 108
582 748 36
350 699 36
243 352 72
74 602 252
80 302 252
58 794 288
193 592 36
515 589 36
559 657 72
728 761 108
183 633 252
377 442 252
31 428 144
179 465 108
516 572 108
157 244 36
383 459 108
419 431 72
613 749 108
203 272 72
42 204 252
146 270 144
65 422 36
398 722 72
487 655 36
267 434 36
8 499 216
590 695 36
125 192 180
429 532 144
372 792 72
352 686 180
321 463 72
59 794 72
25 729 36
23 651 108
248 610 180
116 167 36
353 724 72
473 617 108
568 597 252
136 776 72
198 477 108
171 272 216
193 432 36
142 787 180
423 654 36
101 322 216
461 643 252
292 779 252
67 578 36
389 490 108
2 124 36
204 519 108
123 512 72
334 604 144
250 530 144
396 572 36
206 620 144
157 312 180
574 633 216
399 558 288
85 147 144
428 588 36
114 285 36
92 412 108
55 145 36
215 372 36
52 787 144
221 251 108
509 529 180
141 245 252
581 667 72
526 627 216
200 509 72
379 548 72
230 394 36
88 761 108
545 695 252
195 597 72
181 224 36
82 390 144
599 768 36
585 673 216
417 760 36
225 441 252
32 495 108
132 612 144
527 617 108
42 602 252
360 624 180
696 731 108
28 524 252
134 502 216
137 501 72
239 264 252
407 687 180
521 593 144
629 716 216
271 447 180
305 473 36
61 385 108
619 638 108
658 785 108
215 711 36
421 787 36
520 735 216
211 276 36
52 698 252
80 492 108
91 149 252
8 496 36
293 418 288
183 391 72
379 507 180
134 516 216
76 446 144
672 737 72
353 451 36
164 325 36
163 732 180
238 638 288
229 563 144
314 793 72
200 783 216
21 251 108
189 467 216
176 289 36
73 133 108
26 30 144
339 501 216
117 617 72
430 645 36
235 793 36
407 602 180
13 251 144
122 181 36
296 596 144
22 483 216
484 773 144
156 717 72
629 726 72
267 492 108
212 751 216
450 672 180
276 369 288
6 451 180
248 345 144
302 311 216
323 708 252
455 757 36
135 580 108
295 423 144
3 18 108
436 610 72
470 663 216
120 410 216
185 618 36
403 555 36
330 771 108
43 212 36
224 613 108
44 673 144
99 360 108
30 789 216
343 795 180
378 728 36
623 685 72
106 255 72
160 390 252
671 795 216
397 773 72
92 463 180
35 343 108
576 735 72
110 603 36
91 706 72
400 590 180
403 714 72
554 768 72
467 639 216
150 744 216
543 705 72
634 691 72
248 775 72
459 590 72
461 775 72
433 613 180
157 530 72
406 537 36
100 553 36
551 792 36
61 560 216
450 734 72
193 311 108
226 674 36
11 634 144
86 257 108
18 689 108
200 640 252
59 563 216
318 660 108
342 441 36
432 732 36
89 343 108
41 460 36
69 145 36
182 244 36
394 623 72
471 705 36
33 430 108
58 103 288
518 685 180
129 736 144
569 609 72
43 113 36
361 526 144
360 581 36
153 489 180
245 708 288
201 288 252
443 718 72
194 395 288
86 659 144
197 743 108
532 592 36
229 518 144
161 599 216
393 440 180
336 567 288
523 642 108
396 418 144
485 727 36
290 782 216
387 754 72
187 426 108
166 190 36
312 607 252
384 443 72
62 212 108
116 234 252
241 454 72
371 689 72
531 667 144
264 545 252
391 656 180
40 730 36
384 708 72
509 517 288
436 674 144
60 784 36
73 595 180
237 377 252
462 758 36
331 684 180
65 604 144
262 440 252
602 659 144
123 535 36
298 423 180
7 508 36
214 447 108
601 752 72
243 663 108
90 379 144
369 767 252
319 503 144
499 739 180
548 717 180
355 744 72
204 603 72
168 704 180
126 451 36
218 622 252
250 256 72
209 763 72
390 767 216
365 451 72
219 439 72
25 750 36
22 292 36
133 764 180
441 582 288
396 758 72
754 767 72
604 773 72
212 228 36
18 91 288
178 218 108
581 637 72
271 594 36
28 119 216
71 575 144
437 613 108
89 756 72
627 789 72
279 314 180
144 480 72
445 489 36
191 768 108
437 473 36
82 111 144
32 733 144
392 677 72
316 756 108
72 714 180
256 699 36
539 663 72
231 449 216
293 325 108
91 730 108
161 316 108
142 334 36
509 682 216
565 640 288
185 510 36
223 398 180
368 611 108
206 293 216
111 528 180
305 568 108
459 581 108
407 631 72
38 158 252
481 737 36
649 789 36
73 553 144
49 421 72
330 538 252
146 343 36
333 514 288
262 386 144
595 699 108
280 599 108
103 718 72
80 347 144
638 687 36
55 130 180
284 306 108
708 767 36
704 727 36
161 192 108
11 572 180
272 337 72
226 768 180
32 777 108
19 683 36
288 778 252
374 670 216
499 787 108
264 557 252
165 708 288
285 739 36
248 489 36
504 577 72
471 553 72
282 516 72
402 550 216
7 595 108
204 241 72
54 545 108
26 422 180
5 116 36
183 681 72
154 720 216
359 381 252
164 252 144
16 189 72
370 788 180
549 752 288
177 660 144
156 345 180
332 694 36
441 663 216
42 323 36
572 721 72
246 359 288
111 535 36
111 567 288
69 97 144
741 773 144
501 712 180
248 385 72
233 487 216
177 444 36
248 760 180
69 713 72
77 586 36
341 647 36
116 377 36
260 602 144
303 725 324
77 274 36
287 705 252
69 644 180
257 504 36
275 295 36
109 338 216
174 284 108
562 651 216
134 657 36
784 793 36
401 733 180
131 477 72
728 784 180
53 324 108
276 624 72
46 274 288
415 788 36
498 578 108
279 468 180
63 745 324
193 358 324
329 793 252
334 735 36
541 766 288
362 410 72
514 671 108
402 770 72
63 633 72
53 483 108
265 591 72
156 637 36
501 512 180
387 584 108
411 770 72
355 534 144
169 292 288
149 722 252
134 271 180
178 622 144
70 579 36
17 417 180
54 679 72
623 653 36
104 546 144
586 747 72
54 668 180
303 778 324
366 766 108
581 690 36
94 232 36
627 776 36
60 127 216
299 606 108
69 340 108
374 701 288
31 497 36
644 673 72
163 346 72
353 593 36
46 147 180
368 647 108
282 502 72
243 501 108
335 415 180
410 706 180
375 593 108
95 179 36
31 123 216
538 705 180
256 602 36
276 434 180
542 548 36
93 493 144
110 215 144
132 574 72
545 771 216
190 357 144
725 757 180
408 581 252
33 356 180
130 180 144
62 740 324
47 241 36
211 570 108
213 394 72
189 646 144
141 234 252
108 484 72
261 746 108
83 695 144
50 129 144
87 353 216
63 155 288
325 436 36
221 295 108
228 684 108
641 717 180
67 504 36
191 452 108
451 574 144
173 607 252
104 196 36
13 62 36
608 774 144
213 342 288
479 647 108
288 392 36
35 216 252
24 312 36
289 596 72
310 774 288
474 554 36
336 664 36
39 86 72
138 407 36
113 528 72
703 788 36
124 280 72
450 755 108
244 333 72
165 445 72
14 122 72
442 718 36
355 732 144
441 588 216
86 619 72
146 665 108
579 634 36
274 697 36
312 336 216
72 413 72
324 382 36
439 768 36
112 143 252
250 590 180
167 530 72
195 487 144
111 248 36
670 682 144
513 674 72
4 255 144
458 669 180
4 144 36
311 752 108
49 213 144
238 309 216
184 314 216
130 636 36
527 539 72
750 789 288
454 780 72
339 506 252
306 332 108
542 595 108
480 651 72
614 779 36
438 532 144
254 271 36
60 262 252
201 210 36
404 467 252
127 736 180
35 393 108
117 498 252
212 388 216
135 556 108
315 539 36
22 392 180
75 764 180
27 370 72
431 680 144
90 515 144
95 519 36
578 742 216
213 668 288
142 509 288
97 288 72
109 386 36
77 603 144
109 212 144
549 639 36
175 335 180
172 237 108
309 535 144
40 336 144
195 534 108
245 268 288
301 697 288
25 564 180
269 372 144
115 266 36
627 739 72
145 207 72
36 460 36
126 307 144
107 492 36
362 562 180
57 486 72
112 607 288
42 282 252
468 792 180
31 673 72
24 360 180
676 772 144
23 340 36
47 113 144
178 617 108
39 354 324
483 745 72
642 776 180
710 760 144
711 721 252
605 672 180
131 528 72
379 688 72
195 764 72
27 322 72
353 775 216
196 436 36
397 585 108
14 366 72
23 611 144
285 577 216
505 741 108
617 676 252
730 792 36
530 788 36
87 149 72
436 758 72
677 701 144
437 702 108
95 313 36
589 666 72
310 364 288
41 525 36
462 560 36
212 504 36
759 783 180
541 687 252
144 237 72
455 606 108
173 271 36
537 672 108
431 572 216
294 722 36
421 757 108
383 772 144
296 324 36
361 736 108
491 719 36
355 560 108
381 663 144
307 594 180
569 691 108
233 319 288
88 722 108
168 751 144
113 178 72
659 773 108
273 648 72
482 600 324
518 654 36
410 568 216
254 430 180
327 488 216
134 785 36
37 565 180
515 726 72
442 545 288
22 265 108
46 302 36
562 739 36
21 240 216
15 273 36
463 514 108
421 689 108
488 538 72
166 477 36
428 686 36
706 722 72
129 496 108
183 342 36
87 101 216
487 786 36
211 338 36
175 520 36
5 738 108
478 703 108
669 772 216
471 601 36
358 714 180
161 294 288
308 670 216
367 590 180
122 261 180
210 307 216
389 517 108
410 599 144
465 726 36
665 716 252
255 537 108
230 747 144
130 533 144
627 704 108
392 415 108
136 439 36
136 244 72
27 244 36
113 673 36
422 663 180
401 625 108
48 545 324
32 644 180
311 538 144
29 93 216
321 762 36
31 147 216
199 209 108
252 507 288
37 151 36
146 505 36
404 658 252
94 492 144
481 785 108
107 205 36
436 508 108
148 154 108
610 698 72
53 301 144
366 689 36
230 542 36
552 731 144
314 504 180
344 729 72
240 629 180
405 469 108
630 795 288
100 118 180
365 410 180
416 486 216
601 623 108
228 316 72
85 714 108
34 174 36
283 429 72
477 614 108
65 609 144
240 576 72
299 493 72
285 395 36
284 526 288
340 748 216
25 576 72
13 436 108
547 581 36
560 731 108
202 241 72
110 343 36
310 528 216
457 595 144
684 727 216
388 539 144
81 773 216
211 630 36
18 239 288
3 324 72
103 673 252
388 558 324
75 500 180
581 583 108
179 685 108
294 447 180
63 297 216
232 415 72
58 529 144
326 602 216
443 734 36
376 530 108
148 784 108
146 653 72
145 782 144
380 718 36
636 667 144
12 394 144
376 437 216
110 245 216
339 462 288
245 429 216
325 663 72
135 216 216
140 269 108
361 718 72
99 359 180
120 173 36
515 657 72
26 540 108
242 672 36
194 643 324
125 711 252
63 339 324
258 619 36
193 659 108
343 356 108
50 419 36
127 363 108
316 793 36
298 450 72
647 740 144
58 717 180
122 423 36
97 149 72
13 612 36
240 287 288
329 517 288
320 490 144
96 564 216
537 604 36
285 323 288
438 785 72
6 351 180
122 691 216
246 328 108
561 793 180
36 62 180
124 606 36
398 450 72
534 739 288
84 718 72
209 268 180
261 707 144
144 573 108
401 490 144
399 719 108
213 320 144
68 317 108
142 603 144
20 613 144
409 489 36
361 550 108
176 365 36
226 686 216
57 203 36
224 744 36
97 615 72
167 679 72
392 556 108
73 634 144
7 52 36
13 735 252
63 650 36
13 218 36
55 171 216
258 582 144
111 434 72
422 572 180
44 324 36
25 60 36
340 724 252
385 578 36
129 224 72
18 158 36
385 417 144
420 596 180
75 617 108
284 760 36
396 766 108
350 731 144
468 593 180
96 392 108
372 424 108
407 621 252
435 776 72
435 574 144
62 421 72
380 716 36
22 702 144
599 710 108
386 769 36
115 654 144
196 739 144
331 558 72
75 80 144
415 792 36
40 480 144
667 755 72
607 613 144
399 421 216
128 206 72
110 111 180
505 560 72
244 716 108
27 162 72
51 145 144
347 547 180
110 631 72
312 472 36
480 722 288
41 553 36
153 296 252
174 276 108
200 307 180
39 622 252
350 415 72
181 663 72
525 584 252
19 536 288
54 591 108
281 789 252
332 693 36
207 593 72
207 609 108
70 734 144
177 323 144
625 720 36
162 645 108
141 276 36
619 785 36
120 305 108
395 697 252
199 200 252
352 664 36
331 367 36
262 418 72
10 116 252
313 766 72
632 754 36
439 481 180
390 542 216
325 744 72
259 435 144
429 682 108
291 615 72
379 451 36
139 144 36
203 740 288
206 499 144
652 654 180
338 432 252
7 245 36
169 303 36
160 173 36
382 655 252
499 700 36
509 752 324
12 652 36
238 656 252
508 728 144
266 445 72
71 672 144
327 663 108
143 280 72
461 509 252
234 252 324
294 459 108
116 453 180
286 615 108
549 672 288
295 681 72
35 128 108
115 585 144
264 629 144
132 337 36
696 729 36
596 630 108
595 645 36
269 576 144
318 630 144
29 788 144
494 510 144
558 668 288
555 776 72
326 499 72
145 204 72
430 794 144
460 769 36
144 408 216
11 453 36
676 694 252
92 383 36
279 665 72
80 261 72
223 432 36
328 488 180
62 226 324
15 689 36
92 220 180
703 724 144
268 757 144
160 264 216
406 702 72
102 675 288
184 691 108
462 482 288
151 793 72
58 533 108
364 527 72
89 640 72
645 790 36
381 605 108
282 366 72
430 777 108
583 679 108
291 502 180
133 196 72
212 472 72
205 357 108
589 786 36
435 585 144
186 711 252
244 394 144
113 643 36
24 383 144
405 711 72
207 681 180
89 740 72
50 214 180
430 726 144
488 696 288
660 788 144
285 520 72
632 745 144
456 794 72
90 260 36
480 621 288
150 500 36
229 458 36
246 508 36
360 775 36
274 472 288
371 391 144
281 415 180
103 232 288
322 723 288
364 692 36
120 209 180
26 594 36
255 589 36
56 199 108
349 784 288
575 584 288
133 183 216
13 508 216
128 543 36
173 510 36
71 316 36
3 531 144
151 237 108
21 623 72
568 691 180
25 721 252
247 784 180
538 730 36
366 713 36
105 337 180
322 364 288
546 664 324
388 418 324
88 774 72
421 517 216
314 319 324
153 636 288
553 700 108
93 334 108
367 718 216
165 170 108
60 699 252
235 680 108
297 684 36
658 684 36
181 681 216
5 292 108
131 458 108
417 537 180
29 156 288
324 431 72
383 430 72
404 438 72
160 414 252
380 731 108
214 646 108
114 287 36
50 587 36
264 687 180
99 577 36
689 729 72
150 667 144
176 709 36
198 522 36
484 595 72
376 426 288
689 728 72
42 411 180
379 575 72
13 428 108
9 68 72
461 630 216
604 622 72
341 749 144
139 765 216
11 778 288
39 173 72
30 742 252
540 701 216
592 716 36
242 755 36
43 724 36
383 518 216
164 434 72
314 325 144
471 696 72
27 270 216
151 460 36
179 324 144
360 667 108
378 502 72
582 585 252
17 218 216
436 599 36
217 703 144
73 400 36
97 646 108
437 654 72
131 690 252
491 692 144
254 399 288
60 708 288
548 601 216
279 565 108
340 387 72
241 539 36
125 742 36
398 494 108
191 646 36
24 534 216
147 396 72
151 559 72
115 230 36
29 572 108
172 180 36
161 614 108
395 527 72
433 712 288
57 690 216
31 323 288
151 741 72
139 167 144
268 609 144
351 755 108
73 108 324
433 713 108
7 683 252
164 680 36
470 616 252
32 384 72
243 415 108
195 712 72
441 709 324
244 531 180
10 591 108
247 530 72
663 698 108
87 633 252
345 498 216
37 390 72
493 620 144
412 532 72
247 405 108
396 520 72
439 745 216
380 652 108
76 756 216
607 689 144
529 748 108
63 326 288
633 724 36
651 727 180
126 511 72
323 680 108
237 294 252
151 341 36
638 706 36
327 507 72
167 479 180
169 710 72
52 696 36
491 772 36
162 409 72
150 191 72
201 653 108
305 597 144
502 773 108
574 642 36
65 697 36
345 614 108
62 492 144
573 644 324
490 561 216
250 681 216
146 276 144
208 534 216
259 776 216
82 345 36
243 564 108
232 675 252
310 315 180
318 489 36
339 494 144
259 330 36
56 727 180
193 219 144
662 682 36
439 560 36
453 692 252
65 95 180
650 738 36
513 752 108
353 367 72
402 673 216
317 490 36
529 537 36
300 431 36
583 731 36
316 539 36
578 692 216
164 685 72
163 638 108
537 761 216
84 403 216
83 536 180
11 661 180
59 732 72
557 647 180
153 374 252
174 774 108
112 649 36
353 364 72
251 750 144
129 154 144
28 121 180
530 706 108
351 752 180
130 593 144
50 371 180
389 679 144
622 673 180
351 581 108
126 780 36
544 745 216
338 422 252
98 532 72
122 793 252
265 694 144
124 412 108
338 610 36
57 445 180
491 734 72
78 450 144
89 773 144
351 641 108
554 762 144
352 492 144
313 500 180
48 438 216
638 651 180
73 653 108
434 602 144
30 169 36
465 679 36
334 377 288
83 552 216
280 349 216
219 500 108
445 455 108
17 583 72
36 111 108
292 478 288
329 724 36
186 448 216
243 422 72
98 377 144
174 738 144
123 696 72
106 162 288
492 685 72
88 496 72
442 639 216
42 70 252
541 599 216
67 327 36
547 606 36
515 677 36
47 315 36
326 465 288
250 761 36
14 675 216
47 531 144
54 412 72
262 726 36
148 294 144
198 279 144
235 298 72
421 667 108
162 177 180
72 316 216
138 356 36
66 223 216
4 76 144
182 733 144
477 484 144
150 579 216
165 394 252
243 338 180
378 488 72
521 732 36
178 503 36
186 222 288
248 520 180
305 516 144
339 742 324
319 769 180
548 744 72
217 544 72
48 691 108
475 741 72
192 641 180
300 703 108
163 776 72
466 503 108
225 730 36
535 652 72
75 536 180
90 746 36
335 708 252
324 411 108
512 551 108
214 770 108
9 706 72
185 338 36
364 594 36
193 787 216
568 616 36
641 753 180
195 706 144
338 453 216
156 626 36
83 440 216
685 788 72
383 585 36
135 631 36
143 324 36
207 318 108
25 768 144
456 760 180
235 725 288
578 781 216
66 119 36
550 718 180
82 101 36
97 377 288
166 229 108
136 702 36
98 621 180
103 609 144
10 490 36
382 721 252
238 471 108
119 752 252
501 707 216
618 698 36
164 602 72
251 330 144
454 490 216
62 572 108
265 354 180
349 442 288
554 562 72
221 702 108
121 542 36
518 602 36
378 412 108
184 531 72
589 628 36
337 444 72
234 271 288
665 740 252
81 270 288
509 586 324
574 644 288
102 199 324
21 441 252
351 542 72
201 748 72
24 659 108
341 382 144
488 774 36
377 564 72
503 746 144
623 703 36
105 521 288
474 586 288
209 218 216
680 760 108
238 634 180
220 390 180
171 390 36
248 298 36
58 745 288
64 634 36
6 146 144
149 318 72
151 746 108
368 764 216
5 225 36
44 318 36
181 657 144
596 731 36
700 730 144
554 666 72
299 494 36
339 405 108
205 632 108
174 723 108
74 652 144
37 526 108
546 585 288
153 572 72
662 667 72
297 481 72
39 655 36
218 457 36
646 692 216
712 792 144
607 761 324
499 518 180
236 268 144
365 511 108
237 427 72
76 789 72
402 685 72
250 519 144
229 268 144
229 682 36
88 342 180
172 584 144
93 506 144
506 768 72
109 490 36
510 750 288
113 759 72
466 660 36
507 667 108
295 476 36
324 650 216
388 540 108
324 659 36
330 635 252
16 561 72
193 522 288
144 388 108
227 627 180
74 111 36
86 244 144
92 724 252
322 565 288
562 706 72
445 661 144
6 743 216
11 457 252
121 286 36
10 484 72
337 339 144
161 613 144
378 474 36
221 779 180
477 778 108
497 730 72
3 252 180
18 468 36
11 529 108
242 398 216
234 723 288
443 524 144
96 743 216
201 581 252
474 712 252
27 39 252
138 604 36
334 646 108
444 631 72
88 188 108
104 550 72
296 719 108
215 505 108
338 627 72
145 378 72
395 746 252
163 349 144
349 399 288
364 385 144
51 446 252
464 476 144
54 408 108
345 452 36
313 678 72
236 495 108
64 576 108
392 696 72
61 222 36
14 106 36
65 131 288
69 426 180
342 619 144
570 696 108
58 771 180
313 775 216
191 650 216
530 623 36
199 477 216
10 700 72
101 343 36
298 309 108
87 142 36
60 118 36
59 305 108
629 658 180
310 437 252
195 324 36
219 733 144
204 632 108
191 794 72
126 561 36
43 213 72
28 519 108
53 430 36
493 743 36
123 184 108
191 597 36
99 274 144
353 458 36
162 755 72
406 579 144
470 522 288
31 588 108
697 718 36
16 270 108
308 366 144
207 431 252
239 636 324
398 765 36
172 481 108
165 633 252
178 681 144
177 729 108
106 612 36
181 397 144
282 418 72
321 345 72
513 649 144
560 714 108
210 639 36
560 680 108
36 156 108
125 712 252
481 623 144
450 697 144
40 684 108
322 548 288
91 192 216
351 731 36
499 557 216
167 621 108
415 636 216
68 281 72
668 750 36
268 647 144
108 228 180
126 340 180
241 440 180
653 794 216
150 582 288
127 234 216
6 24 216
237 769 108
231 519 144
520 582 36
280 419 36
12 463 108
298 343 72
147 626 108
207 395 36
400 642 216
574 739 252
254 556 108
544 651 108
23 33 252
16 743 36
109 541 72
243 756 108
98 596 36
317 646 108
363 380 288
176 681 216
36 510 144
532 567 252
614 627 108
255 614 108
126 456 144
196 792 36
357 784 108
585 602 216
159 288 144
103 244 108
36 149 72
169 409 36
160 204 36
589 600 72
171 656 252
487 578 144
71 557 180
101 369 216
540 567 216
34 88 72
532 654 252
38 214 36
80 424 144
22 486 36
517 667 108
121 689 72
424 676 144
14 220 36
410 499 36
447 492 72
295 614 36
372 638 180
344 517 108
79 748 216
165 251 144
74 236 144
281 760 216
639 789 36
121 299 36
518 579 72
259 371 180
551 561 108
311 404 180
399 524 252
252 328 180
377 459 108
632 658 108
253 795 324
46 448 216
392 706 144
173 700 180
288 390 36
45 387 36
361 776 108
538 742 72
604 619 36
204 309 36
69 365 108
611 741 72
17 491 72
234 478 36
27 114 216
160 763 252
232 485 36
195 584 108
168 765 144
268 516 36
266 525 108
407 487 180
250 589 36
331 653 36
77 525 216
639 704 72
192 673 144
82 453 108
503 770 72
479 538 216
283 503 36
215 458 108
582 795 288
5 160 72
302 677 144
537 574 72
376 558 288
287 367 36
363 649 72
36 705 72
606 726 216
2 461 72
328 706 108
261 363 180
170 643 216
247 299 36
241 499 72
349 747 252
48 374 36
443 548 144
130 509 288
450 461 108
91 141 72
251 481 108
339 418 324
78 284 36
47 644 180
81 382 36
351 382 144
610 630 36
80 712 36
476 536 144
67 289 108
478 648 252
60 429 216
708 713 72
196 755 72
336 709 288
298 621 216
139 636 72
353 774 72
184 776 36
232 385 144
594 718 180
334 424 216
38 607 252
434 722 216
100 715 216
215 543 72
51 689 180
187 254 108
390 713 180
47 433 180
119 534 252
57 287 72
198 300 288
93 619 72
401 447 72
608 708 144
136 278 72
491 630 108
393 433 144
290 403 36
493 708 36
208 615 144
67 112 144
529 538 108
115 423 108
276 621 36
49 370 180
277 360 252
179 763 180
146 341 36
69 555 36
59 670 180
180 517 144
76 496 72
21 407 180
135 545 216
125 521 252
338 381 216
94 194 324
413 626 252
202 539 36
309 430 72
127 623 36
90 518 216
187 741 144
98 363 180
134 396 72
329 637 324
298 432 72
237 604 108
471 555 72
14 359 72
118 503 144
345 669 216
25 377 252
429 549 72
727 738 36
256 380 180
620 741 36
64 435 36
593 777 72
170 389 36
189 418 72
42 286 180
389 701 180
60 694 324
491 545 144
333 493 216
165 663 216
170 423 180
734 751 108
377 553 108
286 397 36
202 557 216
536 708 252
389 772 72
311 546 216
11 445 36
10 147 108
215 788 108
240 496 252
551 574 108
93 680 36
442 722 288
153 313 72
434 527 108
440 479 36
238 535 72
174 263 108
279 465 144
110 320 36
111 549 252
267 639 180
252 380 288
136 352 144
263 787 72
209 277 180
269 717 144
295 638 144
74 119 252
262 642 180
225 397 108
407 588 144
108 366 180
60 341 180
437 689 108
68 678 180
40 330 180
181 219 144
380 648 252
33 518 36
210 735 252
548 750 288
318 725 180
284 636 288
229 245 144
205 574 216
425 627 108
145 697 144
57 373 36
378 456 180
196 482 144
482 711 36
281 459 144
323 578 72
84 337 144
490 577 72
547 670 216
275 736 144
17 116 144
5 537 108
601 647 72
46 647 144
406 683 216
193 570 144
71 497 144
540 714 36
365 569 36
460 783 144
346 533 72
400 639 36
366 709 144
206 334 252
627 660 180
532 576 36
457 756 288
653 709 108
52 164 108
628 651 108
164 706 72
166 261 108
102 755 252
502 587 324
418 599 108
647 722 180
129 404 108
438 496 72
161 591 108
281 618 252
381 502 252
103 136 180
53 616 72
643 687 72
444 499 108
592 710 72
246 535 36
581 669 72
342 488 288
278 660 72
628 640 216
661 721 72
28 398 216
547 739 252
45 222 144
305 676 108
539 672 144
122 395 36
30 744 144
201 735 288
290 677 72
600 749 288
275 364 108
180 289 72
140 515 72
290 393 72
406 735 36
438 791 72
535 745 72
125 621 36
159 243 108
384 727 72
70 107 36
291 313 72
312 401 72
508 541 72
300 337 108
247 324 144
322 704 324
6 459 180
109 623 108
70 613 108
331 480 216
509 740 324
78 271 36
191 752 72
112 695 216
279 671 36
212 562 108
329 527 108
126 311 108
514 566 144
236 508 72
630 747 216
227 634 144
43 285 72
553 692 144
20 525 252
51 354 324
708 775 288
251 752 144
336 623 144
19 82 144
753 775 108
359 547 288
466 602 180
102 195 216
490 769 108
247 474 72
405 411 72
44 253 216
38 88 36
305 751 180
331 571 252
355 704 180
154 317 36
32 553 36
448 568 216
467 778 288
475 672 144
164 390 144
228 550 72
42 687 252
21 283 108
25 795 36
21 494 108
558 689 180
154 594 216
49 247 36
420 677 180
263 280 180
204 510 36
50 663 180
46 681 216
154 452 144
545 710 216
57 390 216
43 448 180
279 588 36
264 421 180
432 677 144
409 618 216
266 651 36
510 665 36
276 398 36
303 508 72
60 639 252
484 548 216
74 476 180
534 734 108
24 224 36
326 786 180
185 483 252
734 747 36
74 170 108
298 588 108
4 202 36
567 649 72
146 306 36
107 639 36
493 609 108
337 756 144
157 712 36
212 224 36
113 316 180
197 239 216
409 714 72
566 769 36
263 285 36
558 587 324
293 457 252
602 666 72
645 728 108
488 566 144
151 743 72
784 795 36
73 294 36
259 689 108
160 719 144
293 770 72
10 511 144
521 685 72
286 668 144
332 676 216
107 499 108
3 486 180
567 684 252
202 342 72
126 697 180
554 630 36
8 205 72
585 708 252
647 669 144
65 324 72
84 305 180
659 684 36
444 576 108
184 493 36
400 437 36
141 167 36
500 509 288
545 711 288
114 265 108
296 322 36
418 744 108
122 652 180
268 413 36
637 677 180
478 495 216
74 270 288
210 512 252
428 647 36
122 227 288
225 442 216
184 423 72
189 558 72
258 745 144
345 475 72
212 724 72
317 542 252
5 74 216
140 638 144
227 451 144
244 754 72
324 499 36
33 794 252
28 113 252
93 430 36
296 583 144
485 539 180
31 598 288
176 346 180
118 760 216
116 744 36
94 724 36
21 518 36
176 637 288
278 708 180
302 564 108
154 753 72
331 753 144
156 433 288
248 710 36
8 347 108
392 451 72
138 345 108
195 337 36
264 432 36
119 229 108
114 521 252
78 458 144
255 376 180
102 616 72
135 692 216
36 558 180
406 609 72
368 490 216
139 509 252
135 187 108
492 700 108
43 315 72
225 367 36
90 257 72
405 481 72
97 307 72
50 550 216
105 588 108
44 458 72
14 292 72
411 565 108
183 375 72
46 622 216
26 619 36
174 223 108
369 719 144
606 686 144
16 414 144
459 490 144
294 515 72
487 517 216
720 769 108
712 761 288
91 439 108
390 716 36
225 334 252
224 698 72
46 503 108
452 561 72
432 656 216
161 632 144
609 735 108
33 291 108
183 517 36
272 491 36
367 636 288
169 357 108
169 602 216
337 637 144
299 664 180
243 273 108
57 361 108
137 733 288
355 770 36
152 244 108
603 681 108
410 481 36
214 793 144
158 279 180
476 648 108
67 333 108
86 547 216
33 668 216
368 590 144
134 413 144
8 446 252
521 793 36
577 712 72
194 373 216
49 338 108
460 760 72
93 97 108
67 223 72
536 738 288
68 521 72
489 508 36
689 693 180
47 164 36
95 464 144
77 213 288
417 692 36
148 645 36
398 682 144
591 677 72
144 155 72
83 120 72
290 535 180
380 412 108
188 487 72
81 479 36
348 395 216
402 793 36
207 442 216
171 572 216
120 339 288
141 553 72
448 496 216
191 760 180
39 685 216
411 728 36
555 715 180
178 582 72
666 728 36
321 750 144
385 442 108
171 326 36
518 553 108
22 719 144
695 731 72
279 298 72
244 359 216
35 613 72
85 285 72
75 789 72
524 585 252
598 600 288
243 391 36
162 408 324
