1000 999
1 2 792834
2 3 577669
1 4 127000
3 5 306067
2 6 880132
6 7 3389
1 8 890878
6 9 264660
4 10 861931
6 11 343949
10 12 4161
5 13 588463
1 14 711703
2 15 192933
6 16 885810
5 17 638876
3 18 377665
6 19 971637
19 20 467469
17 21 622404
13 22 400459
16 23 60982
3 24 752660
16 25 976456
21 26 596290
12 27 308942
6 28 423475
27 29 913656
16 30 352612
24 31 436306
27 32 290810
31 33 449148
11 34 166070
14 35 989467
9 36 732150
8 37 966779
8 38 591143
3 39 88497
10 40 457496
13 41 510647
27 42 217127
11 43 404929
26 44 631088
2 45 369353
6 46 311079
31 47 440666
21 48 210961
29 49 876092
32 50 362039
34 51 750716
5 52 691852
1 53 621094
38 54 541687
27 55 465231
43 56 537004
46 57 69282
47 58 959426
9 59 834421
41 60 749552
34 61 786087
33 62 950003
53 63 458387
2 64 823988
6 65 532649
19 66 941485
66 67 185989
4 68 200930
19 69 960692
21 70 393685
40 71 593503
35 72 736771
18 73 958724
7 74 904194
64 75 958356
73 76 759351
57 77 21027
13 78 412942
53 79 366879
22 80 624148
41 81 698192
48 82 967237
60 83 972980
58 84 597142
28 85 139558
49 86 372960
83 87 636576
76 88 359264
46 89 724077
30 90 288440
68 91 377068
56 92 374483
74 93 526064
77 94 159576
64 95 269163
32 96 147597
71 97 505763
59 98 630685
47 99 606865
57 100 310690
62 101 965063
18 102 628034
67 103 327303
40 104 580877
56 105 850475
30 106 706763
12 107 62283
20 108 989482
47 109 159769
34 110 39943
103 111 1453
86 112 79196
106 113 945206
111 114 859923
20 115 582057
100 116 394632
87 117 732942
99 118 581541
94 119 511466
115 120 234851
29 121 586839
108 122 841901
112 123 42302
53 124 38008
79 125 511398
52 126 455656
65 127 592838
80 128 274314
43 129 667633
99 130 632936
108 131 553471
124 132 32399
54 133 513628
74 134 608871
96 135 683076
103 136 898376
124 137 783764
116 138 692137
58 139 900232
115 140 407753
140 141 364831
65 142 864145
115 143 159846
31 144 293721
62 145 99657
31 146 297027
30 147 28453
53 148 581778
130 149 763861
149 150 998053
49 151 454339
132 152 917829
45 153 230032
63 154 517278
100 155 40500
41 156 210055
108 157 705733
59 158 815252
117 159 397239
18 160 463654
108 161 285212
39 162 111587
158 163 721700
109 164 403047
72 165 493466
158 166 89182
87 167 918412
38 168 134113
118 169 913778
136 170 42391
151 171 828302
41 172 33209
142 173 88290
54 174 977471
155 175 117518
150 176 174282
124 177 817668
7 178 5877
120 179 537937
118 180 840099
93 181 702104
39 182 398690
61 183 80482
170 184 393272
170 185 974478
145 186 408582
101 187 812110
39 188 416543
6 189 669797
153 190 903750
65 191 903832
8 192 921391
67 193 353769
183 194 311210
100 195 59186
81 196 565407
50 197 298422
34 198 521928
156 199 46101
139 200 251936
87 201 893881
197 202 724063
167 203 498119
138 204 560534
183 205 281238
59 206 521000
94 207 221746
179 208 825193
74 209 599782
48 210 896865
131 211 467185
106 212 478384
187 213 139475
6 214 258786
28 215 958566
74 216 257702
194 217 775913
213 218 953265
84 219 902010
125 220 606303
26 221 110489
46 222 530875
76 223 45469
201 224 30578
183 225 778446
20 226 352071
139 227 261254
36 228 10165
158 229 165061
43 230 751154
20 231 613586
6 232 540965
154 233 205035
11 234 947452
95 235 175702
48 236 202236
115 237 267384
21 238 877077
132 239 403547
29 240 782161
147 241 181906
50 242 77816
86 243 761877
9 244 282159
227 245 941382
30 246 307343
28 247 262218
218 248 939980
99 249 713835
245 250 340138
77 251 327725
165 252 121524
10 253 471435
238 254 420113
112 255 877223
24 256 779973
191 257 54693
194 258 718862
142 259 131937
141 260 225425
231 261 43977
86 262 137794
20 263 74342
110 264 521362
31 265 464286
257 266 380319
148 267 577876
260 268 704628
234 269 613555
195 270 118421
108 271 102288
125 272 536426
62 273 206457
165 274 123405
215 275 28930
200 276 730920
86 277 591281
186 278 109856
175 279 895571
181 280 847158
75 281 177740
175 282 378182
57 283 470720
114 284 876637
158 285 31265
189 286 361165
164 287 443202
73 288 426151
231 289 198247
5 290 258734
1 291 256722
56 292 529399
47 293 740758
279 294 731944
91 295 222785
44 296 483148
128 297 712189
241 298 791077
40 299 461873
174 300 477753
85 301 945339
274 302 958885
53 303 789581
114 304 535567
92 305 437648
189 306 306776
179 307 126029
144 308 75969
276 309 991159
194 310 356567
276 311 421811
53 312 780897
82 313 200829
288 314 103183
163 315 150516
300 316 347161
120 317 422878
150 318 414781
143 319 484538
287 320 948501
97 321 450081
44 322 90407
202 323 661527
271 324 489973
281 325 245656
159 326 493254
55 327 997144
322 328 108587
325 329 473274
95 330 417489
13 331 794524
40 332 137959
160 333 409445
36 334 714564
274 335 275972
314 336 126813
261 337 517629
22 338 252262
123 339 26633
273 340 965413
192 341 609375
71 342 387869
150 343 94957
291 344 427396
297 345 315385
242 346 649961
241 347 482794
277 348 251282
179 349 801641
289 350 623821
334 351 769905
112 352 481567
131 353 456604
177 354 148339
154 355 930745
23 356 85756
141 357 18664
232 358 311878
185 359 641871
10 360 649461
217 361 971678
291 362 542955
339 363 298569
249 364 312575
311 365 751224
259 366 695596
334 367 350642
13 368 799864
224 369 976537
248 370 621358
46 371 109212
13 372 100031
52 373 980091
154 374 337774
198 375 253964
91 376 997105
108 377 770850
90 378 117327
362 379 891723
184 380 498470
133 381 223133
111 382 709586
127 383 464323
358 384 667852
126 385 432675
111 386 866066
284 387 792010
104 388 970686
190 389 510367
51 390 404402
276 391 949096
7 392 909589
247 393 933272
120 394 496069
353 395 84875
363 396 800435
395 397 90169
368 398 54869
300 399 380959
248 400 107022
119 401 535965
99 402 280638
245 403 127207
59 404 520861
392 405 339569
376 406 651671
306 407 854568
170 408 352035
173 409 967823
83 410 551523
254 411 535669
90 412 125045
166 413 132691
205 414 741153
106 415 5786
314 416 15535
131 417 223991
13 418 821525
357 419 818509
264 420 253417
268 421 417786
377 422 347846
103 423 867397
130 424 368140
118 425 625824
309 426 439617
311 427 683452
228 428 85262
183 429 150512
366 430 839536
303 431 591916
388 432 100448
121 433 902213
99 434 483737
97 435 631856
290 436 128544
227 437 838628
278 438 754516
35 439 170960
247 440 457976
168 441 440370
388 442 627114
131 443 800119
421 444 333639
319 445 149148
331 446 762603
309 447 731497
98 448 916636
133 449 370119
411 450 861889
381 451 538954
427 452 425190
155 453 261299
173 454 236363
443 455 446218
388 456 92868
380 457 625498
124 458 570776
286 459 518493
243 460 522338
288 461 168845
430 462 870845
115 463 913277
139 464 360474
440 465 291747
249 466 33324
327 467 463782
310 468 55594
14 469 837508
20 470 548725
57 471 480360
164 472 145167
429 473 798432
270 474 142506
107 475 933903
389 476 35173
66 477 679455
197 478 300812
296 479 360713
195 480 561599
414 481 604636
288 482 735528
344 483 69607
263 484 614105
30 485 205082
280 486 177172
148 487 177487
56 488 425274
442 489 643226
460 490 389583
362 491 80291
233 492 657678
274 493 476925
445 494 499092
190 495 839966
417 496 616385
332 497 143689
64 498 527263
326 499 724984
319 500 281781
132 501 427706
357 502 554706
68 503 740255
44 504 992030
219 505 441686
406 506 657634
316 507 368487
293 508 345863
244 509 799435
136 510 534812
318 511 703570
482 512 888545
203 513 967702
149 514 956997
178 515 344701
105 516 879883
96 517 372767
5 518 100212
374 519 216443
23 520 501677
82 521 970544
199 522 667425
134 523 605286
228 524 680502
334 525 20266
339 526 245516
248 527 468576
227 528 227417
216 529 400079
271 530 394075
7 531 609064
303 532 432453
529 533 963949
7 534 311176
414 535 813918
171 536 318384
51 537 523686
101 538 106740
537 539 590608
427 540 315878
363 541 191985
192 542 10943
395 543 42313
37 544 779666
444 545 275874
217 546 455033
6 547 999740
336 548 839338
176 549 964614
334 550 779663
103 551 601570
5 552 57563
424 553 612150
488 554 736464
410 555 809462
274 556 621172
503 557 53119
44 558 829179
316 559 253631
315 560 105215
74 561 666541
333 562 402975
446 563 607457
45 564 824918
173 565 877914
559 566 220803
340 567 57101
144 568 432543
392 569 380133
185 570 417381
557 571 508006
302 572 756008
194 573 484368
130 574 429009
471 575 162407
88 576 942699
186 577 991832
333 578 334929
209 579 973154
213 580 422059
536 581 967384
440 582 432913
264 583 410672
393 584 733882
475 585 955767
451 586 969139
424 587 16023
409 588 135057
388 589 430489
448 590 7964
172 591 881227
257 592 101042
143 593 93829
367 594 111189
453 595 881052
244 596 585146
135 597 126430
95 598 383518
255 599 453774
451 600 362360
356 601 533077
218 602 598977
455 603 696206
150 604 414372
584 605 891352
412 606 843295
485 607 558064
204 608 269005
377 609 304927
297 610 410971
573 611 482485
376 612 922003
507 613 661705
334 614 328464
532 615 75787
304 616 150575
152 617 890379
74 618 272518
400 619 80814
416 620 255071
505 621 675424
47 622 930534
227 623 577076
573 624 94268
569 625 405843
582 626 673834
565 627 319983
197 628 620917
440 629 920947
155 630 925821
524 631 152173
96 632 853093
422 633 183517
339 634 275153
351 635 687549
482 636 175416
536 637 846277
87 638 171645
34 639 225856
559 640 441060
285 641 577739
12 642 547823
509 643 137293
286 644 146
133 645 893583
627 646 825157
372 647 732760
446 648 167930
243 649 579485
425 650 552407
218 651 271818
559 652 735757
332 653 351438
209 654 196409
67 655 746806
554 656 362513
605 657 396317
75 658 78856
515 659 448232
72 660 237906
573 661 120758
365 662 506945
6 663 967386
110 664 751683
516 665 867704
109 666 77757
161 667 937648
323 668 848019
148 669 911163
191 670 267360
239 671 83290
3 672 402705
1 673 907212
439 674 839548
575 675 581123
116 676 552302
441 677 484405
60 678 959525
636 679 888136
41 680 1146
45 681 853881
243 682 391631
503 683 667819
384 684 698684
450 685 408654
165 686 734806
322 687 958011
271 688 234826
550 689 166801
490 690 738622
629 691 206792
440 692 80290
640 693 464661
517 694 864995
44 695 742980
528 696 154964
511 697 183290
528 698 459523
92 699 774230
460 700 142846
448 701 285015
162 702 866025
288 703 62048
493 704 560169
581 705 266656
305 706 152179
431 707 419930
59 708 439652
250 709 257862
43 710 242714
392 711 8083
22 712 655625
461 713 564745
549 714 300688
178 715 124029
328 716 514344
220 717 460149
97 718 490750
491 719 601349
566 720 541483
176 721 716367
638 722 423944
151 723 210005
618 724 838061
75 725 734302
479 726 990642
310 727 791069
18 728 65992
685 729 750965
147 730 387502
604 731 783156
564 732 602384
654 733 837293
700 734 527387
146 735 427078
472 736 940126
243 737 718409
561 738 139942
108 739 30693
236 740 468850
135 741 806815
684 742 154032
72 743 212993
198 744 550914
77 745 556776
152 746 547806
349 747 514302
202 748 62936
237 749 954133
54 750 341327
318 751 996373
667 752 852738
691 753 748317
116 754 620121
371 755 342460
558 756 784249
383 757 364426
133 758 632703
750 759 699127
539 760 24705
729 761 763048
537 762 88426
470 763 490344
502 764 87613
553 765 206106
572 766 748427
205 767 315788
349 768 440230
646 769 379637
745 770 645687
554 771 655515
633 772 648499
727 773 439723
526 774 480340
652 775 6485
250 776 969089
100 777 667086
589 778 808096
207 779 1746
451 780 796942
585 781 48695
518 782 349990
377 783 347881
122 784 323959
496 785 458489
332 786 139151
68 787 68608
722 788 319839
192 789 377118
16 790 137569
724 791 376537
150 792 702383
91 793 202518
403 794 38073
10 795 234888
690 796 354395
478 797 714512
695 798 519826
568 799 178724
338 800 132423
439 801 514238
470 802 417350
259 803 565605
277 804 694896
615 805 705297
424 806 344268
423 807 472114
296 808 393308
376 809 754274
448 810 158669
732 811 902529
278 812 707869
700 813 983579
61 814 66614
448 815 475620
352 816 516023
641 817 490279
811 818 752171
58 819 610978
108 820 947827
41 821 987291
436 822 482772
778 823 713569
540 824 532728
409 825 279607
363 826 545636
547 827 244625
588 828 635192
759 829 163286
682 830 933274
531 831 60086
11 832 857390
48 833 915675
490 834 678381
60 835 524617
175 836 493757
140 837 589776
459 838 400790
433 839 430642
74 840 354530
533 841 373089
724 842 724897
426 843 547873
385 844 273116
461 845 654306
369 846 707197
135 847 522655
438 848 492262
780 849 308241
711 850 389057
81 851 454038
807 852 404551
147 853 994827
259 854 602599
465 855 822331
695 856 341869
37 857 943442
852 858 848697
98 859 702572
847 860 898759
190 861 20915
257 862 554530
276 863 422194
405 864 955578
519 865 868465
499 866 584081
11 867 699954
273 868 148044
439 869 215945
48 870 607549
805 871 992423
18 872 332707
321 873 960000
622 874 630466
346 875 396145
90 876 359786
591 877 988448
772 878 407723
139 879 953277
28 880 279081
657 881 812209
215 882 537562
658 883 128533
812 884 514963
637 885 142923
524 886 907483
150 887 699819
743 888 19606
600 889 983873
226 890 163154
816 891 958028
879 892 198331
3 893 181094
402 894 741804
250 895 931968
652 896 363595
119 897 945590
502 898 596072
577 899 882175
689 900 529438
207 901 812028
426 902 523266
49 903 540095
406 904 620823
773 905 435023
807 906 959095
135 907 774589
847 908 971643
150 909 147876
539 910 237282
785 911 252594
643 912 911991
251 913 326311
104 914 10251
353 915 44278
547 916 141018
853 917 115218
262 918 579058
183 919 221328
547 920 30572
606 921 727221
777 922 382900
330 923 546207
27 924 312512
907 925 475112
708 926 923948
79 927 279941
359 928 550631
862 929 450698
910 930 54134
678 931 399131
632 932 175169
262 933 200528
207 934 734626
207 935 377061
229 936 280041
217 937 696538
723 938 223939
163 939 790120
684 940 163829
105 941 97698
809 942 965978
156 943 183749
639 944 345815
145 945 957921
562 946 977266
127 947 791789
662 948 315649
328 949 344776
514 950 959208
800 951 747756
519 952 786975
338 953 530040
438 954 722710
834 955 523986
261 956 451800
916 957 777419
777 958 836250
338 959 617714
608 960 271137
805 961 403899
460 962 690957
347 963 184862
217 964 421572
324 965 78384
533 966 358723
433 967 839631
869 968 881273
875 969 311137
823 970 135657
47 971 655823
207 972 79602
179 973 360247
88 974 18744
532 975 983920
259 976 334199
691 977 491158
120 978 385471
568 979 177481
560 980 705669
597 981 177737
967 982 738083
362 983 412345
446 984 66142
303 985 636784
849 986 440883
542 987 149160
749 988 189655
385 989 876015
785 990 948485
109 991 931505
821 992 963727
985 993 87451
615 994 500499
83 995 883435
559 996 855463
812 997 36767
706 998 846890
953 999 914742
846 1000 265537
