1000 4000
8 270 1
4 270 1
4 884 1
2 884 1
2 315 1
10 315 1
10 228 1
6 228 1
6 761 1
3 761 1
3 573 1
7 573 1
7 224 1
1 224 1
1 507 1
9 507 1
9 475 1
5 475 1
5 25 1
2 25 1
2 130 1
7 453 1
10 993 1
2 847 1
7 276 1
10 783 1
4 416 1
1 908 1
6 354 1
4 120 1
9 705 1
3 334 1
1 589 1
9 538 1
6 280 1
9 663 1
6 438 1
8 969 1
5 965 1
6 978 1
7 248 1
2 920 1
10 526 1
8 529 1
6 648 1
9 836 1
5 183 1
6 897 1
10 601 1
1 501 1
2 312 1
7 530 1
5 454 1
2 667 1
6 645 1
2 510 1
9 81 1
9 49 1
2 70 1
10 76 1
8 553 1
8 426 1
2 365 1
8 468 1
8 872 1
10 754 1
9 201 1
3 247 1
5 875 1
9 907 1
9 382 1
8 232 1
9 773 1
3 298 1
9 409 1
8 195 1
3 75 1
7 781 1
3 355 1
2 79 1
6 537 1
2 177 1
2 934 1
9 445 1
3 476 1
6 741 1
4 869 1
10 187 1
2 295 1
1 689 1
3 778 1
10 116 1
4 552 1
9 205 1
2 236 1
8 557 1
8 977 1
2 722 1
9 979 1
5 309 1
10 379 1
8 771 1
9 36 1
2 169 1
10 178 1
10 817 1
4 496 1
9 644 1
6 87 1
7 616 1
5 492 1
5 464 1
2 219 1
8 432 1
1 285 1
8 388 1
2 975 1
6 630 1
6 176 1
5 117 1
7 633 1
8 631 1
10 344 1
2 145 1
1 924 1
2 450 1
4 32 1
9 974 1
7 143 1
7 785 1
10 889 1
4 890 1
5 943 1
1 480 1
2 84 1
2 109 1
10 918 1
3 38 1
7 951 1
10 752 1
1 246 1
9 545 1
2 923 1
1 548 1
7 148 1
10 585 1
3 304 1
4 543 1
2 433 1
4 214 1
6 132 1
4 39 1
5 119 1
10 632 1
3 60 1
8 397 1
5 411 1
5 800 1
9 250 1
6 680 1
7 860 1
2 724 1
1 571 1
5 209 1
1 660 1
1 992 1
3 71 1
8 18 1
9 138 1
2 196 1
9 577 1
5 687 1
10 373 1
10 375 1
8 682 1
2 273 1
5 758 1
8 547 1
4 206 1
3 517 1
3 764 1
9 493 1
8 826 1
7 419 1
6 536 1
4 17 1
10 780 1
3 499 1
5 835 1
9 78 1
8 54 1
7 866 1
10 211 1
7 886 1
10 700 1
7 693 1
3 745 1
10 597 1
7 449 1
1 352 1
3 691 1
6 891 1
1 22 1
1 532 1
10 235 1
5 643 1
10 690 1
9 472 1
4 402 1
3 816 1
2 642 1
4 508 1
9 909 1
5 769 1
8 477 1
7 595 1
1 540 1
10 518 1
10 823 1
1 184 1
9 791 1
7 606 1
7 141 1
4 578 1
9 283 1
1 342 1
7 566 1
7 434 1
2 325 1
5 603 1
1 413 1
2 902 1
8 665 1
7 56 1
4 466 1
1 167 1
4 262 1
1 830 1
9 605 1
4 799 1
5 393 1
6 260 1
3 336 1
10 804 1
7 215 1
3 721 1
10 343 1
2 274 1
1 857 1
6 653 1
4 182 1
5 712 1
10 702 1
1 973 1
6 77 1
1 851 1
6 332 1
1 627 1
5 98 1
5 48 1
7 929 1
9 418 1
10 392 1
1 961 1
7 955 1
7 672 1
8 428 1
1 351 1
3 559 1
8 226 1
6 870 1
7 893 1
4 613 1
7 591 1
6 626 1
1 486 1
3 806 1
1 173 1
2 940 1
5 500 1
7 318 1
7 656 1
8 110 1
6 654 1
2 46 1
8 838 1
9 431 1
5 297 1
6 74 1
2 503 1
5 479 1
4 290 1
9 281 1
6 210 1
7 302 1
5 787 1
5 115 1
1 609 1
5 491 1
1 229 1
8 340 1
3 430 1
4 191 1
6 303 1
4 704 1
2 165 1
1 802 1
7 249 1
10 387 1
1 29 1
4 11 1
8 376 1
9 92 1
9 874 1
9 534 1
7 523 1
10 47 1
2 522 1
5 564 1
9 62 1
7 23 1
3 317 1
6 242 1
8 563 1
8 424 1
7 736 1
9 185 1
7 481 1
9 175 1
1 122 1
5 380 1
7 565 1
9 784 1
8 737 1
5 881 1
5 861 1
5 803 1
8 991 1
6 852 1
6 883 1
9 900 1
10 760 1
7 323 1
7 535 1
9 305 1
8 815 1
2 85 1
1 525 1
6 742 1
4 144 1
4 848 1
6 832 1
4 103 1
2 441 1
5 726 1
3 346 1
9 478 1
5 470 1
2 494 1
1 190 1
10 990 1
9 231 1
8 147 1
9 442 1
10 473 1
5 188 1
8 490 1
7 230 1
7 161 1
3 513 1
8 821 1
4 31 1
1 777 1
1 671 1
10 873 1
6 95 1
9 429 1
2 753 1
3 550 1
3 794 1
8 576 1
7 345 1
5 964 1
9 728 1
5 384 1
10 136 1
4 617 1
4 67 1
8 146 1
10 673 1
3 129 1
6 452 1
10 515 1
5 101 1
2 899 1
8 194 1
7 683 1
4 688 1
6 259 1
9 150 1
7 105 1
3 151 1
3 460 1
4 156 1
4 970 1
6 594 1
8 856 1
10 707 1
1 849 1
6 59 1
8 12 1
6 775 1
2 814 1
1 320 1
4 516 1
6 845 1
2 828 1
4 189 1
7 922 1
7 50 1
10 941 1
2 66 1
9 233 1
9 405 1
4 153 1
2 420 1
3 655 1
4 788 1
2 338 1
5 698 1
6 389 1
4 751 1
10 381 1
3 511 1
3 437 1
2 69 1
1 521 1
1 528 1
9 386 1
3 502 1
9 825 1
9 695 1
4 457 1
3 13 1
8 45 1
8 579 1
10 134 1
4 541 1
6 497 1
10 89 1
1 367 1
9 624 1
7 963 1
10 488 1
2 292 1
10 723 1
3 699 1
10 519 1
5 223 1
3 14 1
2 569 1
2 212 1
6 107 1
8 278 1
9 945 1
2 887 1
5 539 1
3 142 1
4 114 1
4 463 1
10 670 1
6 903 1
1 448 1
10 202 1
3 598 1
9 575 1
1 462 1
9 716 1
9 820 1
8 139 1
10 833 1
1 19 1
10 370 1
7 296 1
4 333 1
4 954 1
9 892 1
3 514 1
4 957 1
1 650 1
1 678 1
7 587 1
3 368 1
2 96 1
10 361 1
2 947 1
4 685 1
7 551 1
1 599 1
4 474 1
7 623 1
6 461 1
1 251 1
6 681 1
1 127 1
2 898 1
6 124 1
8 600 1
8 217 1
5 495 1
9 157 1
3 610 1
9 406 1
6 989 1
1 567 1
8 245 1
10 558 1
10 549 1
8 686 1
3 446 1
4 878 1
6 911 1
9 822 1
7 372 1
7 765 1
6 868 1
8 888 1
9 968 1
9 713 1
2 986 1
2 414 1
2 546 1
2 234 1
2 980 1
5 904 1
2 140 1
2 155 1
9 27 1
2 339 1
5 158 1
5 750 1
6 812 1
8 590 1
9 267 1
2 786 1
4 813 1
10 102 1
10 255 1
4 204 1
5 72 1
6 811 1
1 300 1
8 582 1
2 310 1
10 97 1
7 451 1
3 882 1
1 400 1
8 629 1
4 394 1
3 294 1
4 100 1
9 520 1
8 588 1
1 164 1
1 894 1
2 697 1
4 619 1
3 994 1
2 455 1
2 20 1
2 790 1
5 42 1
1 170 1
8 57 1
8 410 1
8 403 1
8 324 1
10 936 1
2 407 1
5 277 1
8 263 1
10 349 1
4 612 1
2 819 1
7 524 1
6 51 1
3 593 1
8 620 1
1 859 1
2 846 1
1 928 1
2 26 1
5 121 1
3 314 1
2 611 1
8 715 1
3 717 1
1 271 1
5 877 1
7 34 1
5 930 1
10 824 1
7 125 1
1 112 1
1 913 1
8 348 1
3 795 1
2 363 1
1 313 1
7 404 1
10 727 1
6 905 1
10 279 1
9 896 1
3 666 1
4 422 1
1 377 1
5 358 1
4 925 1
1 917 1
7 350 1
1 772 1
6 118 1
5 674 1
2 443 1
1 133 1
2 311 1
5 739 1
5 149 1
7 664 1
9 256 1
6 708 1
9 946 1
4 556 1
6 306 1
8 696 1
6 926 1
3 841 1
8 291 1
2 55 1
3 357 1
8 152 1
5 423 1
2 711 1
2 976 1
3 192 1
4 996 1
10 628 1
9 326 1
6 850 1
2 425 1
1 241 1
9 286 1
1 999 1
10 489 1
7 108 1
10 135 1
4 984 1
6 997 1
4 770 1
3 80 1
8 181 1
9 93 1
2 287 1
10 602 1
6 987 1
7 542 1
3 482 1
6 337 1
9 68 1
1 639 1
6 641 1
6 853 1
6 855 1
1 618 1
7 839 1
2 359 1
4 962 1
7 483 1
8 938 1
7 111 1
7 268 1
3 684 1
1 207 1
3 808 1
5 756 1
7 774 1
2 818 1
3 740 1
5 995 1
4 759 1
9 956 1
10 527 1
10 163 1
4 88 1
9 636 1
7 725 1
10 933 1
3 73 1
4 570 1
6 179 1
4 776 1
3 607 1
5 106 1
3 998 1
7 200 1
3 797 1
9 321 1
6 789 1
2 265 1
6 679 1
6 561 1
9 865 1
10 369 1
3 734 1
2 221 1
3 910 1
4 983 1
1 720 1
6 647 1
2 864 1
9 399 1
7 347 1
3 762 1
3 914 1
2 937 1
3 658 1
3 574 1
10 560 1
4 919 1
5 1000 1
9 137 1
10 128 1
9 469 1
9 218 1
1 646 1
10 91 1
4 596 1
10 266 1
8 586 1
10 395 1
8 331 1
5 94 1
7 544 1
1 366 1
2 640 1
7 709 1
9 793 1
10 755 1
3 329 1
5 798 1
7 763 1
3 885 1
6 58 1
6 807 1
5 498 1
9 792 1
2 931 1
8 801 1
3 237 1
4 284 1
10 220 1
8 730 1
5 692 1
7 288 1
6 456 1
5 944 1
1 733 1
10 427 1
2 16 1
6 180 1
5 827 1
5 316 1
7 199 1
6 844 1
8 356 1
10 193 1
3 30 1
9 533 1
4 966 1
4 353 1
1 988 1
5 244 1
10 362 1
10 637 1
8 554 1
3 932 1
1 895 1
1 82 1
8 396 1
2 744 1
10 796 1
5 676 1
4 871 1
3 634 1
4 953 1
10 238 1
3 159 1
9 385 1
9 738 1
7 840 1
2 622 1
4 668 1
10 123 1
5 710 1
2 258 1
7 252 1
1 512 1
2 960 1
8 33 1
2 86 1
1 935 1
7 83 1
10 506 1
9 341 1
5 706 1
2 867 1
5 225 1
2 509 1
2 985 1
1 608 1
4 876 1
3 90 1
9 227 1
9 371 1
1 916 1
10 901 1
6 831 1
10 197 1
10 24 1
9 208 1
2 44 1
10 160 1
8 729 1
2 275 1
6 319 1
8 767 1
7 834 1
6 421 1
2 203 1
2 747 1
9 171 1
3 505 1
10 435 1
4 440 1
8 487 1
5 581 1
3 972 1
9 714 1
10 842 1
1 484 1
7 939 1
9 335 1
2 41 1
5 269 1
2 863 1
2 467 1
7 447 1
6 253 1
10 328 1
9 555 1
7 662 1
2 562 1
5 879 1
1 408 1
9 412 1
4 921 1
3 401 1
10 749 1
9 64 1
6 810 1
6 635 1
3 743 1
1 568 1
1 40 1
6 186 1
3 172 1
6 766 1
6 748 1
3 948 1
10 360 1
6 15 1
6 843 1
5 858 1
6 37 1
4 391 1
4 282 1
2 584 1
10 952 1
7 126 1
10 504 1
6 113 1
5 862 1
9 240 1
7 289 1
6 222 1
10 669 1
3 675 1
5 485 1
1 583 1
7 703 1
7 330 1
9 949 1
10 719 1
9 958 1
6 746 1
3 580 1
7 854 1
3 531 1
9 694 1
7 390 1
10 659 1
5 168 1
4 768 1
5 65 1
2 53 1
8 322 1
4 264 1
7 732 1
7 621 1
3 779 1
10 301 1
6 661 1
1 327 1
8 293 1
9 243 1
6 657 1
4 649 1
6 604 1
1 967 1
2 131 1
10 415 1
9 364 1
3 257 1
7 444 1
2 261 1
4 880 1
6 52 1
6 592 1
1 43 1
9 927 1
1 398 1
10 213 1
6 942 1
5 383 1
1 35 1
5 829 1
5 21 1
6 99 1
3 735 1
6 614 1
7 677 1
9 174 1
4 625 1
1 971 1
3 374 1
8 162 1
2 471 1
6 254 1
7 731 1
4 572 1
4 718 1
2 837 1
1 459 1
3 378 1
5 307 1
8 308 1
4 417 1
10 154 1
8 701 1
2 439 1
2 906 1
4 651 1
5 216 1
6 757 1
5 299 1
2 458 1
4 28 1
5 166 1
7 638 1
9 982 1
2 272 1
10 615 1
2 782 1
10 652 1
5 912 1
9 950 1
2 239 1
6 959 1
3 981 1
10 63 1
10 436 1
1 61 1
7 465 1
7 198 1
7 915 1
8 805 1
2 809 1
2 104 1
10 1000 1
10 897 1
10 836 1
9 122 1
6 455 1
2 865 1
5 873 1
9 317 1
8 292 1
2 918 1
1 764 1
5 178 1
5 610 1
2 500 1
2 775 1
7 295 1
1 867 1
5 734 1
10 132 1
10 708 1
7 741 1
10 528 1
10 661 1
6 702 1
7 508 1
9 631 1
9 313 1
1 791 1
3 231 1
6 815 1
6 73 1
9 21 1
6 403 1
7 907 1
6 395 1
4 200 1
4 902 1
7 680 1
1 143 1
4 988 1
8 97 1
2 826 1
10 513 1
1 249 1
1 815 1
5 160 1
10 788 1
5 285 1
1 747 1
4 244 1
6 214 1
5 970 1
4 42 1
6 818 1
5 144 1
10 867 1
6 350 1
8 657 1
7 44 1
5 659 1
9 287 1
1 379 1
10 338 1
9 471 1
9 483 1
3 601 1
8 301 1
10 797 1
9 936 1
9 548 1
4 812 1
4 445 1
10 801 1
7 281 1
8 319 1
4 68 1
6 296 1
8 240 1
5 382 1
9 26 1
10 55 1
3 143 1
9 938 1
6 382 1
7 536 1
1 730 1
3 337 1
2 125 1
9 710 1
1 216 1
1 433 1
2 621 1
8 315 1
10 214 1
3 935 1
1 453 1
10 74 1
6 658 1
1 494 1
6 530 1
9 258 1
1 519 1
1 376 1
5 808 1
3 371 1
10 681 1
2 599 1
2 299 1
7 325 1
5 543 1
8 216 1
8 545 1
7 679 1
5 328 1
1 716 1
3 132 1
6 232 1
2 806 1
5 153 1
10 598 1
8 422 1
5 521 1
10 478 1
4 937 1
10 126 1
7 577 1
3 783 1
2 300 1
6 525 1
9 862 1
8 283 1
5 317 1
4 316 1
7 826 1
6 115 1
8 901 1
2 555 1
7 391 1
8 599 1
5 774 1
8 370 1
2 377 1
1 66 1
4 292 1
7 66 1
6 747 1
5 278 1
8 608 1
8 892 1
6 919 1
1 264 1
5 238 1
4 405 1
1 485 1
5 594 1
7 266 1
5 577 1
5 396 1
10 807 1
10 383 1
5 637 1
8 118 1
7 400 1
4 298 1
3 751 1
9 361 1
6 998 1
3 318 1
5 241 1
8 671 1
6 491 1
2 217 1
3 930 1
10 675 1
4 374 1
4 540 1
4 944 1
3 145 1
5 247 1
4 960 1
9 767 1
10 762 1
3 169 1
7 614 1
1 145 1
2 186 1
4 142 1
7 166 1
3 136 1
3 61 1
5 892 1
10 529 1
3 618 1
1 59 1
7 410 1
3 982 1
7 467 1
10 217 1
8 994 1
2 879 1
9 656 1
4 171 1
10 973 1
3 459 1
6 468 1
5 469 1
6 355 1
5 147 1
2 208 1
6 368 1
1 461 1
1 357 1
7 223 1
9 447 1
8 423 1
8 738 1
5 725 1
2 653 1
5 863 1
3 938 1
7 257 1
10 872 1
6 907 1
1 904 1
4 767 1
7 191 1
9 163 1
8 29 1
7 300 1
8 405 1
5 311 1
4 729 1
4 730 1
5 239 1
4 874 1
3 364 1
3 796 1
6 290 1
10 534 1
6 600 1
5 820 1
3 861 1
2 309 1
2 676 1
2 605 1
5 849 1
10 862 1
6 187 1
7 661 1
4 459 1
6 330 1
8 262 1
9 613 1
6 63 1
8 235 1
6 709 1
7 408 1
9 685 1
5 932 1
5 501 1
2 81 1
5 574 1
2 601 1
7 989 1
1 403 1
10 437 1
5 221 1
3 39 1
5 82 1
2 158 1
1 582 1
9 89 1
4 225 1
6 377 1
10 61 1
4 581 1
7 604 1
8 11 1
1 214 1
3 226 1
10 536 1
3 83 1
3 485 1
7 140 1
1 551 1
5 336 1
6 522 1
1 705 1
4 272 1
9 204 1
2 973 1
10 52 1
1 444 1
3 897 1
8 739 1
6 29 1
4 164 1
6 927 1
4 137 1
7 197 1
2 718 1
9 882 1
10 531 1
4 723 1
2 784 1
4 241 1
2 149 1
6 826 1
2 380 1
5 302 1
1 227 1
10 776 1
9 614 1
6 326 1
3 682 1
3 518 1
6 267 1
9 22 1
10 403 1
6 598 1
3 622 1
1 668 1
1 414 1
8 511 1
10 851 1
8 840 1
5 103 1
9 455 1
6 715 1
7 626 1
6 338 1
4 219 1
9 196 1
4 168 1
1 953 1
2 991 1
6 466 1
2 990 1
5 66 1
6 109 1
6 518 1
3 771 1
8 305 1
1 848 1
8 845 1
8 726 1
3 836 1
5 901 1
2 267 1
2 999 1
8 207 1
3 200 1
1 670 1
2 700 1
9 951 1
3 894 1
2 812 1
8 860 1
1 682 1
6 737 1
5 455 1
10 327 1
2 788 1
8 508 1
9 666 1
2 58 1
5 410 1
3 992 1
6 272 1
6 969 1
4 974 1
5 260 1
8 282 1
5 308 1
5 732 1
1 334 1
10 786 1
7 802 1
3 629 1
9 35 1
1 701 1
3 183 1
2 507 1
4 312 1
7 244 1
4 639 1
2 612 1
6 464 1
1 201 1
5 375 1
4 861 1
2 388 1
3 461 1
3 770 1
9 238 1
10 922 1
1 631 1
4 611 1
5 801 1
2 901 1
1 696 1
10 224 1
2 372 1
10 954 1
9 526 1
7 82 1
1 669 1
3 773 1
4 117 1
1 819 1
6 879 1
5 370 1
3 888 1
3 362 1
7 926 1
3 576 1
4 205 1
2 301 1
1 165 1
9 804 1
5 672 1
5 360 1
7 957 1
6 736 1
7 711 1
5 503 1
9 985 1
2 663 1
2 956 1
7 431 1
8 101 1
10 225 1
6 527 1
3 74 1
5 546 1
2 36 1
9 422 1
5 880 1
9 456 1
5 107 1
4 453 1
5 906 1
6 627 1
8 134 1
1 541 1
1 81 1
3 621 1
9 219 1
9 961 1
9 123 1
2 113 1
2 639 1
6 515 1
9 969 1
3 429 1
8 650 1
1 314 1
9 224 1
5 708 1
9 746 1
1 680 1
6 851 1
3 521 1
10 852 1
7 239 1
2 518 1
4 628 1
1 331 1
5 404 1
3 520 1
1 321 1
9 117 1
2 43 1
9 94 1
7 953 1
6 665 1
9 309 1
10 230 1
5 977 1
3 339 1
9 229 1
9 994 1
8 276 1
2 498 1
5 633 1
2 654 1
5 669 1
5 529 1
8 988 1
7 764 1
9 798 1
3 331 1
3 325 1
7 159 1
6 585 1
3 920 1
10 201 1
5 874 1
10 336 1
10 799 1
7 744 1
10 955 1
2 478 1
1 863 1
6 477 1
10 986 1
8 987 1
7 186 1
7 67 1
6 172 1
6 175 1
1 861 1
6 698 1
9 890 1
5 571 1
9 323 1
8 609 1
5 338 1
8 486 1
6 783 1
9 527 1
2 568 1
5 530 1
1 274 1
6 13 1
3 373 1
3 366 1
3 390 1
10 359 1
6 644 1
2 326 1
6 411 1
5 852 1
7 928 1
7 178 1
8 853 1
3 632 1
1 509 1
5 366 1
5 372 1
7 555 1
3 977 1
5 187 1
5 927 1
7 894 1
4 887 1
2 148 1
2 820 1
9 236 1
4 712 1
8 402 1
8 80 1
3 290 1
9 234 1
3 578 1
10 864 1
2 567 1
5 724 1
7 136 1
5 502 1
6 749 1
2 141 1
1 634 1
1 710 1
3 799 1
10 507 1
3 983 1
1 761 1
7 421 1
7 651 1
3 615 1
6 856 1
4 557 1
6 398 1
6 373 1
10 20 1
9 158 1
4 892 1
10 409 1
2 214 1
9 315 1
3 17 1
7 916 1
4 693 1
10 505 1
4 739 1
8 979 1
3 856 1
4 280 1
4 491 1
6 26 1
7 174 1
2 162 1
1 932 1
5 579 1
3 495 1
9 80 1
1 426 1
7 960 1
6 446 1
7 464 1
9 160 1
8 565 1
4 334 1
4 49 1
1 343 1
4 306 1
2 527 1
6 617 1
4 12 1
2 634 1
6 261 1
7 274 1
1 869 1
3 43 1
10 891 1
5 947 1
1 89 1
8 616 1
8 267 1
7 895 1
1 46 1
1 989 1
1 538 1
10 589 1
10 267 1
7 149 1
7 456 1
1 555 1
8 601 1
5 811 1
6 194 1
1 406 1
9 957 1
8 401 1
1 386 1
7 314 1
4 934 1
7 501 1
8 188 1
2 481 1
6 432 1
9 239 1
5 468 1
1 816 1
9 408 1
5 949 1
2 587 1
4 368 1
5 506 1
10 594 1
9 960 1
2 263 1
10 664 1
1 119 1
3 474 1
4 315 1
7 130 1
5 812 1
8 878 1
9 934 1
2 490 1
5 979 1
5 405 1
4 20 1
9 854 1
4 827 1
7 221 1
10 254 1
2 909 1
3 207 1
1 648 1
7 175 1
6 307 1
10 200 1
9 540 1
6 570 1
10 421 1
2 39 1
3 157 1
8 61 1
8 783 1
2 178 1
10 463 1
4 222 1
7 480 1
3 604 1
8 870 1
4 44 1
8 441 1
5 291 1
1 381 1
7 831 1
5 138 1
6 213 1
8 626 1
10 977 1
10 400 1
1 871 1
10 617 1
9 619 1
1 423 1
4 236 1
3 793 1
1 362 1
2 740 1
5 575 1
2 428 1
1 749 1
3 167 1
9 869 1
6 121 1
7 978 1
5 951 1
6 388 1
9 13 1
8 273 1
2 485 1
4 633 1
10 847 1
4 58 1
6 314 1
9 935 1
2 135 1
8 868 1
6 400 1
9 708 1
5 978 1
9 741 1
3 303 1
6 494 1
10 35 1
9 667 1
7 827 1
10 840 1
8 791 1
6 950 1
6 148 1
6 834 1
9 451 1
3 688 1
1 878 1
4 458 1
9 567 1
5 140 1
2 34 1
8 935 1
7 776 1
4 254 1
9 753 1
8 958 1
5 200 1
1 265 1
3 947 1
3 206 1
1 37 1
4 227 1
5 699 1
9 757 1
7 246 1
5 647 1
9 113 1
6 284 1
7 778 1
1 963 1
1 977 1
7 968 1
5 783 1
7 377 1
8 920 1
6 372 1
7 220 1
4 60 1
3 425 1
6 217 1
1 266 1
8 824 1
4 80 1
6 231 1
6 622 1
3 254 1
2 434 1
1 58 1
8 990 1
1 601 1
9 868 1
8 831 1
4 311 1
4 112 1
10 259 1
7 833 1
9 861 1
3 53 1
4 13 1
2 97 1
9 23 1
10 756 1
10 566 1
3 789 1
1 502 1
8 603 1
5 20 1
7 787 1
7 570 1
7 241 1
5 531 1
4 531 1
2 329 1
6 521 1
2 651 1
8 778 1
2 476 1
5 289 1
6 744 1
2 54 1
6 993 1
9 724 1
10 475 1
10 389 1
1 823 1
7 857 1
8 285 1
2 797 1
8 512 1
7 770 1
5 834 1
1 683 1
3 570 1
4 26 1
4 347 1
7 430 1
1 245 1
6 557 1
6 686 1
7 290 1
3 354 1
10 308 1
1 843 1
10 535 1
4 707 1
6 979 1
2 881 1
7 798 1
10 491 1
9 998 1
8 119 1
2 191 1
8 736 1
4 823 1
6 178 1
5 887 1
5 916 1
10 984 1
4 716 1
1 774 1
1 268 1
8 973 1
9 774 1
7 757 1
7 923 1
8 604 1
4 481 1
10 424 1
6 460 1
8 952 1
7 63 1
6 917 1
3 827 1
5 799 1
3 242 1
8 385 1
7 438 1
9 311 1
1 115 1
3 659 1
2 47 1
10 595 1
4 513 1
6 790 1
7 291 1
7 432 1
7 692 1
10 14 1
7 373 1
9 811 1
4 181 1
3 278 1
5 226 1
10 806 1
6 335 1
10 886 1
1 776 1
4 36 1
1 471 1
1 978 1
4 505 1
8 233 1
4 359 1
2 483 1
7 458 1
9 223 1
8 762 1
6 138 1
3 927 1
7 585 1
4 293 1
2 245 1
1 293 1
6 130 1
6 970 1
9 449 1
6 105 1
4 529 1
4 671 1
6 499 1
5 305 1
1 645 1
3 724 1
4 847 1
1 277 1
1 579 1
7 457 1
8 105 1
8 811 1
8 794 1
5 389 1
3 878 1
7 695 1
4 766 1
10 356 1
7 204 1
5 638 1
3 155 1
10 138 1
10 697 1
10 757 1
10 850 1
8 905 1
1 438 1
9 903 1
8 549 1
3 178 1
6 817 1
1 553 1
5 58 1
9 207 1
4 50 1
9 650 1
5 833 1
4 891 1
5 565 1
2 766 1
6 833 1
2 839 1
4 783 1
9 132 1
3 692 1
9 338 1
4 180 1
8 354 1
5 867 1
5 292 1
8 530 1
4 784 1
2 984 1
1 615 1
3 444 1
7 506 1
5 661 1
5 243 1
8 352 1
1 294 1
6 81 1
6 975 1
10 688 1
7 466 1
3 46 1
7 370 1
10 533 1
9 410 1
10 13 1
3 866 1
2 627 1
3 338 1
8 353 1
9 501 1
4 652 1
8 613 1
7 792 1
10 144 1
10 286 1
8 167 1
3 555 1
9 480 1
5 457 1
3 94 1
2 938 1
10 465 1
7 639 1
5 888 1
4 915 1
10 896 1
8 483 1
3 725 1
7 705 1
7 155 1
4 431 1
2 810 1
8 259 1
9 17 1
3 713 1
1 261 1
9 932 1
3 924 1
9 142 1
9 279 1
3 441 1
4 336 1
4 107 1
9 584 1
2 283 1
8 531 1
5 437 1
3 267 1
1 479 1
6 553 1
5 477 1
3 89 1
8 447 1
8 172 1
4 924 1
9 633 1
9 758 1
7 629 1
6 147 1
4 226 1
4 83 1
6 268 1
10 285 1
6 340 1
4 559 1
2 675 1
1 338 1
3 230 1
3 847 1
10 16 1
1 491 1
9 937 1
6 101 1
8 846 1
8 489 1
4 96 1
8 735 1
5 866 1
3 201 1
8 728 1
6 385 1
4 304 1
8 895 1
2 538 1
3 154 1
2 597 1
9 988 1
5 942 1
6 990 1
3 490 1
10 553 1
4 660 1
6 50 1
7 319 1
6 646 1
5 663 1
5 511 1
7 575 1
2 294 1
9 268 1
5 980 1
6 605 1
1 873 1
9 831 1
7 724 1
7 47 1
6 422 1
6 753 1
6 526 1
10 247 1
5 975 1
4 963 1
7 303 1
7 381 1
3 402 1
6 531 1
3 587 1
5 418 1
9 51 1
5 353 1
1 295 1
1 500 1
10 976 1
6 673 1
6 221 1
10 740 1
5 924 1
3 87 1
6 374 1
2 15 1
4 55 1
4 546 1
6 185 1
10 525 1
3 543 1
8 316 1
7 783 1
10 821 1
3 370 1
5 649 1
8 43 1
6 949 1
3 804 1
6 784 1
3 399 1
5 96 1
4 355 1
8 342 1
1 179 1
8 109 1
7 718 1
6 425 1
8 416 1
3 274 1
8 140 1
4 130 1
1 542 1
8 711 1
1 24 1
10 79 1
10 176 1
2 366 1
6 621 1
8 716 1
4 386 1
2 615 1
8 787 1
2 996 1
8 159 1
1 734 1
10 720 1
6 257 1
10 309 1
5 802 1
5 961 1
9 139 1
10 353 1
5 504 1
3 999 1
10 636 1
2 638 1
5 41 1
5 630 1
9 424 1
4 34 1
3 448 1
6 956 1
3 643 1
4 246 1
7 133 1
6 241 1
10 122 1
10 56 1
2 858 1
3 933 1
10 751 1
6 717 1
4 867 1
4 648 1
4 851 1
1 236 1
9 273 1
1 80 1
4 151 1
1 610 1
6 643 1
5 259 1
2 802 1
2 966 1
2 242 1
3 405 1
4 589 1
6 216 1
6 900 1
4 433 1
1 942 1
9 699 1
3 975 1
5 296 1
10 875 1
8 768 1
8 621 1
7 265 1
8 28 1
4 530 1
9 411 1
8 394 1
1 419 1
9 413 1
10 743 1
9 495 1
4 521 1
8 632 1
2 282 1
1 738 1
8 481 1
5 885 1
4 968 1
7 610 1
2 432 1
8 997 1
9 546 1
1 591 1
5 542 1
4 243 1
2 461 1
8 310 1
4 781 1
9 887 1
1 868 1
1 911 1
2 698 1
7 937 1
8 99 1
4 383 1
3 824 1
9 500 1
5 850 1
5 134 1
2 548 1
2 515 1
3 833 1
4 829 1
6 145 1
7 503 1
1 825 1
1 85 1
3 233 1
9 249 1
3 911 1
7 830 1
1 715 1
6 806 1
10 38 1
4 85 1
8 886 1
3 811 1
9 351 1
3 979 1
4 917 1
7 546 1
4 40 1
10 391 1
1 208 1
6 568 1
5 878 1
3 784 1
6 836 1
7 329 1
6 694 1
10 75 1
9 31 1
4 951 1
9 156 1
1 968 1
9 496 1
6 782 1
5 466 1
4 434 1
3 852 1
5 359 1
2 306 1
1 520 1
6 270 1
10 583 1
9 357 1
10 396 1
3 379 1
3 215 1
8 788 1
8 171 1
6 274 1
2 374 1
1 976 1
9 43 1
2 926 1
7 975 1
8 343 1
2 396 1
10 417 1
4 943 1
5 667 1
8 522 1
8 337 1
4 427 1
10 662 1
2 661 1
9 628 1
9 337 1
1 626 1
3 265 1
7 667 1
6 580 1
4 748 1
5 195 1
6 607 1
7 40 1
3 819 1
8 128 1
10 520 1
10 835 1
2 499 1
7 901 1
6 885 1
3 218 1
5 889 1
4 989 1
5 946 1
9 146 1
10 856 1
1 699 1
2 769 1
1 688 1
6 559 1
10 789 1
4 323 1
1 955 1
4 670 1
5 126 1
7 589 1
6 384 1
1 104 1
7 379 1
9 817 1
7 583 1
4 328 1
9 809 1
2 126 1
4 879 1
2 971 1
8 323 1
8 407 1
6 800 1
1 157 1
2 147 1
8 667 1
2 912 1
10 120 1
10 890 1
2 129 1
8 27 1
10 239 1
9 200 1
7 43 1
3 184 1
3 177 1
6 780 1
10 784 1
3 111 1
9 368 1
4 21 1
3 774 1
9 192 1
1 62 1
3 960 1
10 982 1
4 322 1
2 674 1
10 663 1
8 495 1
7 789 1
2 840 1
2 553 1
6 215 1
2 152 1
2 211 1
9 214 1
2 756 1
7 815 1
8 538 1
6 945 1
2 970 1
1 703 1
6 563 1
3 414 1
10 189 1
3 163 1
8 32 1
9 765 1
4 346 1
1 464 1
4 248 1
9 316 1
4 384 1
10 340 1
1 427 1
10 194 1
4 912 1
1 707 1
2 579 1
5 832 1
10 262 1
7 335 1
7 795 1
9 689 1
3 768 1
10 741 1
4 69 1
4 97 1
7 472 1
6 529 1
3 541 1
1 557 1
4 141 1
10 728 1
4 888 1
1 513 1
7 232 1
6 865 1
3 749 1
10 434 1
1 389 1
4 981 1
2 117 1
3 432 1
1 15 1
3 606 1
3 995 1
1 820 1
7 163 1
2 574 1
1 401 1
9 209 1
6 36 1
7 885 1
4 551 1
7 110 1
6 82 1
8 569 1
9 651 1
2 422 1
1 276 1
8 373 1
10 401 1
2 188 1
4 926 1
1 282 1
3 307 1
9 306 1
10 179 1
1 411 1
6 379 1
2 702 1
6 730 1
5 23 1
2 585 1
1 997 1
5 327 1
10 943 1
9 772 1
7 172 1
5 293 1
1 457 1
2 578 1
10 191 1
5 768 1
6 146 1
10 928 1
8 835 1
3 323 1
2 690 1
8 944 1
3 656 1
10 419 1
5 363 1
6 102 1
9 639 1
9 554 1
7 986 1
5 762 1
9 82 1
2 997 1
6 480 1
4 573 1
6 752 1
8 618 1
8 491 1
4 303 1
1 530 1
4 644 1
2 424 1
3 494 1
9 308 1
6 22 1
1 510 1
7 86 1
3 523 1
6 623 1
2 181 1
7 522 1
1 447 1
8 20 1
7 154 1
2 592 1
9 265 1
5 24 1
9 252 1
4 178 1
2 520 1
2 247 1
8 173 1
7 36 1
3 101 1
1 900 1
6 513 1
8 60 1
8 834 1
6 433 1
8 779 1
9 32 1
1 879 1
8 479 1
8 141 1
4 285 1
5 771 1
3 343 1
4 789 1
4 607 1
1 883 1
8 898 1
4 277 1
2 514 1
10 86 1
2 669 1
6 794 1
1 337 1
10 416 1
2 773 1
10 500 1
8 374 1
6 562 1
3 416 1
6 913 1
8 596 1
8 250 1
5 55 1
8 349 1
2 398 1
5 123 1
7 762 1
8 493 1
10 573 1
6 342 1
2 543 1
3 439 1
7 131 1
2 873 1
3 202 1
7 686 1
2 945 1
7 959 1
5 490 1
4 870 1
8 634 1
4 571 1
9 38 1
4 715 1
7 398 1
6 582 1
2 795 1
8 56 1
3 299 1
8 643 1
5 703 1
1 328 1
10 717 1
1 852 1
10 868 1
9 65 1
4 23 1
2 552 1
2 290 1
10 516 1
2 595 1
1 991 1
5 15 1
3 552 1
2 501 1
5 348 1
2 452 1
6 534 1
4 809 1
9 99 1
9 622 1
9 735 1
1 34 1
6 18 1
1 993 1
2 480 1
9 872 1
9 755 1
9 983 1
6 601 1
7 420 1
6 539 1
4 212 1
1 353 1
10 678 1
8 928 1
10 145 1
1 187 1
7 280 1
3 772 1
4 230 1
5 280 1
5 266 1
3 466 1
4 545 1
9 606 1
9 63 1
5 174 1
3 62 1
7 790 1
6 163 1
1 87 1
10 999 1
7 177 1
1 333 1
5 982 1
2 393 1
6 39 1
5 422 1
5 18 1
8 41 1
10 174 1
6 528 1
2 447 1
7 58 1
8 371 1
9 388 1
7 405 1
7 475 1
2 246 1
10 284 1
1 535 1
3 624 1
2 921 1
2 992 1
4 208 1
2 964 1
9 159 1
2 582 1
4 606 1
2 900 1
3 168 1
1 945 1
3 898 1
4 800 1
7 611 1
4 81 1
5 198 1
7 120 1
4 711 1
5 67 1
2 278 1
6 636 1
9 461 1
8 961 1
6 237 1
5 46 1
4 532 1
8 772 1
2 491 1
1 719 1
10 50 1
5 907 1
4 894 1
10 510 1
6 139 1
8 879 1
9 806 1
2 517 1
10 365 1
4 562 1
10 900 1
10 903 1
4 797 1
4 279 1
5 54 1
4 523 1
1 780 1
4 441 1
5 364 1
4 423 1
8 75 1
8 296 1
2 735 1
1 272 1
5 619 1
7 484 1
10 297 1
6 294 1
4 614 1
1 619 1
8 492 1
5 760 1
7 688 1
4 726 1
3 208 1
8 307 1
1 181 1
10 333 1
8 389 1
4 765 1
7 648 1
8 960 1
10 219 1
10 950 1
9 481 1
4 456 1
10 27 1
9 320 1
3 909 1
1 790 1
5 645 1
8 847 1
3 876 1
10 503 1
1 526 1
7 255 1
8 971 1
2 957 1
9 609 1
7 554 1
1 412 1
8 765 1
4 335 1
1 821 1
5 19 1
5 439 1
7 640 1
10 627 1
3 492 1
7 859 1
4 928 1
10 830 1
7 20 1
7 170 1
1 837 1
6 353 1
3 755 1
10 169 1
2 709 1
4 263 1
10 22 1
7 905 1
5 229 1
5 159 1
7 855 1
1 250 1
10 565 1
9 878 1
9 423 1
2 159 1
7 278 1
10 914 1
7 333 1
9 389 1
2 488 1
9 691 1
7 998 1
4 504 1
6 875 1
5 483 1
4 683 1
7 995 1
2 484 1
4 538 1
1 193 1
4 692 1
4 399 1
10 911 1
8 662 1
8 567 1
9 928 1
7 898 1
6 920 1
7 580 1
9 615 1
6 731 1
1 665 1
2 204 1
2 854 1
2 255 1
3 545 1
6 426 1
2 397 1
6 359 1
5 839 1
5 730 1
3 245 1
8 379 1
3 289 1
6 937 1
5 395 1
5 367 1
5 300 1
5 342 1
7 247 1
8 102 1
3 854 1
9 438 1
9 930 1
8 863 1
8 861 1
9 86 1
10 726 1
8 227 1
9 517 1
6 711 1
5 206 1
7 910 1
10 153 1
3 147 1
5 443 1
2 404 1
6 72 1
10 357 1
8 698 1
6 295 1
9 779 1
10 311 1
3 1000 1
3 438 1
8 156 1
1 708 1
10 78 1
5 584 1
6 835 1
1 323 1
2 779 1
10 462 1
5 459 1
6 84 1
10 787 1
7 810 1
7 92 1
8 502 1
2 683 1
8 722 1
3 256 1
7 183 1
10 62 1
5 314 1
9 241 1
10 923 1
9 879 1
3 701 1
6 571 1
5 767 1
8 976 1
10 87 1
2 563 1
7 338 1
5 700 1
7 226 1
10 476 1
3 760 1
7 97 1
4 741 1
1 740 1
3 296 1
3 556 1
8 691 1
6 428 1
10 250 1
10 96 1
10 639 1
4 803 1
6 207 1
1 693 1
9 102 1
8 202 1
9 149 1
10 439 1
3 967 1
10 538 1
9 25 1
4 898 1
9 634 1
2 194 1
1 817 1
1 330 1
3 697 1
1 585 1
10 257 1
6 211 1
3 803 1
5 677 1
10 19 1
2 523 1
8 832 1
9 366 1
7 813 1
9 894 1
1 465 1
6 819 1
7 845 1
4 113 1
4 253 1
9 56 1
4 911 1
3 174 1
5 93 1
10 832 1
4 461 1
6 30 1
5 869 1
8 560 1
2 603 1
9 510 1
4 977 1
7 68 1
4 914 1
2 50 1
6 872 1
7 996 1
9 549 1
10 792 1
4 199 1
4 15 1
7 12 1
6 767 1
4 586 1
3 871 1
7 76 1
4 697 1
10 83 1
1 483 1
6 347 1
4 620 1
2 721 1
6 953 1
4 900 1
2 800 1
2 175 1
6 189 1
9 504 1
9 891 1
2 48 1
9 24 1
9 588 1
10 816 1
9 245 1
9 977 1
6 995 1
1 600 1
7 284 1
9 69 1
5 444 1
4 746 1
10 275 1
4 678 1
3 617 1
8 894 1
6 923 1
3 310 1
2 475 1
3 103 1
5 207 1
8 519 1
9 118 1
5 170 1
3 798 1
7 205 1
7 847 1
2 320 1
10 30 1
2 215 1
10 587 1
2 664 1
9 154 1
6 726 1
7 245 1
8 53 1
6 572 1
10 685 1
4 721 1
1 974 1
2 419 1
2 308 1
10 501 1
5 505 1
6 768 1
1 469 1
7 890 1
8 524 1
2 171 1
6 301 1
6 249 1
8 966 1
1 78 1
6 829 1
10 243 1
9 625 1
5 85 1
8 781 1
10 935 1
5 727 1
7 256 1
3 92 1
4 719 1
8 142 1
3 589 1
10 611 1
3 853 1
8 469 1
2 150 1
10 704 1
7 74 1
10 822 1
2 816 1
4 235 1
6 209 1
10 997 1
9 786 1
4 728 1
6 610 1
9 984 1
1 374 1
7 786 1
9 347 1
7 571 1
10 198 1
8 271 1
2 103 1
1 144 1
7 558 1
3 834 1
2 550 1
6 952 1
10 571 1
2 656 1
1 319 1
3 529 1
8 693 1
4 515 1
4 568 1
2 897 1
7 463 1
10 709 1
9 595 1
8 199 1
2 409 1
4 554 1
3 15 1
7 85 1
6 191 1
8 903 1
9 673 1
10 245 1
9 75 1
10 294 1
1 139 1
1 185 1
2 695 1
7 608 1
10 761 1
5 720 1
7 750 1
5 488 1
3 843 1
7 316 1
8 942 1
4 373 1
2 284 1
8 368 1
4 414 1
5 623 1
7 820 1
9 837 1
10 29 1
10 306 1
8 799 1
3 165 1
3 251 1
5 14 1
8 776 1
7 940 1
4 703 1
6 498 1
10 385 1
3 478 1
3 633 1
1 508 1
1 176 1
1 652 1
1 995 1
4 489 1
8 924 1
7 236 1
6 93 1
5 489 1
10 394 1
7 943 1
5 520 1
4 415 1
4 161 1
3 380 1
10 810 1
4 421 1
1 966 1
8 439 1
5 35 1
7 889 1
8 610 1
1 280 1
9 53 1
7 209 1
7 353 1
1 887 1
4 903 1
10 175 1
7 361 1
9 116 1
10 321 1
7 55 1
3 48 1
4 47 1
2 741 1
1 575 1
1 885 1
9 202 1
8 328 1
10 722 1
3 522 1
10 606 1
5 909 1
8 758 1
3 479 1
9 453 1
5 972 1
7 809 1
2 905 1
1 269 1
6 134 1
7 816 1
1 603 1
10 770 1
2 767 1
7 527 1
9 358 1
9 863 1
10 441 1
1 727 1
1 73 1
5 537 1
7 797 1
6 980 1
10 931 1
3 993 1
6 157 1
5 240 1
2 831 1
9 640 1
8 606 1
3 236 1
9 437 1
8 689 1
5 940 1
2 42 1
7 106 1
5 618 1
2 417 1
2 824 1
7 324 1
9 260 1
6 951 1
3 710 1
5 387 1
5 629 1
2 174 1
1 72 1
10 119 1
8 950 1
3 690 1
8 769 1
2 296 1
9 76 1
6 410 1
1 244 1
8 224 1
5 192 1
9 827 1
8 707 1
9 745 1
1 487 1
9 852 1
10 113 1
5 88 1
5 185 1
5 421 1
3 667 1
8 445 1
2 477 1
1 388 1
2 442 1
10 706 1
10 989 1
3 462 1
7 532 1
5 433 1
7 115 1
10 269 1
7 450 1
3 818 1
5 894 1
6 532 1
6 144 1
8 568 1
2 405 1
5 152 1
1 637 1
1 694 1
2 896 1
7 822 1
4 885 1
7 965 1
9 462 1
8 318 1
9 924 1
4 938 1
7 315 1
2 403 1
5 657 1
8 983 1
7 251 1
2 110 1
9 213 1
6 474 1
6 212 1
9 778 1
6 283 1
7 344 1
10 457 1
10 647 1
4 364 1
4 400 1
8 452 1
8 170 1
9 165 1
6 501 1
4 763 1
10 854 1
1 985 1
7 578 1
8 241 1
3 91 1
10 514 1
4 950 1
6 755 1
2 421 1
5 267 1
6 313 1
2 401 1
7 752 1
5 86 1
8 157 1
7 156 1
10 539 1
2 799 1
4 404 1
6 164 1
3 546 1
4 853 1
1 382 1
4 997 1
9 257 1
4 509 1
8 357 1
8 948 1
10 405 1
4 526 1
4 735 1
8 527 1
8 819 1
4 909 1
2 249 1
1 981 1
4 875 1
10 354 1
3 872 1
6 246 1
1 368 1
7 119 1
7 165 1
1 71 1
3 851 1
5 796 1
8 828 1
7 904 1
7 123 1
9 531 1
10 105 1
10 41 1
8 480 1
6 89 1
2 356 1
2 65 1
7 775 1
1 138 1
5 313 1
8 312 1
10 312 1
8 675 1
7 190 1
4 623 1
9 15 1
1 196 1
10 724 1
8 455 1
1 68 1
4 135 1
5 514 1
5 639 1
1 931 1
10 322 1
7 77 1
9 803 1
10 759 1
3 264 1
6 453 1
1 550 1
1 757 1
6 971 1
1 754 1
1 875 1
10 203 1
7 57 1
5 379 1
8 953 1
5 882 1
2 791 1
4 824 1
5 519 1
4 929 1
2 189 1
1 329 1
8 706 1
7 469 1
7 620 1
1 303 1
5 761 1
10 183 1
1 468 1
6 735 1
10 545 1
1 539 1
3 592 1
7 211 1
5 303 1
9 362 1
5 986 1
7 932 1
5 612 1
6 814 1
1 644 1
7 669 1
6 830 1
9 604 1
3 969 1
8 359 1
3 463 1
4 665 1
6 555 1
5 848 1
1 288 1
10 33 1
1 731 1
7 730 1
9 973 1
4 217 1
3 742 1
3 283 1
8 761 1
2 666 1
2 496 1
3 925 1
4 819 1
2 37 1
8 859 1
1 96 1
6 479 1
9 766 1
3 738 1
2 341 1
2 739 1
4 580 1
6 219 1
5 587 1
9 635 1
8 72 1
3 77 1
7 11 1
2 146 1
7 900 1
3 968 1
1 753 1
7 914 1
5 254 1
4 196 1
4 747 1
5 413 1
5 941 1
7 507 1
10 449 1
1 410 1
8 680 1
4 72 1
4 999 1
3 20 1
9 873 1
5 73 1
4 987 1
1 569 1
1 247 1
3 118 1
3 270 1
2 625 1
7 793 1
5 791 1
9 990 1
4 408 1
4 289 1
7 644 1
3 344 1
4 626 1
3 790 1
9 129 1
9 322 1
4 882 1
10 818 1
6 514 1
9 875 1
5 276 1
8 382 1
3 990 1
1 223 1
8 169 1
2 987 1
4 833 1
8 116 1
3 951 1
6 364 1
5 518 1
8 498 1
9 247 1
1 886 1
1 728 1
5 759 1
8 130 1
8 345 1
6 685 1
2 967 1
2 989 1
7 728 1
4 792 1
1 107 1
9 180 1
4 720 1
6 318 1
1 944 1
7 80 1
2 364 1
2 14 1
7 392 1
6 387 1
2 408 1
4 811 1
3 176 1
6 1000 1
5 202 1
5 233 1
5 355 1
2 307 1
1 854 1
6 912 1
5 959 1
2 861 1
4 66 1
9 692 1
10 885 1
10 157 1
5 738 1
9 918 1
1 283 1
2 473 1
8 607 1
6 573 1
1 681 1
2 713 1
5 705 1
8 914 1
4 602 1
3 240 1
3 507 1
3 669 1
7 634 1
9 720 1
2 68 1
2 482 1
1 994 1
5 948 1
2 974 1
10 314 1
7 260 1
4 343 1
9 585 1
6 507 1
5 651 1
8 857 1
6 805 1
8 178 1
7 309 1
10 303 1
3 586 1
4 808 1
8 463 1
2 813 1
9 498 1
3 870 1
1 151 1
6 443 1
8 822 1
10 963 1
4 881 1
2 90 1
1 898 1
9 734 1
3 213 1
3 775 1
3 453 1
2 82 1
7 636 1
10 793 1
3 489 1
7 403 1
1 117 1
3 221 1
8 19 1
6 423 1
1 149 1
6 478 1
7 560 1
2 685 1
5 74 1
7 31 1
3 712 1
3 916 1
9 363 1
1 472 1
7 896 1
7 829 1
8 936 1
10 884 1
9 991 1
4 340 1
2 762 1
10 69 1
1 892 1
3 535 1
5 184 1
4 371 1
7 341 1
4 897 1
4 499 1
1 729 1
5 534 1
7 171 1
1 416 1
1 543 1
3 964 1
5 425 1
10 586 1
8 869 1
3 817 1
7 292 1
8 756 1
9 965 1
4 502 1
9 912 1
6 797 1
2 244 1
10 532 1
10 937 1
8 992 1
2 541 1
5 148 1
1 633 1
3 217 1
1 270 1
9 842 1
5 711 1
4 834 1
7 576 1
8 96 1
10 58 1
3 716 1
9 211 1
5 59 1
8 363 1
9 491 1
8 752 1
6 916 1
9 325 1
7 415 1
8 947 1
1 186 1
6 718 1
1 437 1
2 323 1
5 476 1
2 876 1
9 760 1
2 913 1
1 126 1
6 776 1
1 518 1
2 260 1
2 868 1
7 734 1
8 78 1
5 334 1
8 751 1
4 109 1
5 250 1
2 106 1
3 396 1
2 167 1
3 554 1
8 475 1
5 938 1
1 690 1
1 495 1
7 378 1
8 697 1
3 919 1
2 98 1
6 339 1
7 158 1
1 430 1
2 416 1
9 608 1
9 886 1
4 940 1
8 381 1
7 15 1
4 756 1
6 243 1
8 209 1
3 96 1
3 496 1
5 108 1
6 66 1
5 403 1
1 784 1
5 109 1
4 503 1
5 790 1
3 272 1
4 745 1
6 676 1
3 892 1
9 183 1
6 293 1
7 188 1
4 194 1
5 227 1
5 406 1
8 978 1
1 514 1
4 584 1
3 23 1
1 309 1
3 276 1
4 238 1
10 490 1
5 512 1
4 344 1
7 189 1
3 596 1
8 764 1
9 479 1
4 831 1
2 410 1
10 48 1
2 955 1
1 801 1
7 60 1
9 133 1
9 610 1
1 385 1
2 891 1
3 271 1
4 388 1
8 107 1
2 589 1
2 160 1
1 305 1
5 78 1
9 580 1
5 16 1
9 680 1
8 485 1
6 523 1
8 189 1
9 788 1
6 822 1
6 361 1
5 857 1
4 87 1
2 965 1
9 466 1
6 957 1
10 273 1
4 991 1
9 516 1
6 44 1
3 377 1
3 249 1
4 673 1
1 746 1
6 390 1
5 658 1
2 238 1
3 421 1
3 845 1
5 461 1
2 78 1
5 691 1
6 192 1
2 636 1
7 912 1
5 357 1
8 714 1
7 735 1
8 37 1
7 384 1
9 707 1
6 445 1
3 34 1
10 920 1
2 571 1
8 911 1
6 170 1
7 979 1
6 847 1
10 90 1
4 152 1
6 642 1
8 556 1
6 862 1
3 961 1
8 138 1
8 161 1
6 904 1
5 523 1
2 892 1
9 717 1
1 798 1
6 864 1
1 897 1
10 737 1
7 842 1
1 717 1
2 427 1
6 996 1
10 811 1
9 719 1
8 203 1
10 444 1
6 391 1
1 673 1
2 852 1
7 286 1
9 394 1
4 125 1
2 332 1
1 358 1
9 904 1
8 392 1
7 715 1
9 464 1
10 103 1
10 420 1
9 441 1
3 381 1
7 660 1
2 430 1
4 555 1
10 863 1
10 630 1
8 934 1
10 299 1
5 507 1
3 469 1
4 740 1
8 284 1
6 45 1
6 65 1
10 498 1
6 846 1
7 201 1
5 615 1
3 579 1
5 604 1
2 354 1
7 486 1
1 147 1
4 773 1
1 217 1
2 682 1
7 967 1
10 148 1
8 605 1
7 871 1
6 719 1
5 997 1
9 740 1
6 96 1
2 878 1
6 119 1
10 384 1
3 943 1
3 227 1
5 845 1
6 825 1
9 559 1
10 778 1
4 220 1
8 580 1
3 970 1
2 318 1
7 202 1
4 775 1
5 763 1
9 349 1
2 197 1
5 731 1
4 782 1
10 240 1
4 732 1
6 928 1
10 581 1
6 821 1
8 622 1
9 470 1
7 99 1
2 778 1
3 647 1
1 706 1
3 219 1
9 675 1
4 528 1
9 131 1
7 603 1
8 484 1
8 624 1
5 890 1
4 269 1
5 737 1
7 243 1
1 339 1
9 883 1
7 28 1
3 350 1
4 216 1
3 921 1
3 891 1
10 325 1
4 560 1
3 225 1
8 362 1
2 872 1
7 987 1
6 117 1
5 412 1
2 716 1
7 936 1
6 924 1
6 255 1
3 141 1
1 284 1
10 800 1
9 681 1
8 124 1
7 950 1
9 931 1
1 604 1
6 487 1
6 381 1
6 12 1
6 245 1
8 108 1
7 187 1
8 86 1
10 635 1
6 861 1
9 678 1
4 492 1
5 743 1
10 380 1
8 916 1
10 85 1
9 312 1
5 435 1
2 324 1
5 385 1
1 211 1
5 438 1
4 600 1
1 298 1
5 931 1
1 800 1
4 858 1
10 603 1
1 778 1
5 675 1
7 452 1
6 56 1
9 570 1
9 354 1
8 523 1
8 922 1
7 287 1
2 384 1
10 23 1
5 164 1
10 561 1
4 116 1
7 179 1
10 37 1
4 78 1
9 141 1
4 558 1
8 344 1
8 417 1
7 716 1
8 854 1
4 187 1
10 454 1
9 581 1
5 963 1
1 906 1
4 231 1
10 271 1
1 947 1
9 47 1
7 218 1
10 694 1
8 507 1
8 668 1
4 106 1
3 273 1
7 235 1
4 234 1
5 939 1
1 899 1
2 216 1
10 645 1
1 97 1
10 234 1
9 826 1
4 922 1
10 921 1
7 832 1
7 934 1
1 124 1
8 883 1
3 419 1
6 802 1
1 593 1
3 918 1
1 773 1
5 553 1
5 567 1
3 840 1
7 395 1
3 855 1
2 23 1
1 726 1
1 676 1
10 31 1
1 783 1
