9
22 22 22 22 22 22 22 22 22
810
1 1 21 21 21
1 1 21 22 21
1 1 21 23 21
1 1 22 22 21
1 1 22 23 21
1 1 23 23 21
1 2 21 21 21
1 2 21 22 21
1 2 21 23 21
1 2 22 22 21
1 2 22 23 21
1 2 23 23 21
1 3 21 21 21
1 3 21 22 21
1 3 21 23 21
1 3 22 22 21
1 3 22 23 21
1 3 23 23 21
1 4 21 21 21
1 4 21 22 21
1 4 21 23 21
1 4 22 22 21
1 4 22 23 21
1 4 23 23 21
1 5 21 21 21
1 5 21 22 21
1 5 21 23 21
1 5 22 22 21
1 5 22 23 21
1 5 23 23 21
1 6 21 21 21
1 6 21 22 21
1 6 21 23 21
1 6 22 22 21
1 6 22 23 21
1 6 23 23 21
1 7 21 21 21
1 7 21 22 21
1 7 21 23 21
1 7 22 22 21
1 7 22 23 21
1 7 23 23 21
1 8 21 21 21
1 8 21 22 21
1 8 21 23 21
1 8 22 22 21
1 8 22 23 21
1 8 23 23 21
1 9 21 21 21
1 9 21 22 21
1 9 21 23 21
1 9 22 22 21
1 9 22 23 21
1 9 23 23 21
2 2 21 21 21
2 2 21 22 21
2 2 21 23 21
2 2 22 22 21
2 2 22 23 21
2 2 23 23 21
2 3 21 21 21
2 3 21 22 21
2 3 21 23 21
2 3 22 22 21
2 3 22 23 21
2 3 23 23 21
2 4 21 21 21
2 4 21 22 21
2 4 21 23 21
2 4 22 22 21
2 4 22 23 21
2 4 23 23 21
2 5 21 21 21
2 5 21 22 21
2 5 21 23 21
2 5 22 22 21
2 5 22 23 21
2 5 23 23 21
2 6 21 21 21
2 6 21 22 21
2 6 21 23 21
2 6 22 22 21
2 6 22 23 21
2 6 23 23 21
2 7 21 21 21
2 7 21 22 21
2 7 21 23 21
2 7 22 22 21
2 7 22 23 21
2 7 23 23 21
2 8 21 21 21
2 8 21 22 21
2 8 21 23 21
2 8 22 22 21
2 8 22 23 21
2 8 23 23 21
2 9 21 21 21
2 9 21 22 21
2 9 21 23 21
2 9 22 22 21
2 9 22 23 21
2 9 23 23 21
3 3 21 21 21
3 3 21 22 21
3 3 21 23 21
3 3 22 22 21
3 3 22 23 21
3 3 23 23 21
3 4 21 21 21
3 4 21 22 21
3 4 21 23 21
3 4 22 22 21
3 4 22 23 21
3 4 23 23 21
3 5 21 21 21
3 5 21 22 21
3 5 21 23 21
3 5 22 22 21
3 5 22 23 21
3 5 23 23 21
3 6 21 21 21
3 6 21 22 21
3 6 21 23 21
3 6 22 22 21
3 6 22 23 21
3 6 23 23 21
3 7 21 21 21
3 7 21 22 21
3 7 21 23 21
3 7 22 22 21
3 7 22 23 21
3 7 23 23 21
3 8 21 21 21
3 8 21 22 21
3 8 21 23 21
3 8 22 22 21
3 8 22 23 21
3 8 23 23 21
3 9 21 21 21
3 9 21 22 21
3 9 21 23 21
3 9 22 22 21
3 9 22 23 21
3 9 23 23 21
4 4 21 21 21
4 4 21 22 21
4 4 21 23 21
4 4 22 22 21
4 4 22 23 21
4 4 23 23 21
4 5 21 21 21
4 5 21 22 21
4 5 21 23 21
4 5 22 22 21
4 5 22 23 21
4 5 23 23 21
4 6 21 21 21
4 6 21 22 21
4 6 21 23 21
4 6 22 22 21
4 6 22 23 21
4 6 23 23 21
4 7 21 21 21
4 7 21 22 21
4 7 21 23 21
4 7 22 22 21
4 7 22 23 21
4 7 23 23 21
4 8 21 21 21
4 8 21 22 21
4 8 21 23 21
4 8 22 22 21
4 8 22 23 21
4 8 23 23 21
4 9 21 21 21
4 9 21 22 21
4 9 21 23 21
4 9 22 22 21
4 9 22 23 21
4 9 23 23 21
5 5 21 21 21
5 5 21 22 21
5 5 21 23 21
5 5 22 22 21
5 5 22 23 21
5 5 23 23 21
5 6 21 21 21
5 6 21 22 21
5 6 21 23 21
5 6 22 22 21
5 6 22 23 21
5 6 23 23 21
5 7 21 21 21
5 7 21 22 21
5 7 21 23 21
5 7 22 22 21
5 7 22 23 21
5 7 23 23 21
5 8 21 21 21
5 8 21 22 21
5 8 21 23 21
5 8 22 22 21
5 8 22 23 21
5 8 23 23 21
5 9 21 21 21
5 9 21 22 21
5 9 21 23 21
5 9 22 22 21
5 9 22 23 21
5 9 23 23 21
6 6 21 21 21
6 6 21 22 21
6 6 21 23 21
6 6 22 22 21
6 6 22 23 21
6 6 23 23 21
6 7 21 21 21
6 7 21 22 21
6 7 21 23 21
6 7 22 22 21
6 7 22 23 21
6 7 23 23 21
6 8 21 21 21
6 8 21 22 21
6 8 21 23 21
6 8 22 22 21
6 8 22 23 21
6 8 23 23 21
6 9 21 21 21
6 9 21 22 21
6 9 21 23 21
6 9 22 22 21
6 9 22 23 21
6 9 23 23 21
7 7 21 21 21
7 7 21 22 21
7 7 21 23 21
7 7 22 22 21
7 7 22 23 21
7 7 23 23 21
7 8 21 21 21
7 8 21 22 21
7 8 21 23 21
7 8 22 22 21
7 8 22 23 21
7 8 23 23 21
7 9 21 21 21
7 9 21 22 21
7 9 21 23 21
7 9 22 22 21
7 9 22 23 21
7 9 23 23 21
8 8 21 21 21
8 8 21 22 21
8 8 21 23 21
8 8 22 22 21
8 8 22 23 21
8 8 23 23 21
8 9 21 21 21
8 9 21 22 21
8 9 21 23 21
8 9 22 22 21
8 9 22 23 21
8 9 23 23 21
9 9 21 21 21
9 9 21 22 21
9 9 21 23 21
9 9 22 22 21
9 9 22 23 21
9 9 23 23 21
1 1 21 21 22
1 1 21 22 22
1 1 21 23 22
1 1 22 22 22
1 1 22 23 22
1 1 23 23 22
1 2 21 21 22
1 2 21 22 22
1 2 21 23 22
1 2 22 22 22
1 2 22 23 22
1 2 23 23 22
1 3 21 21 22
1 3 21 22 22
1 3 21 23 22
1 3 22 22 22
1 3 22 23 22
1 3 23 23 22
1 4 21 21 22
1 4 21 22 22
1 4 21 23 22
1 4 22 22 22
1 4 22 23 22
1 4 23 23 22
1 5 21 21 22
1 5 21 22 22
1 5 21 23 22
1 5 22 22 22
1 5 22 23 22
1 5 23 23 22
1 6 21 21 22
1 6 21 22 22
1 6 21 23 22
1 6 22 22 22
1 6 22 23 22
1 6 23 23 22
1 7 21 21 22
1 7 21 22 22
1 7 21 23 22
1 7 22 22 22
1 7 22 23 22
1 7 23 23 22
1 8 21 21 22
1 8 21 22 22
1 8 21 23 22
1 8 22 22 22
1 8 22 23 22
1 8 23 23 22
1 9 21 21 22
1 9 21 22 22
1 9 21 23 22
1 9 22 22 22
1 9 22 23 22
1 9 23 23 22
2 2 21 21 22
2 2 21 22 22
2 2 21 23 22
2 2 22 22 22
2 2 22 23 22
2 2 23 23 22
2 3 21 21 22
2 3 21 22 22
2 3 21 23 22
2 3 22 22 22
2 3 22 23 22
2 3 23 23 22
2 4 21 21 22
2 4 21 22 22
2 4 21 23 22
2 4 22 22 22
2 4 22 23 22
2 4 23 23 22
2 5 21 21 22
2 5 21 22 22
2 5 21 23 22
2 5 22 22 22
2 5 22 23 22
2 5 23 23 22
2 6 21 21 22
2 6 21 22 22
2 6 21 23 22
2 6 22 22 22
2 6 22 23 22
2 6 23 23 22
2 7 21 21 22
2 7 21 22 22
2 7 21 23 22
2 7 22 22 22
2 7 22 23 22
2 7 23 23 22
2 8 21 21 22
2 8 21 22 22
2 8 21 23 22
2 8 22 22 22
2 8 22 23 22
2 8 23 23 22
2 9 21 21 22
2 9 21 22 22
2 9 21 23 22
2 9 22 22 22
2 9 22 23 22
2 9 23 23 22
3 3 21 21 22
3 3 21 22 22
3 3 21 23 22
3 3 22 22 22
3 3 22 23 22
3 3 23 23 22
3 4 21 21 22
3 4 21 22 22
3 4 21 23 22
3 4 22 22 22
3 4 22 23 22
3 4 23 23 22
3 5 21 21 22
3 5 21 22 22
3 5 21 23 22
3 5 22 22 22
3 5 22 23 22
3 5 23 23 22
3 6 21 21 22
3 6 21 22 22
3 6 21 23 22
3 6 22 22 22
3 6 22 23 22
3 6 23 23 22
3 7 21 21 22
3 7 21 22 22
3 7 21 23 22
3 7 22 22 22
3 7 22 23 22
3 7 23 23 22
3 8 21 21 22
3 8 21 22 22
3 8 21 23 22
3 8 22 22 22
3 8 22 23 22
3 8 23 23 22
3 9 21 21 22
3 9 21 22 22
3 9 21 23 22
3 9 22 22 22
3 9 22 23 22
3 9 23 23 22
4 4 21 21 22
4 4 21 22 22
4 4 21 23 22
4 4 22 22 22
4 4 22 23 22
4 4 23 23 22
4 5 21 21 22
4 5 21 22 22
4 5 21 23 22
4 5 22 22 22
4 5 22 23 22
4 5 23 23 22
4 6 21 21 22
4 6 21 22 22
4 6 21 23 22
4 6 22 22 22
4 6 22 23 22
4 6 23 23 22
4 7 21 21 22
4 7 21 22 22
4 7 21 23 22
4 7 22 22 22
4 7 22 23 22
4 7 23 23 22
4 8 21 21 22
4 8 21 22 22
4 8 21 23 22
4 8 22 22 22
4 8 22 23 22
4 8 23 23 22
4 9 21 21 22
4 9 21 22 22
4 9 21 23 22
4 9 22 22 22
4 9 22 23 22
4 9 23 23 22
5 5 21 21 22
5 5 21 22 22
5 5 21 23 22
5 5 22 22 22
5 5 22 23 22
5 5 23 23 22
5 6 21 21 22
5 6 21 22 22
5 6 21 23 22
5 6 22 22 22
5 6 22 23 22
5 6 23 23 22
5 7 21 21 22
5 7 21 22 22
5 7 21 23 22
5 7 22 22 22
5 7 22 23 22
5 7 23 23 22
5 8 21 21 22
5 8 21 22 22
5 8 21 23 22
5 8 22 22 22
5 8 22 23 22
5 8 23 23 22
5 9 21 21 22
5 9 21 22 22
5 9 21 23 22
5 9 22 22 22
5 9 22 23 22
5 9 23 23 22
6 6 21 21 22
6 6 21 22 22
6 6 21 23 22
6 6 22 22 22
6 6 22 23 22
6 6 23 23 22
6 7 21 21 22
6 7 21 22 22
6 7 21 23 22
6 7 22 22 22
6 7 22 23 22
6 7 23 23 22
6 8 21 21 22
6 8 21 22 22
6 8 21 23 22
6 8 22 22 22
6 8 22 23 22
6 8 23 23 22
6 9 21 21 22
6 9 21 22 22
6 9 21 23 22
6 9 22 22 22
6 9 22 23 22
6 9 23 23 22
7 7 21 21 22
7 7 21 22 22
7 7 21 23 22
7 7 22 22 22
7 7 22 23 22
7 7 23 23 22
7 8 21 21 22
7 8 21 22 22
7 8 21 23 22
7 8 22 22 22
7 8 22 23 22
7 8 23 23 22
7 9 21 21 22
7 9 21 22 22
7 9 21 23 22
7 9 22 22 22
7 9 22 23 22
7 9 23 23 22
8 8 21 21 22
8 8 21 22 22
8 8 21 23 22
8 8 22 22 22
8 8 22 23 22
8 8 23 23 22
8 9 21 21 22
8 9 21 22 22
8 9 21 23 22
8 9 22 22 22
8 9 22 23 22
8 9 23 23 22
9 9 21 21 22
9 9 21 22 22
9 9 21 23 22
9 9 22 22 22
9 9 22 23 22
9 9 23 23 22
1 1 21 21 23
1 1 21 22 23
1 1 21 23 23
1 1 22 22 23
1 1 22 23 23
1 1 23 23 23
1 2 21 21 23
1 2 21 22 23
1 2 21 23 23
1 2 22 22 23
1 2 22 23 23
1 2 23 23 23
1 3 21 21 23
1 3 21 22 23
1 3 21 23 23
1 3 22 22 23
1 3 22 23 23
1 3 23 23 23
1 4 21 21 23
1 4 21 22 23
1 4 21 23 23
1 4 22 22 23
1 4 22 23 23
1 4 23 23 23
1 5 21 21 23
1 5 21 22 23
1 5 21 23 23
1 5 22 22 23
1 5 22 23 23
1 5 23 23 23
1 6 21 21 23
1 6 21 22 23
1 6 21 23 23
1 6 22 22 23
1 6 22 23 23
1 6 23 23 23
1 7 21 21 23
1 7 21 22 23
1 7 21 23 23
1 7 22 22 23
1 7 22 23 23
1 7 23 23 23
1 8 21 21 23
1 8 21 22 23
1 8 21 23 23
1 8 22 22 23
1 8 22 23 23
1 8 23 23 23
1 9 21 21 23
1 9 21 22 23
1 9 21 23 23
1 9 22 22 23
1 9 22 23 23
1 9 23 23 23
2 2 21 21 23
2 2 21 22 23
2 2 21 23 23
2 2 22 22 23
2 2 22 23 23
2 2 23 23 23
2 3 21 21 23
2 3 21 22 23
2 3 21 23 23
2 3 22 22 23
2 3 22 23 23
2 3 23 23 23
2 4 21 21 23
2 4 21 22 23
2 4 21 23 23
2 4 22 22 23
2 4 22 23 23
2 4 23 23 23
2 5 21 21 23
2 5 21 22 23
2 5 21 23 23
2 5 22 22 23
2 5 22 23 23
2 5 23 23 23
2 6 21 21 23
2 6 21 22 23
2 6 21 23 23
2 6 22 22 23
2 6 22 23 23
2 6 23 23 23
2 7 21 21 23
2 7 21 22 23
2 7 21 23 23
2 7 22 22 23
2 7 22 23 23
2 7 23 23 23
2 8 21 21 23
2 8 21 22 23
2 8 21 23 23
2 8 22 22 23
2 8 22 23 23
2 8 23 23 23
2 9 21 21 23
2 9 21 22 23
2 9 21 23 23
2 9 22 22 23
2 9 22 23 23
2 9 23 23 23
3 3 21 21 23
3 3 21 22 23
3 3 21 23 23
3 3 22 22 23
3 3 22 23 23
3 3 23 23 23
3 4 21 21 23
3 4 21 22 23
3 4 21 23 23
3 4 22 22 23
3 4 22 23 23
3 4 23 23 23
3 5 21 21 23
3 5 21 22 23
3 5 21 23 23
3 5 22 22 23
3 5 22 23 23
3 5 23 23 23
3 6 21 21 23
3 6 21 22 23
3 6 21 23 23
3 6 22 22 23
3 6 22 23 23
3 6 23 23 23
3 7 21 21 23
3 7 21 22 23
3 7 21 23 23
3 7 22 22 23
3 7 22 23 23
3 7 23 23 23
3 8 21 21 23
3 8 21 22 23
3 8 21 23 23
3 8 22 22 23
3 8 22 23 23
3 8 23 23 23
3 9 21 21 23
3 9 21 22 23
3 9 21 23 23
3 9 22 22 23
3 9 22 23 23
3 9 23 23 23
4 4 21 21 23
4 4 21 22 23
4 4 21 23 23
4 4 22 22 23
4 4 22 23 23
4 4 23 23 23
4 5 21 21 23
4 5 21 22 23
4 5 21 23 23
4 5 22 22 23
4 5 22 23 23
4 5 23 23 23
4 6 21 21 23
4 6 21 22 23
4 6 21 23 23
4 6 22 22 23
4 6 22 23 23
4 6 23 23 23
4 7 21 21 23
4 7 21 22 23
4 7 21 23 23
4 7 22 22 23
4 7 22 23 23
4 7 23 23 23
4 8 21 21 23
4 8 21 22 23
4 8 21 23 23
4 8 22 22 23
4 8 22 23 23
4 8 23 23 23
4 9 21 21 23
4 9 21 22 23
4 9 21 23 23
4 9 22 22 23
4 9 22 23 23
4 9 23 23 23
5 5 21 21 23
5 5 21 22 23
5 5 21 23 23
5 5 22 22 23
5 5 22 23 23
5 5 23 23 23
5 6 21 21 23
5 6 21 22 23
5 6 21 23 23
5 6 22 22 23
5 6 22 23 23
5 6 23 23 23
5 7 21 21 23
5 7 21 22 23
5 7 21 23 23
5 7 22 22 23
5 7 22 23 23
5 7 23 23 23
5 8 21 21 23
5 8 21 22 23
5 8 21 23 23
5 8 22 22 23
5 8 22 23 23
5 8 23 23 23
5 9 21 21 23
5 9 21 22 23
5 9 21 23 23
5 9 22 22 23
5 9 22 23 23
5 9 23 23 23
6 6 21 21 23
6 6 21 22 23
6 6 21 23 23
6 6 22 22 23
6 6 22 23 23
6 6 23 23 23
6 7 21 21 23
6 7 21 22 23
6 7 21 23 23
6 7 22 22 23
6 7 22 23 23
6 7 23 23 23
6 8 21 21 23
6 8 21 22 23
6 8 21 23 23
6 8 22 22 23
6 8 22 23 23
6 8 23 23 23
6 9 21 21 23
6 9 21 22 23
6 9 21 23 23
6 9 22 22 23
6 9 22 23 23
6 9 23 23 23
7 7 21 21 23
7 7 21 22 23
7 7 21 23 23
7 7 22 22 23
7 7 22 23 23
7 7 23 23 23
7 8 21 21 23
7 8 21 22 23
7 8 21 23 23
7 8 22 22 23
7 8 22 23 23
7 8 23 23 23
7 9 21 21 23
7 9 21 22 23
7 9 21 23 23
7 9 22 22 23
7 9 22 23 23
7 9 23 23 23
8 8 21 21 23
8 8 21 22 23
8 8 21 23 23
8 8 22 22 23
8 8 22 23 23
8 8 23 23 23
8 9 21 21 23
8 9 21 22 23
8 9 21 23 23
8 9 22 22 23
8 9 22 23 23
8 9 23 23 23
9 9 21 21 23
9 9 21 22 23
9 9 21 23 23
9 9 22 22 23
9 9 22 23 23
9 9 23 23 23
