99 548
89731362671916127988211777524332497946565165745458552999268829571294373216212653541339983278971567434382622583268723169241947592218171211492117426696512437981637991648395693474175741325946372417654572676744262115571871347948514218919844231463264751424455673587531472346462681697554272519813375235526284895829546349299644869978226251287332249955437229219154793783246649424584399548281363724559447735648917893322436388441123766644242826125977627436415295123326175283344821364129586541519338724298215253581514954116555323331942487739433115577869488539
67534791139631279786955414999925243881793932858277667718747656386849828314123863971197266513615818365142853583166892142661425753847598141489497358949639251497174459977533546761413918618674973396716834415457676532775681126428835753129853991274585429589462449524515296272865125498742685557642943232666191238576466698846736938169112413536139269577989273253195949423117411643885332669893611436826872418276463455137193255132489942816678654395583795453263153975365964984821952149214523595788113562982333125812278485775891734642617742433921555758525483285
34438513572389584684385494925457439419412599761271129481734689755438339521195652239117896231564675667257797116768987272914158764212383914314933965996436429688917187889139699144792588173963235883666187741669291121114991426889362263593899561858387271349441737138589122533524336219327854269789982273211281244623928464758154325955314781856611322396962786855123549297477748367789437582532219224464856992638225861171391625414951975117759918395358558614965548115456552357992997229318886525228122917567547716826779243432382549459698678995615781231623445129
84934247115331755378871573741957987482927667676613954858969533799659358835924436893287466787866725896477174956792391933844443115788923529988121559649213362362887422183581178716231287728363566129276662114685788872392235521611455237948254593677394676815212514543123242458481114311497969689392719442548319538941646147844527772773428521353991486277862433317757579172732495398859533339272491667245732971883397256297783798657353994749775326729461688633577234762723775411239784229448846814526327872795417143537642525762594517262933684946283998214428121768
15699712882539477663862636388579316961769258821594446377413468519376722754527797957899988137726844224953639288561863146233919993283557697442254934441754762211198675683922475475633183983317713423236947474688365691985443192764532732226578683784169784258768712262542249784975474994756543599975434382365993663854355981452168696315449953184722539993587548215714115262831918583214178549991729953263387114677327166398779738138273846342981693883915651966153138266597148124996435679741766797425323945645168917866779627715646583677545372662839329898941626495
69972576662522788734287969261629295683818539658931242895966963778198321681952272263355332431449955927886797155984326836629981596124141116957899341356868299817644166992396732277573775249338169917248692216218453377744594692574459679693147285733553438774967122632638364254692623137913957364555658338136236688721119743595623472328997381759316248677753875215242267559324594515287294486611354516291845795321998396633953783893277646893531975635524673119623118427531441553236818342382575918367198831612111853787387457861628451782321819218249838778465685892
26873387837671634561791664538141581165666825642391489858252246629322995673266763414137239599835832795492164946421129479861141881967995638884324615243334188998893322452241961522144519743427722386524599448325518487236881399866224636782592346752352715114993662462346564518348139193954483811876675711571786121246286358795999579667462931735192945734485521151755489378912789948485622356219125832476932556497985556924665966523217265218411144949776842684545378414766679145786185229747782951384149227738288697164295818783394328291886511477885821914455627963
14728233923164355889682942147929894783247511922998859159364162282685196165328353514649453851692581642853419949121369489337719754432531463181841335741627769716211814272332924988234138243175714429759933596869181684866988224777399239657347724373951816864658963424167196392992692344369899324567518574979432456233625573199646185424542631326613834624124334244761334946979756121425349526956184246571467364112968298414988118399813714797579951263519311886562533597574218734538449741725969829524292447629584755193632529263481921789134417472118962211542552199
61635373981526123261916535135877919989283719412328426228467299554346837693796384532352361422261153397926997912336641757488384112333871844674348191691622347211646493455185373124132194129897522798643238149855455466139537387722757169895962454262446217295699884487884544112712548745725961183232278547793721451783146974476927326296783656885363761712742939549915492223443767964179634237476435139391313131789446298494884667722572435697159242185462592488783637317629397212515676187195377581857675843829812749133287314129194279461112366484663413647825157193
28159767875384543934538568756611328397192992918139736514992819181249369646595999765287616364527734716555436399646613262836668716966369755472586876645617624522494919999775687264597234887413688788953344166949921658379224718526668223316794856486573219995944667539437254371838893382993564376916443654462147572298388186944127261993426875898397747444478514742873746894917696337935661992156645535878546876466272254221318397934918939219635969597248456474173993141857776383864611753897432138645599477375287736646257798534264479661227316617924687546586156873
32651585399298147739486697648354881555657786667789876822687495337365642462731983691877278392293592794254683619238272517624448334697896893187428532659722424263896666455653943787972526194161757142552852257582375352927592278465154286322796285616428653915763554244399431781695976315428864339158978451286691911859459714472444221882859515662429936966276874332185574797547151933511632911787789214781594534918887281961742755136914498143355996899636294374665979254324282645529651422296658447222251842146269227993713284854699852198745833471718575799675312245
97379713973742515191915395181116185926781791195259548752912916954279522929988967684757993593658385517122633112388363361941317588865886763871824695816482514784643116911349431168122472649342487996187936252848822648376967472774352263714928165997656134925678658243678489469552365713576824647745746413555539882518953694258115213333617474855922812113748626237446257647836181968976545736493284599228285335528899873811886958439932898512585755332918612323959595116852231426993482357499534176896472236977932334954886374232619644798518232223781832916594288965
97955814443261765185317448896874521544317349779936448932921849616143223477979577537456678468649958997931386645836253392531817146857936718792683326597893424279676541159385371566464193785415831298779173936358328328373359987921715191223744236155844966314688431756396791379243213319663415649379953368781225999126564582964485256592972325652342236187596461774823576912922898174824419437514695734251953316763869672163144411164764887844864252766985417423114886178123739689559841631125149189875851384624239929841454711528441838845816483433998549786188367618
21661381526484245829388965573714112848557973622113812315826642579462241238169353521488487211426398789952154271931563453769133975638991568686568125416131567547443255635374331918378293559454267284686315649357839366921416198287855312345135961696779693213272529447418588286143669157464598656141589597652299593898849614767931689395931294761642647128537828723214975795151252584313345239967952762145178762759787423684964515495472181944531628931768675475216192336994993335464138988433243545651973798188559424948789884861447831323345434684344591873145972186
38761938956163392295113986142426698719457466191969948779791697949163184673163136994687236261364851485516138736738912764591248546444527587674911797544375117432748529436466689129267562392335729233459655522377174437369716151353737345552349397926481223623236716665877539242827572954228218289362388224415962235984721626622171489238227893225493123783978429368248377762563639942227542423424895563688229142624929497915155161229143196615915854161737376464657943439223582923912893542994551769799751269364438435987758419188511728186258932782369821412926729671
24586277721756162586675536352476691345228579615241826879169223578688585362157783233532441713469799421612982471558744628384599181152766764787196418213559948639375127114941768643578925799241689167138157237837296182981699533546965537277546843742912213163843422831294165792971311617398216834113468929427536684322516831318351377763449727619582862845362696214192919756577389184558714861845647387532235235754124474749982343384718644484318323836478164232656565379687387555815128691927321743624526547547573867614721496791268275986954858598749694289263183913
86246749435975294658428576849284426454563515524547963883953117616253121468392895914462443134344264149952767169839445854527811851887941157674124968845598795814718977396458822529461636183252848785236796772181266116532568374252626797785557288946225317455312251332556622738198612314591176574138916249724711698327712824564486921125237781196522149848355571339247696467935745945934498348355227946232475151789334151714154634422616475682444181956766186851147293676615242232537568466386256256823245294651719411588867851484538185923856691376747845231239462214
64828644784955423397198796621398986837244635798481267689727192596845411376241132998927159284934534815626291644981759366728832837993847474887238335511834431619567232421772522274811687545415965216279514967964883856824913425297895781543116382292945562148963644962282636888342344149924868523636782423941588442423575856282281833431423473126665632962728126485113911579533811223985534475776531258799928236926756734552528176677826493218782426885637886721576934619482238295429445877119935344745925469699359261787971161617697833566117121448399719262663826331
94113343819729732574689981577231717813891318675847121379372532642895693249869936385182134929616139573124578947745236263396171472675911187613418459127248359678598317954794721513515338553819672327419147378161962485769788388312195778893276717825378312267745658226156252567714713419752781535338388322349136289123558782354751987973731158149323845651927356659351547929121864476127593527977696888761976461839484342561395691774891462584571125343597858221612199142275271579934729567976727556421974373177382778194786182121338316748271598415456761914512821239
64873574392156138947511322147565538878242614819822282535912325984524396552383187293811898513317563418554236718545347365163842854358761665652358198944882639147777174186825397175536227541694394237485453176739264629918512785878267118796327461561428444623122372591979341298797815796924724852887254655989169614384935624492814239644293141576778166461148487628346696496794742653841966556324478664317129211112999876651555457827623436997754868878422515881745524639919869461895396473172959854977243134322131162961918657843572493293367787168817261815841683649
63698341673282781638461318741423968522634378657484558413312774356366315916469781674524236176717342185145126393676471731281285142516492888645695767933397816859529228173132757681877836562498793867785352271323827723684484261141199577891126174693785698271117275753926315866641637728629536886352389653435655569637794729212749714926146639861989559746424973726866852413888924785298659339818963451493896657384195696819119281988312418427589441165728973276697746534982294675176941892545256456958761476144826386887833414457773878665443116816129149332619728187
26757933942183453542456413699922995924439296833231623171822277567339365938525739966838163167985967696446886371985137811146369636566832381696743851983135977832429749346349692817824146889872768113396722542429757728888556321393421487773528422972766671931122851642539114221278441788925367427259577393568734643286627234587225762885926984857773455283914384675991617359451554134861387726683876948677333864435854246153492928993838136436872884867152447532166253473357249993676156644524594486885837524586964652622991635877736418595447432594672513939346956213
95974528558363649298595357777964613244438216491192975643857591467689899763789592627717955865239353283251262182461678852875619818246293595888743846374168217479212775724292924843456495265167359818278975735189314615543491983179169691787748828373698713823978589451238649336592994421361962458252183117295659514596722573669377754717967723816628817123943652552283676628787352864211729834376877629574926189826959623465986618884859568636594929664389645698866669822242119277587146359656163248467618858965548961346264729758364529324338272845458177994562994572
79728474293969465551579755527994113721454275668317441721325571836918497219563935434114841548351345788617561429863413713583672973597619186218828935559313619236428582998597429554129641849652383446318177558612172728687585465569724548367361936427149287252593466584285161865254179127361724122561556854177753626289285767396656829346343181738234469357127121859642989425837685814252744162787333741441712626161449865865915839218353176595758267544391267359778854871255256518597611863764482872724256157142781727682395178934843294112768197218535121862215391881
46654649479465333882219758946587492592615148477275454174653196449234241323515645541343648547993279369972126666421422425591767863474812337294754575325743955974412614331193186637598229466511639611639529839618741234647173712784591875478783697919338179446233777894517742884848395498169932943688354998121785157842722191158157714619466789863821354412141743382636541911465155152988987547476172346295736718389769963393935136367695957399192378958452998713553434264597449568381796275374824561573534751392622578118423218581544241684235978415456722111928385174
39475183411158644983182996452985162298443921315226289581826188566648939853192131942415319923221757183125744883554337154276254814294135253662312515572447869938738937619893928673845774363248474883582858577761369563161695271616479976386457985851959792258413638549915432864489973983977121537173158875986862557793359247321163463535299649556272981681649174869534372776329454854429342278399159754289959858248324121852247538234769646433328127348732865685496373969893641839899371548355633572513345528617887714745963984433387672214298782943678377211243295294
11853868563667849912881894753458966119872335766222946193834259783666244848641882622968572262698947612699147116794994281519594955525383959975348232629529614673348634987147738228395647156255428478868238585522834938954843697466245792788793793228784144924252536212534128993788757247634664741697422431386114734597392171628438871639197916919765949167797297237456514786294118889683195593411671528312861452361771835841419429594894483321688118282316879523624991875326219694687675229398785525647852768488691831979115482661279911654539527995195228837494657276
65139978393322899821747963398247591729934191767618778512447785473743992689755957422395436932157319171936973892877264846158592161574653849883699673465721272775792526389549494289415648162659122579289148513974368115594321212936631638187175215634386336599278684786552729282647254437452511546637733697986647964125712814677686151926896888121566358733848336689935698623549689959663141917958567758453224614611794818618973791364376314173842981524243888785687611371198833484442989315876422437763288278387426111799274652769316195825957547868389845139978693985
77768294317576157562113949825662843263564685994159578189747553474913624213526287411622414837137322751597354886854473713917732643953324917642426897625765486151747976834366681314313969918578719936388732766152715358267786688114392249353311378911518324299852191466467484126944985758494187611132738582571645877369974855244565919993693776312881178936733836835265514131618836741615568154667458241884437994765219257296978662144226728635714497687697611871278121685827489164686433932519837589727953782895624141521628241139225783321182221264683658754589895192
77489381411536937484827439849942271812643231487227897981797922113231647571134989438498862838884364493254223923499361622945673529643627999675416652257323244129926526167162951191784992548145318818192168687891729479897833541582661193845726512568927335657282955596192499447688224536447782753293163864631753171588723254289124774285382591415932473412849168892489921515372377984542964877569644778495626625159186253756939421648258857664372125173974821147918133755349796126379153265698727798775926654455119914538792582155264967468737585874491137521722929629
14434247653858464792971775776136854773148238281415692649247837228334966538545718582149292817425867557187478899459856865833532674993358339825132936142143631556977932276631317632231398732775171326615326219679968449173265488755672512881935161329812366223932684978777863298723866327558945511594754998646498629274197861863173165146833449247351765314784422535154695162639852775388269817247372296622493445977829236825544491749397834942921846519672188875271196727389489921699368718421977669727256145621841522695542245373569218271811567958644576515863843535
77168799421453156498133938383311542134176452216434986181968615845149939395881342659459862996991186765792435535979544951176973114162294423688443273248917581935261712433623458525916981182331988383634921398893412297927552569372552168245729415382362186272399487563497522784136349898381995292658299149356611123911677652163219779838215428139628279718976865875359726672555722736436873727331542463315567825369896588539381737454297317853868747832753395449878721497814543866327168595964117172594822297964484665943962731294376471828326462621666212668488741931
27699699415898188824859528589429814687777892671956335982536942415549696852286119218349166613175429852656395337488419266472635421288672577762233929448449482537723912151614391418449146614845667653834269394945373562831866311273516719298736367755776775862415883217981149252973118559444494175187874763128157152837476913361813786441389887252919274838537824866745153415971683713372915312379774479942746458775676566649728166585127292229529389167116856395571928929719982853325919215751348494661439928231295384943232111447228358613691328999999247832792193227
86761723877659217412519526731948529378956577183148694612855977837512713123745776997897585214332697195559148214427611332171869528688863681474825673435782434491761543143533166766581162517996572455422362334911685533271113648185942546698232772464541692664267836518524513966419947737913298434319871618153252485759727991347394111518165291596949973899169681486751869798152822999197696671329688814313624222858989142583877888818945327853534179341343865768663889411867865362454683417574449648759195852247323938911177297384422574288387926844219324917544781982
46511211627151961255812591767514492457826189522323875744316163213396886784866534887222516519244479495771797334935824394182525289126748514312995645614924973167714862117643146357119515286356783781672527773885822812193617869764452611371537239818227239516865356171192371411453838548957361641927576747643884565765248961825135468841647919687973122567549357346142165836368773226147897872112527776123843427477727418378198775483783367121592458555288452943178281961716896424364692448889445444688358575573244877576861816618321677887362773419779267534531762122
41969686569297638548668141276638179631913647416388822816395441238629275267566485117173292761293942271926631411655873487761182443259467146562395146916188285819993662817252457723514447979948931924621255462516251112364356241537997545535473917394364721358151881416413825782639164155837557384946939188878112132424123998915874793342628159334763833324378812715636656888293933539976141173681519652185388528211519435534481352577776143867632875295924812531537741538174972213615895861436565928927534234594644343897887216436367964525661793522667162833248431932
48639957186366179422491921886651235425853545712382355137713881569495334225689451484783534365877997924657943758538958121213131779127835216261621982735864375191147236746625468235519734266223125588834766523538774378765212161322882266889735531867278614271962149146168341611789326197443448598715574444826243413231719244978499945312778846188412586813157333129712261113561364684296218768983984584864597467524269767897729219726555176419545843889389656884812816865225727241977482255651866915262588886158336853767878415923917479114941179428985147779742485613
71655265852449353488361688686814895179123927696867514375281461938158228185472318348932824281546592356575657356941438938261552327423983172324842339281113912517397395428499662878624658644529139246532977195213827595612617728588674683141119651388365964215372454351451819179273552887497344356652615955461591266634759928652197415385363191532945278243468283216785237118991829933449551825349366217821661681226121794769713418876251318414951721665533685468654552767581267373222868434849876894384995946897622651788935757259345449331845596584999547676442631522
12214143332238794256562462175984319359683584178218456115396645529667697258791484356466676827421522515812164512954496274975895447341318335838881167485427149585427687426113116562732739342311748156199137193969916442589442187266674122855764851754811411943249855542266654849638469176837889524961921618752266172944224816833615347862298843873497628417887998831665996487516851569214158365367249954158864493789199279278736998763387982124896124684823464546979648464899879349492194292421121283341775381311365184226424135861864344764991672495949859489362442989
38997488246923571462521188474196851356767281754745565488382676553117653838916244726936647954185787459749478319243978482354598348712123575557766486148288977774887412265134263494154592679752388837161515335789871954999684933244818957474329811125182233466684767411626554362722321219895298247521348629217593198264542975762567561777986427387997359782519763928932191414384688189783793645434946178649232116884294859291635881866683261154387863551933895295744946574867737821561499886517228759497695667712659345945668284957865166542838168338792565526264537977
46371669164187191322957212539292897782955268781449457921329831541592136379544368549535254418738146788367429831393313869542894727324241295383119679153646478686439727292983613989684862677645713496478145135261792258654291424397911618223152932862796636588442132692537422339879896423392677946973136279825287585339243554919972641691248763328126538676867663999842922976337742342573157392252756689488661129187283615819513379569472178174971976546567198692187959655459976395256931675685374995274153393331771659155816269143729513459811164589362327226961511748
77128828839184133683836485676792591538975683859596297812297149343974886778943427889853686699132615868137236284963123389838855622712536882646494186486849913217329224385397233716147754594567763385317224482388112644176434351112143826419733525447741867787471681222351292278438656596959888251835992243737658771273743739752748673252513735968177616952358488676815578652715869677218498714491992368881869371533747116555155379495522124398179371385727646218596357749992811379278328519294455994226122353964178573241451426122447842925428343369535169573912429237
23495934818412365421627315251554859797521682254127918883514681254866822942345441462694245695678688456252354267454938663274885528868688985225321959889764419559574679865278624592416846647476253775334234843359672644275368834983445932947682792944311917986476798111252224871689244398177295483763353792762492637365823949289239158364662646469583513495824128149264119833143554544437317241443699197516313674768265866631461868357468695361755796723256725317238881611684774586937929193534574419218291285917584159333632256413846944247715374623844257698178789277
57629116731996251514233896598472628955121367528777955213956861137568543433569439746329752822251183149689634912429221572134756671798759366913633596129325437876443288592336655387934495842794125114965397667246128587733658782224373199734634139362512574169269158987632836496318389358748462543213298936315261967357915328351845364492412235882872458788117396367782588264158225197218568638465878987754199534976394461534179859664689219768467478179545354211285281825777788862992461294995659565185333677922656316657852953753133451388967343527192198113321427373
51139422268935876242751451444859154457265556615233994125799637118812941179866849329993962287862562251282814856819221937498758159324932642658845754922824179598591122975445736461283736866217949111689563629378336191734893958683521127819328575389627828988554731229839355298498541414884143797641133716491154824955379856586256439978149313911813366358271544645797781183371842444656932589859845968889962112295473488459925762359535428552653193881913756354941123251463234141745515742732344925389289998911745615556225541574717278632781157781813648242279817664
32937571265142971636151495915635835529737383949289622596588377814871479852868134466673863875555536533135674993253137667963598192895157884486648468479357488667427854162543569434176169356819495712618994278443158225414686171748769489136224568555841765538215493448262665437625492961118672462593594923911317771682431797342234171396751791552583975849328943183269954285742757797653745865633689676713866332937724538363441644923492494224413622949653717146848359826465655569623347531342721816536431329439571375231349969588546229992827647782584465858238793726
27737784278511821519116469754812685349314465246878875966773453162774477438213534389875416479685767335971585642259543352613841653689177939561862438536679813143557689633248276188518577915151718361725487313147737382618231685485765864351421228962931147335545588435714657619822155822484756993981943211435315492372133877698219687579675139258533916534746863192363363827634442277335847538227557557532286352313884999649156323911962791519342641645459165853968562377513467148518183331619821384199548394899652623133378575796684713924959976218315377948762936332
87731243384176648911864623369254698766197368976824759243139361488961242531273832663195698221383747471413833581696669862579956128786511795814867182499623237954116565884534732313616484522924968875683891256233536443971554859678632724565625363163335162664349811811511319392994779866384363523987856127944695797982322166363833317667544211672963979134222113472485541951119626618566737737192877919559647778282214848291623336867683274127894511122125365777431439658549779874676663626125665839518745196345255393855544972183476238861848137822678175148231386143
88769153555813431465574261822885744126458763382623835758442181634784661345765182927989497238365791742212162524257788562744782345956734412777874766342939512286322471579798431638986711615864197922721686839687944826823372732339887611724352289143368644245827928784757963211539375952524217865867365256449958745788986153946848276137847469377737753594113979752875522439165378998497112564714226321314611375749645423983993855965692866392998475223446484818349923324739994371314457568125217134117572863453461434631537693639228454323479376329214228219542778574
24456961146892591775633131219928847888917324143793738326858996941155964412236219154865142191272344333496365294766987895399926474213715373251989354726776988568712371572867956377519893181626689924178622357257476636888294177983479852795751598477527445654815945293935161593745863446855948889486932864561585975676329733664213395458798542429774324824776649527656463442528568388725491324352818172713849432513565729545416149181697277329354174219642384634471677776223597892645332721133839425692626642158625654155296421941571959754441246847663319743188658455
54269146168822328136417929539638934726488679465683289523793284548858553348239877674567161653935118836183691931854582931557145811791472943311381484687232179271472623484911134479898355318355397948218266758667245651198524629832469539376237467113925974172796124118556642756879474722223842185875934524744875843812284584728738465469696788892981854567366825372317477117479441867273189656331133962645115527741943259951539154246673251286992528947396775216297239716989918295959835582145163269177523581888233135684444582636598759666974122638536896839916371679
99527125977552262874235833514393291167332594826589725171229481717548845331979162613388217949177371224153646475764837419828521969551585895742325984336197945959313367913219435163488754895684393693949577244125895873528897113474597545376691979796123966746214215325774221195889676548929666388518577517269944929686467844637121548157969857897318161671552731682867477693877554511648685479753964912116337959182987942878986292291948471299197547778891858612654336598446315636954228345819331553653897931229731629196448865269587597286746681128356142599774926867
75312625696917912165642135896826722511167791888486431827567777587835966369882292756873113944866872619747975193392945174511322592514739586415644385876658886772859626618834434811848782389459737146839454994691382726244466136318224773748429363228259752347659216716616634116689725174923421368212168344455334773111218847893221326615519494622246169919595883193787575791623981289722346786358456136311921637895492193149855623992683232991636536472435127434432839972119738252242847535762897559157739349793811544978987937362275919446511394838242959857829173763
47586993981873143633495957853556415234949947181346489936161114634215137393189427714251882149754432243323722941555387168641796593278485774875247729686343636265876175217158738811422989687743655586715677242357984886545381311699369937422376668436365892382466761424846936482332253246358611898131683398998871557954856611695284433239785862178418646299179222343398969996235323782866365776165846972356761483252764335294625797172217871412634929681323922578577431879893947836369792745486628384786999334227134758796633633912649686259615195115891245736361938751
76415568293851122653641662249782838898337832632423143858565287455544323541317617621876812991591968649843793123426115645759836188715711965548111956636449935118986462976574527322182658425142935899121421296193422726791168471394969917729123938558626123258912778968243632895214415294768618129282587554775251186488696253348944155186452754585173253356139719131616259716574459248922852662131545783647856459742479688468415296486517629853854417944387638153134799998784971857294323852356733753366599252763769118468881262754896479127768942166678611692124339846
63739854417651437874537783332622891536849534158367859493542598225191974458224516612822311898998211855737431259833941973161437633879416567386153836319232954899297585487668888991447164783524955271629579792564369132155243179384229561993596912274461895225926417326166228542812537923583865582641638746695177735355673416768835546396173723332767361264666223356919364851373189172349978961973358774429147512517224535428971398525458235367433447982593927813972552849816134579886111798599544388954788644218294153678186674169169841424778376226854871978594242874
35862142546238986556718234196581785694719227541384716323135595584627275849544383434139476459913266172470226662337297419739568374613458879892771426876236173425959447981744886226267277428172346781825813811337639939212198479335392139826768277177341161499666677357696173351613966111196316664158455911198947259658513825398396188691138642566886429639818325533586189474417112624176377642755877267731654159874229936771983289725318893677243229426921744212936599434738239894225184441481531241165496295741941965265937872293459739135673518115812465864791472659
23467859692784857586419272886799569652679296337277734297855683395826736137975526243658139216151529498640883922952482694147156547484879718785162291356584139443571339879244762837588249472813888566621944538892963941872692442478185624859543117218399747815268288212892942583278878581523321171972924927886674931249688613779669377643628353276545298849144138555498167918787322384393747235824749833254545638142947644261976171887128637671496285159787953677645551548761147834452293312783214644111566993548459446536942389944981939238291664466689449722229492991
19277359645148642969335533791244194464528169862744269715179394328532371859377424166852828364872346429570432571561366448285891624213149487221355972624252465565866119942587526669512696937573878381447977846139965294554724675539343932769282761286965666544492446812737924627847828146961569754553662788924795814228318884544519154514872821411555121944712891162388656888555588411986163776855624161871919366661165827868268793497343951692118651933675457891673924844661324987475256499242726982381624131589326493169683548187678352841776195354238982473819688139
79924298595146954554463843255652425975669493722787147567669986376637688316461239922397965593473433835180657365651465439738393348395583659225942213542842848166376245737934132913667738217384826492977398361785799382192176664967365847749983785546451988329915972236692525916822355213732646645475924467857715585795412995947546632563694598277663773447268877839757818795125517864214655115523574533581774847734649233949856559312746511337731382389876111349344873227936281535117799395715936922465212725592711654919888416591426547136927534811738331511614998112
27449414665669857938496347722368843951342185666473447156374123259797918888553555552986622917141639562290624541933417436682591116966463691319812535192744467384585423539655981874276362763724398246885368286611923324193392295633188629171723789726589397538394927888165573541847949921755431575923714774685741625168826658968736359527141671229329258618116349889574745243356538955545986912795536551867768187925796215634663391767421895778442468686897955855939645612548697588528359743731634911411551434478414333817686529477135999861856415578865715591489992966
51632944886245777377924824294836123966431118416224265162133694463713454899113283737757531411415119956580585833675561696127816883928181368439582583537782237129668961392399695189376311349413517377431159915926356476621582395778566646152229986966537689995223945162673312996998125346668397456345225271647863352543546457245583912921134363721656973638417519165911719948458445978492375233882417466995933564134389448855295632794375255143752164133557771424666528395582281771181132487476474582262851197451173273771696877169279452184346861719448297769997411278
21199445964988998455967649539316629699862918772195436123848934471269234233768922316624482343882982882930433573938454127666652254797562484477656928618474343356228749868263239441217659642254963154979649443928358768157697553229945699923755964175843122957922188662179421146197395856516724132578456668117299587915744841331664656997586287355818198467156537475612774779482768756816769317669333668336531349377216645622762483165899513134371446877537427139997554174528664884686749223143818129537447398447637452767552432638872951885282574216384734233166948832
63149144818545658793914975129475291692415669958894181855945231116649263961843884218172587241767926822620526897855284241353231538493451932475615885588117177536877515978561243789878335897562293157324443566956995389643666323271178348325473468579713486531766237982871518182326946244324946385864851523866998961145685322623912618567229688627686737981155435815359519828146674568522438817557247213729846459237695516568331794392961511914536381269563338481799517163578666868382933187843473912733557564927812121296661728883513333123758416328493217982127963426
43664425179374393449932832569346314746154339898878147857296278488774443323295151738741684664157191696620295242563555217292761758691416357727889981643716635295413795915625797359216171459673567199739848128319388721412179814521782221929467819134688752373798897258788833463689236942522939216188168918521248735146794884426275838415669361657563161196789188188612244669271933262647619869898754285281483975943726757147917538332335696495782641182723388932725649993839797858183923128756681744357631815759931157721662991645659554599228479867468997562455963536
98934356319668374474468655193995818584448367134486666169431141498479277513428288221469815312511663668980851951648169844247889524847996738875664164296728771363155533375194898394534466655617226383491197766115956238439234554463558747595157695351871652882788264882986785643566462991891796455736558565468342956353718725531497785275571656795514888214928287757586545967778972498567437831294172254543699113764277685952858864918475621242181278973734448533363163912569111695568853222346923324717771558134798915363155539876112168497113456433711744955964997859
44177529259446268411292478265839543248465558783714255178697494455428856516865247649119534122332397928710653891857379327612695424213252824364695392125944872537778595572288855388138225293513577546854628734262374888238466343436945592182297585693366113197756742193641319119123361818264838971263811526456995445637165145399785377133463879954692978783361673428961659731798659524245822115712745886484316293633639171696376447858861294429178918546938515745612119282722458882655422267494298976162166599594887689992663783624464536342625515912532788723754189945
14272327414336419561718273339962151466415764685495192191526568124125875742871128318369246457194678959120772299171842919381174133578159733533123981182486857922162557481637293558717958496218198393954323221468417221289798134934823147739577515779472453565469477117332224229663476133129664179356221897435146327161257276648827469621324691596288268847599472871147949619882588159173347322535738576722578263647487284311368882546224663982973783413516242522468152455487832757932657852526686173944686982752629824989589266277123385531383931312164485648625998785
16732615671395149163362318269451556734857311765267358546873329576531174364167511666686922772726141724880548715996922427781451564265738121633869118424841672319735715871575951235187677126895989213699424276456278939498276861971619719156571445535547976322415471532769777879426773949291497514739197375673821645959189767516927634995292359959927779984157268419215674128185718165349649728159595814873891115169656415386475154423931912373683768535795586567567978579522137728678682788532235244617287823597522363226312149515568531115265896537431934567464586975
99133519228811777771798877991117886977938535775995461211982817178545113971123841273424314959837198161570134488365375393733949188971934725115428273936252482247867251471596276371328211483944568269166161962291881858569211556317343369227223875876261179365577316971812678539599745141543437977524642767318361625912518885962216194146795576569137756386915614524345651411348294254218516614354542168961197156992532413456961319277968792153319549395765411773494574832357639136378945543962859335329651275441318182643912738333112365271533336194424983586793692696
63358511257131836145879719541279977932276394758574831634979445793238943643544257658921829139968437239960291926521641875248955173662724559866799648961332185492452385456683558274965388461136755253663762828416322835136164335649169943192966325826837596452953847788349967225362575271664352361633292719649653519395646338572219669217442446427546881118873359612573369769435987145221392658954485245262895413672754275561361913157213276613919597554357511456181378727233586663617358793596782446882613468417439689396176529672569266928114911416512259657867261397
47225173681121373811415899968411767445249438813971696698464715829876842756948824474376652796745264394740975564464713645129486311516991316758532729727426677248129154877639474191558538296839735968956489521611243937293381625265521723564491162671891512257324432862955338692588375827791434257659366182291419659979863179934249398853826488946396233574527958134322892254691816971788159471784742976118433196738574285344936842768524457687484557195352979668641721149355813974995581936755322391871612257191239623346475486442426799858479755475714171632867839436
81295488392111861786449623371912795148552585771683287326825982724628268918221652361372887346735381795320665766153296646127449444468275819992135847231252113893444879636167543423532142242627912212222621961673445589923283973159871836291551872816758553275487825777156821544232879826594465157347824454672758522648942758722278318126837613951673741327574363528653795575838526562472228614552324916143177573713531681749736135411614487899761439242941258524621874148843193381387876137977239675815431695958113499455788132491668169278452499928187641482473778536
71672357593235131476875754276974476111798757743757597412738747511578985982826342181224471462948923272640723433146884486681174865198861971593434635834243583253943841151337996572339746531843565132429764788954171289186925449582655866884332333325732123793637927198543143863452999836473861957498162149397644865487943638454614432495221849222217991299256546839987693667173264564352932361644623842935757886278943937626928157123565744794149357385438136183817671735265369485547685295371694512957599313581661235622118663757594365427786495495618731758655734879
44719237326432467756314119966438444574874978278818194795752324851694697471925689331336539187358774647150000000000000000000000000000000000000000000000000000000000000000000000000000000000000000000007146426343968659619844761796287812844688215766752967964532764274717613231233537414393185264628821653827834985198448163355645858769346179113343865495177234465938199652375893127716166583668437987971864967261331263162324995478239629927755558878267834914172754867582312932482748644765714563927333969529891978949919694648168842694452788494946692945633439563
75471983145832897178538634438432784372819113964353394227217784434953339457528179715876496167593276382537786591348264936457859337345835141829526571942545277425758896267554379696739963954969286122176193432252569782289324497279887357432955486162235392433478126385817736379886967563189614293371997542229774167512181482934627445127461656263948672825727158451358155465381388945722413832621119317211838284273257331253849587682618152148128387834964752596838476832688293139921579487782826292594436739178845932154661777888249934735684949862964292712468284278
57625535268327318574328492878878635292293177397262874934796922969277233337725458897133785432236559885256929439662159994269995435933448447241568186261472541239317656164162193514732365229885136336244749781553362969279789223286673297978611878559319849676585979238234879786213374824968451447376746524964542293398323935123339156616774496715258821242211695234445577482214737876323419387574595725692836149698374354513535724199945825566158966671671168129998442793363456877637289844811583641546426952937269372384256322684744218636495982996864466867831681687
57965927614144279984289282847284973142442676391171465953848978854982363347763913466719813111161482734416935192753225959943752424254149488661421984463875124928921972311547791349944426329337741638686254292711731384253569571926935177329851347182331451984561762727892263927811522317861832172559777544214943529274449489898943546132341291521218939479516968656194486688439365384647176982922599446696357475983764737383365518174176412819121328371452149373452552898662965971479934133227624787358844549852251631766865325325179596259252476563929577817656147914
89882417345731621653849328911865382332359629394753127814886656117623512184921771678275287686682258169794879473363674477843354954283173712756244571424695453249836879783123993155664747689281671287293917587327299154341518369231435943224349935929558428222739331141442645924562895874582863214221997134126516225822179517134884913775779537489442869651426663616366564834378189489631478832548388564733661939827678339529721546325444937532226749838789149827141283569263353424648142616683918716488255222557421573432317173669762177949843352864425787752661876552
26252881345917142422883863398391619532163611888849673348462684396678687739185579813481545118668285625474616995749153596852739175912698387181915714115348339355464126957449959336247452678528445861125443837125883324919436274129291628872198696499285187837453218948181623624568629432882352313331459196283361627113429369768273496474281738711322189844434542888631278558674123841489751515985463743452291486813875212252694418646387456361719124647658228244411997765614396356852366266831248186728545982443153563766432237485254324683292334573575452315376519959
83642521336251635535799667937478158597644974844588975396389794752463932752527753134487184365213485768191221634455353394534713521466493495425328378287426795996853169573672874338771417877225547177138571621384126269914283969518443519382869264248399386277275545884544422812677179845418936952175132636319588161149272717653895633194999877161956196817722651987236579942944613275686823483988772726357362991678944699455886172691946396825121461461231644642925971658433527228292923644678978339736812349967349226516395727777228332689347992647446376372397959128
33956469533983293763571326345841817976878976954255926793881419893764923365267528498825955484489195448181965683848411222242178368162821958411646689483725212965385243827181116589367991143211544291249115537624936285992969893936335187735455184899478743879566486112327874211136942986216546634463459284591728315778417685163174436587576174153157358578125844466174169414827491849546248246154548945788378179272543695166648875996169843233667562821731683329241559626959947618349663823531344664436429439964465963463463251384937979969136631849731299711513929367
15895896637985469546958138398399674617954399571835655569472941839715418649974976144384324271966628835664254688684584763568975653461875318547632537291821376569495274548528126267497666325994956358978154238414111363194483576927758653516658726264233257242863351232299121627493177932335248154922526668599433353317672229616887385963762867665159446564684545968316337876621175165372549245137783637626271564313862193859114464243697978616231222378519669769142598531927555526211323317524393864449662198711387656153665476535293249545555299362347584476874431118
21359736725489172927546994633671293886156891995967154853126251854118364184961793698769647768739238366584374765142648584414915884297799371565818829894847576366522226183938956732119522323328866671349878232478914698981791298812596932972474551287895691328683381652179845391999986543164562593236388582773896567716921747861497692619499882734973118217461549244472927522734267638559913219836982338521565768837932388162268791589326965329255922694219265127124216174462626399868916785358825124246195869462721781987281439513988111693222755154218423198534418978
68986683744881437182296175614425543277286165146231983656652418325812341896721145413711244316718414552422781788577165717874364963147331843214535922313683653329276258111746811499292159465335968187682832611564513836795162683638948842767674513433526235659467469723513459755513986163518549427844772435159884679165369851579142234325437655282773274248539739855281782459615386968894975794434436993238736598888932226273542991779941293936373644129594822323643752941879911241896954463832256984512633432693378178636644791582115617228268644636268496767552642614
49861763295258936738698898298813936177633913479418966794921791515265944734914176498336478354528732631452986679336491728737262111691272221293954568675494585551628484989117673653237123823315992937552228178872679733993559726143644317887358854221774194232835493858952599589567618182336779518787872236747221767933187486396149419295384522964365895583831554813599194561447986158587355413435831371732961315676548374557278574637765919265745342982882462622753236223147149415861168573237814667629386888847381275372711431494587949959912691544911486539226114892
63434616384943635456745925811199965962343279442923234329971324872165444397636854819698661318531292499952539134246286413388887221951277757458198546319133144862893537698365385981448275629795956373287497162869985414165372974225944651494378913335144343986719454229737635116176676117813324561875652484543295727314672584368519778211545435997262534749368692531997471975457819964635884628955351527954412991344819621459296867759272154611314499847576428243648215785166189576126252511764215361827374583392965431523586662911228468151526942142413718759897594277
82182951781766986794718868743184653138812383564729711594423569758622693374517246951996121881473982233542495477598879445433646585879875446174654562317298639667511325427458482273825732375576765593472815558926636328433761479556225466258615572275928728146391738477578298321438246568714269473856336766459319518628829592758686882448921288167875283931467635619435219351437958411543855211479114257868916833672565896995647876479391765154238183397731916913424375135239723196199184855472161474894612548453645997525522864655257233471767597243643455568299732533
11927773632981531974771771661139428576348467535681952258347184849822894147647637845444853183456643749513732741697918129678932113779723479364323749599944519754365178189466233976386755611272222286315294733682314256877794422868551591319478718132672189335378465652852621872823842919949665497419193737692674921363438766297736967278576784547556486742561774871434779597785779519445455432512949916385629964641828764259365372158629643622741191779289326827161539672798243134518643176745995964317522796317743296839719151672157667527542334641352922238894555389
84772713329455425771171528217264128891224253693527726273747372744627984831413693157696741999637593863612899224358588884924367657831226268472446165791316945485116245948442582194343522865565727844413313669893792216224237298913469153424558872976966371787547846449178349989554446319858246117857833886292222659556839617245465146918932623597141183811796511639377228992354191329312472974342259457619244422348577642816194985192296347238334261455623846824869711393196828716966951516891173522242926395928897323627325343151511467293837565793217635625177573563
24489559996717814493744486588856614922773338885965446128468368168434737139993234893557128462624373741384141537682844797447536318834654742193481585793921821916533753692567324641968245986241895944468143621472332395486777872968339597327252993281332783363497886494873653934248895973966221542268166475877519112275622981966744312466125549666961351983254673579234774113957474261948343977725954696423454821927479897611113889173367712526452152646436312139225735469338252953117721662436743656563428744842194587424161925324219737864354948217641126811541989713
74493414749968938216673348641449624126667922178969161959147499482346592171163973865262167895113135535688359187181859655641288676153733323733344645821427993979181588272849713718733144659919874378588767426994642844948532847324873313796899556279917757539956399152414561876845569192169871335484134434758874283463695222422998183739953779835318574587938827273141184147795337366571987885364826242838482453278158261335311386981859428993754468315437739693113153923221194631529427322988714779436361271227435371423285949841565782869992223483673571737518562732
46618712346258762679911588577829826785132293566881579538289197313736381181532941819334383214282968825537159555522715413869689468695784867852913379757281388123714686877874271362973541663859782176437479962411279798397247113414898148737227938881869467742942139424271256364853736934648746358255955722298287881326693415935814188236537817698387489799153184771454532511626982948717188565976311811191372112593564589696233947569513775699872472718178832529858815526878158529675572498898963387317325315619276128178399198141674556741446689234864123635895137329
81326268162562413673369281848264425818376547321827387723981282999785984362527142493727983763714479586837427682695378125313357199941166296642847123563579857295381672997474831163793673127935173157285988166378767335878877253511631737741324168962847733254459866283755395756298381963363993348639664147723981911212624968429762598935238717933776162466842259326274231342442513665676823954243659239332358226434975198118112419637455964789659122493945916275151389512456921522274757885274717384214498225517821636633723521197875814458186384759753879713627957872
97651615868948996423791172421258167116629699417792395741263969399965469968135658756993763825323559462581959174154419531194462214141256776125942583696763458723733528263472694257872296391529332259747968581983831685338366862971156129543939275752737793935554426562475842976345436528338559768576184493534362779241447765687638168268241337866115317831587728426672728918553273268267646979471559398315233791554359959136362352789117336325299152323224317913967258528552516745596125154698127671852179151535434155738383665799316882223217298238327333341561996857
79884987917768885584958356688861557551239724261483683212878672421942925496991788645375169327957833116667659366917919464175677937147198455952223228888826557658714745686172497634274935797649619281115952499855967577885384854588923625292983373589994813549843652777547772916929241482388671126888622143569195736235377929386332578838861835371395139981668981716988455675126544592492898516841533155925656661226416125431948135616562594978993128293916115546727712832949874495746735673159551653578297725927753197655548914774164593797462835311164968163754412343
56718882785525638553747867213149125174765951926562843517764634114455558615997522217752588232337832752986463278681343419917995968162968373841126157715533836963215875144837452237259294121479825669477961376835648111164457851883254386514627835681921199114632632966632255688332811656915973548139194334317822363439482517589536674538483271524576899852338179833717526589788579323638413738847527973115199816414515497541452884169315316389294774489414698981599171716375966942748773332368391359311975597619862797128894463792978237547771953623989664999733747678
51614888554163581451769972952427322197469917482549168559899997527363192995118985597462389743181786581811826548439656232749734937146616174369179645313738186556536244157517724481922784119738442993592268197532877173981971136394911229116397489338956224112139262325217567546899995146517677567731166916249964272411589277882478522677686339481834936856156984125844912958366284244871524463774838918663912894379751399869749927237672764793137764927665483676777948283775468837426662177494725874325694828511769526382896789575333165916365265548886265589114399766
18187131632866241595618933665468426198329121458577787723389735313681212681655934831138346179176272627789597373791942386747839465299691618769268699466928155563238295124751377266285995469562873861696598974721297359545754786596278535555656989244844833682665513417154888295646581852694169363734923634713541697846373112678661537341683691156926435598987266719195874648179221684262791361792341523627264292474279719659774285522613545711739727724692731666291686886299688114411256564163644524562936183256464112262975688858686596857786787275911722918338659921
