280 190
5555555555555555555555555555555555555555555555555565555555555555555555555555555555555555555555555555555555555555555555555555555555555555555555555555555555555555555555555555555555655555555555
5555555555555565555555555555555555555555555555555555555555555555555555555555555555555555555555555555555655555555555555555555555555555555555555555555555555555555555555555555555555555555555555
5555555555555555555555555555555555555555555555555555555555555555555555555555555555555555555555555565555555555555555555555555555555555555555555555555555555555555556555555555555555555555555555
5555655555555555555555555555565555555555555555555555555555555555555555555555555555555555555555555555555555555555555655555555555555555555555555555555555555555556555555555555555555555555555555
5555555555555555555555555555555555555555555555655555555555555555555555555555555555555555555555555555555555555555555555555555555555555555555555555555555555555555555555555555555555555555555555
5555555555555555555555555555555555555555555555555555555555556555555555555555555555555555555555555555555555555555555555555555555555555555555555555555555555555555555555555555555555655555555555
5555555555555555555555555555555555555555555555555555555555555555555555555555555565555655555555555555555555555555555555555555555555555555555555555555555555555555555555555555555555555555555555
5555555555555555555555555555555555555555555555555555555555555555555555555555555555555555555555555555555555555555555555555555555565555555555555555655555555555555555555555555555555555555555556
5555555555555555555555555555555555555555555555555555555555555555555555555555555555555555555555555555555555555556555555555555555555555555555555555556555555555555555555555555555555555555555555
5555555555555555555555555555555555555655555555555555555555555555555555555555555555555555555555555555555555555555555555555555556555555555555555555555555555555555655555555555555555555655555555
5555555555555555555555555555555555555555555555555555555555555555555555555555555555555555555555555555555555555555555555555555555555555555555555555555555555555555555555555555556555555555555555
5556555555555555555555555555555555555555555555555555555555555555555555555555555555555555555565555555555555555555555555555555555555555555555555555555555555555555555555555555555555555555555555
5555555555555555555555555555555555555555555555555555555555555555555555555555555555555555555555555555555555555555555555555555555555555555556555555555555555565555555555555555555555555555656555
5555555555555555555555555555555555555555555555555555555555555555555555555555555555555555555555555555555555555555555555555555555555555555555555555555555555555555555555555555555555555555555555
5555555555555555555555555555555555555555555555555555555555555555555555555555555555555555555555555555555555555555555555555555555555555555555555555555556555555555555555555555555555565555555555
5555555555555555555555555655555555555555555555555555555555555555555555555555555555555555555555555555555555555555555565565555555555555555555555555555555555555555555555555555555555555555555555
5555555555555555555555555555555555555555555555555555555555555555555555555555555555555555555555555556555555555555555555555555555555555555555555555555555555555555555555555555555555555555555555
5655555555555555555555555555555555555555555555555555555555555555555555565555555555555555555555555555556556555555555555555555555555555555555555555555555555555555555555555555555555555566555555
5555555555555555555555555555555555555655555555555555555555555555555555555555555655555555555555555555555555555555555555555555556555555555555555555555555555555555555555556555556555555555555555
5555555555555555555555555555555555555555555555555555555555555555555555555555655555555555555555555555555555555555555555555555555555565555555555555555555555655555555555555555555556555555555555
5555555555555555555555555555555555555555555555555555555555555555555555555555555555555555555555555555555555555555555555555555555555555555555555555555555555555555555555655555555555555555555555
5555555556555555555555555655555555555555555555555555555565555556555655555555555556555555555555555556555555555555555555555555555555555556555555555555555555555555555555555555555555555555555555
5555555555555555555565555555555555555555555555556555555555555555555555555555555555555555555555555555555565555555555555555555555555555555555555655555555555555555555655555555555556555555555555
5555555555555556555555555555555555555555555555555555555555555555555555557555555555555555555555555555555555555555555655555555555555555555555555555555555555555555555555555555555555555555555555
5555555555555555555555555555555555555555555555555555555555555565555565555555555555555555555555555555555555555555555555555555555555555555555555555555555655555555555565555555555556555555555555
5555555555555555555555555555555555555555555555555555555555655555555555555555555555555555555565555555555555555555555555555565555555555555555555555555565555555555555555555555555555555555565555
5556555555555555555555555555555555555555555555555555555555555655555555555555555555555555555555555555555555555555555555555555555555555555555555555555555555555555555555555555555555555555555555
5565555555555555555555555555555555555555555555555555555555555555555555555555555555555555555555555555555555555555555555555555555555555555555555555555555555565555555555555655555555555555555555
5555555555555555555555555555555555555555555555555555555555555555555555555555555555555555555555555555555655555555555555555555555555555555555555555555555555555556555555555565555555555555555555
5555555555555555555555555555555555555555555555555555555555555555555555555555555555555555555555555555555555555555555555555555555555555555555555555555555555555555555555555555555555555555555555
5555555555555555555555555555555555555655555655555555555555555555555555555555555555555555555555555555555555555555555555555555555555555555555565555555555555555555555555555555555555555555555555
5555555555555555555555555555555555555555555555555555555555555555555555555555555555555555555555555555555555555555555556555555555555555555555555555555555555555655555555555555555555555555556555
5555555555555555555555555555555555555555555555555555555555555555555555555555555555555555555555555555555555555555555555556555555555555555555555556555555555555555555555555555555555555555555555
5555555555555555555555555555555555556555565555555555555555555555555655555555555555555555655555555555655555555555555555555555555555555555555555555555555555555555555556555555555555555555555555
5555555555555555555555555555555555566555555555555555555555555555555555555555555555555555555555555555555555555555555655555555555555555555555555555555555555555555555555555555555555555555555555
5555555655555555555565555555555555555555555555555555555565555555555555555555555555555555555555555555555555555555555555555555555555555555555555555555555555555555555555555555555555555555555555
5555555555555555555555555555555555655555555555555555555555555555555555555555555555555555555555555555555555555555555555555555555555556555555555555555555555555555555555555555555555555555555555
5555555555555555555555555555555555555555555555555555555556555555555555555555555555555655555555555555555555555555555555555555555555555555555555555555555555555555555555555555555555555555555555
5555565555555555655555555555555555555555555555555555555555555555555555556555555555555555555555555555555555555555555555555555555555555555555555555555555555555555555555555555555655555555555555
5555555555555555555555555555555555555555555555555555555555555555555555555555555555555555555555555555555555555655555555555555556655555555555555555555555555555555555555555555555555555555555555
5555555555555555555555555555555555555555555555555555555555555555555555555555555555555556555555555555555555555555555555555555555555555555555555555555555555555555555555555555555555565555555555
5555555555555555555565555555555555555555555555555555555555555555555555555555555555555555555555555555555555555555555555555555555555555555565555555555555555655555555555555555555555555555555555
5555555555555555555555555555555555555555555555555555555555555555555555555555555555555555555555555565555555555555555555555555555555555555555555555555555555555555555555555555555555555555555555
5555555555555555555555555555555555555555555555555555555555555555555555555555555555555555555555555555555555555555555555555555555555555555555555555555555555555555555555555555555556555555555555
5555555555555555555555555555555555555555555555555555555555555555555555555555555555555555555555555555555555555555555555555555555555555555555555555555555555555555555555555555555555556555555555
5555555555555555555555555555555555555555565555555555556555555555555555555556555555555555555555555555555555555555555555555555555555556555555555555555555655555555555555555555555555556555555555
5555555555555555555555555555555555555555556555555555555555555555555555555555555555555555555555555555555555555555555555555555555555555555555555555655555655555555555555555555555555555555555555
5555555555555555555555555555555555555555555555555555555555555555555555555555555565555555555555555555555555555555555565655555555555555555555555555555555555555555555555555556555555555555555555
5555555555555556555555555555555555555555555555555555555555555555555555555555555555555555555555555555555555555555555555555555555555555555555555555555555555555555555555555555555555555555555555
5555555555555555555555555555555555555555555555555555555555555555555565555555555555555555555555555555555555555555555555655555555555555555555555655555555555555555555555556555555555555555555555
5555555555555555555555555555555555555556555555555555555555555555555555555555555555555555556555555555555555555555655555555555555555555555555555555555555555555555555555555555555555555555555555
5555555555555555555555555565555555555555555555555555565555555555555555555555555555655555555555555555555555555555555555555555555655555555555655555555555555555555555555555555555555555555555555
6555555555555555555555555555555555555555555555555555555555555555555555555555555555555555555555555555555555555555555555555555555555555555555555555555555555555555555555555555555555555555555555
5555555555555555555555555555555555555555555556555555555555556555555555555555555555555555555555555555555555555556555555555555555555555555555555555555555555555555565555555555555555555555555555
5555655555555555555555555555555555655555555555565555555555555555555555555555555555555556555555555555555555555555565555555555555555555555555555555556555555555555555555555555555555565555565555
5555555555555555555555555555555555555655555555555555555555555555555555555555555555555555555555555555555555555555555555555555555555555555565555555555555555555555555555555555555555555555555555
5555655555555555555555555555555555555555555555555555555655555555555555555555555555555555555555555555555555556555555555555555555555555555555555555556555555555555555555555555555555555555555555
5555555555555555555555565555555555555555555565555555555555555555555555555555555555555555555555555555555555555555555555555655555555555555555555555555555555555555555555555555555555555555555555
5555555555655555555555555555555555555555555555555555555556555555555555555555555555555555555555555555555555555555555555556555565555555555555555555555555555555555565555555555555555555555555565
5555555555556555555555555555555555555555555655555555555555555555555555655555555555555555555655555555555555555555555555555555556555565555555555555555555555555555555555555555555555555555555555
5555555555555555555555555555555555555555555555555555555555555555555555555555655555555555555555555555565555555555555555555555555555555555555555555555555555555555555555555555555555555555555555
5555555555555555555555556555555555555555555555555555555556555555555555555555555555655555555555565555555555555555555555555555555555555555555555555555555555555555555555555555555555555555555555
5555555555555555555555555555555555555555555555555555555555555555555555555555555655555555555555555555555555555555555555555555555555555555555655555555555555555555555555555555555555555555555555
5555555555555555655555555555555555555555555555555556555555555555555555555555555555555555555555565555555555555555555555555555555555555555555555555555555556555555555555555555555555555555555555
5555555555555555555555555555555555555555555555555555555555555555555555555555555555555555555555555555555555555555555555565555555555555555555555555555555555555555555555555555555555555555555555
5555555555556555555555565555555555555555555555555555555555555555555555555555555555555555555555555555555555555555555555555555555555555555655555555555555555555555555555555555555555555555555555
5555555555555555555555555555555555555555555555555555555555555555556555555555555555555555555555556555555555555555555555555555555555555565555555555555555555555555555555555555555555555555555555
5555555555555655555555555555555555555555555555555555555555555555555555555555555755555555555555555555555555555665555555555555555555555555555555555555555556555555555555555555555555555555555555
5555555555555555555555555555555555555555555555555555555555555555555555555555555555555555555555555555555555555555555555555555555555555555565555555555555555555555555555555555555555555555556565
5555555555555555555555555555555555555555555555555555555555555555555555555555555555555555555555655555555555555555555555555555555555555555555555555555555555555555555555555555555555555555555555
5555555555555555555555555555555555555555555555555555555555555555555565555555555555555555555555555555555555555555555555555555555555555555565555555555555555555555555555555555555555555555555555
5555555555555555555555555555555556565555555555555555555655555555565555555555555555556555555555555555555565555555555555555555555555555555555555555555555555565555555555555555555555555555555555
5555555555555555555555655555555556555555555555555555555555555555555555555555555555556555555555555555555555555555555555555555555555555555555555555555555555555555555555555555555555555555555555
5555555555555555555555555555555656555555555555555555555555555555555555555555555555555555555655555555555555555555555555555555555555555555555555555555555555555555556555555555555555555555555555
5555555555555555555555555555555555555555555555555555555555555555555655565555555555555555555555555555555555556565555555555555555555655555555555555555555555555555555565555555555555555555555555
5555555555555555555655555555555555555555555555555555555555555555555555555655555555555555555555555555555555555555555555655555555555555555555555555555555555555555555555555555555555555555555555
5555555555565555555555555555555555555555555555555555555555555555555555555555555555555555555555555555555555555555555555555555555555555555555555555555555555555555555555656555555555555555555555
5555555565655555555556555555555555555555555555555555555565555555555555555555555555555555555556555555555555555555555555555555555555555555555555655555556555555556555555555555555555555555555555
5555555556555555555555555555555555565555555555555555555555555555555655565555555555555555555555555555565555555555555555555555655555555555555555555555555555555555555555555655555555555555555555
5555555555555555555555555555555555555555655555555555555555555556555555555555555555555555555555555555556555555555555555555555565555555555555555555555555555555555555655555555555555555555555555
5555555555555555555555555555555555555555555555555555555555655555555555565555555555555555555555555555555555555555555555555555555555555555555555555555555555555555555555555555555555555555555556
5555555555555555555555555555555555555565555555555565555555555555555565555555555555555655555555555555555555555555555555555555555555655555555555555555555555555555555555556555555555555555555555
5555555555555555555555555555555555555555555555555555555556555555555555555555555555555555555555555555555555555555555555555555555555555555555555555555555555555555555555555555555555555555555555
5555555555555555555555555555555555555555555555555555555555555555555555555555555555555555555555555555555555555555555555555555555555555555555555555555555555555555655555555555655555555555555556
5655555566555555555555555555555555555555555555555555555555555555555555555555555555555555555555555555655555555555555555555555555555555555555555555555555555555555555555555555555555555555555555
5555555555555555555555555555555555555555555555555555555555555555555555555555555555555555555555555555555555555555555555555555555555555555555555555555555555555655555555555555555555555555655555
5555555555555555555555555555565555565555555555555555555555555555555555555555555555555555555555555555555555555555655555555555555555555555555555555555555555555555555555565555555555555555655555
5555555555555555555555555555555555555555555555555555555555555555555555555555555555555555555555555555555555555555555555555555555555555555555555555555555565555555555555555555555655555555555555
5555555555555555556555555555555555556555555555555555555555555555555555555555555555555555555555555555555556555555555555555555555555555555555555555555555555555555555555555555555556565555555555
5555555555555555555555555555555555555555555565555555555555555555555575555555555555555555555555555555565555555555555555555555555555555555555555555655555555555555555555555555555556555555555555
5555556555555555555555655555555555555555555555555555555555555555555555555555555555555555565555555555555555555555555555555555555555555555555555555555555555555555555555555655555555555555555555
5555555555555555555555555555555555555555555555555555555555555555555555555555555555555555555555555555555555555555555555555555555555555555555555555555555555555555555555555555555555555555555555
5555555555555555555555555555555555555555555555555555555555555555555555556555555555555555555555555755555555555555555555555555555555555555555555555555555555555555555555555555555555555555555555
5555555555555555555555555555555555555555555555555555555565555555555555555555555555555555555555555555555555555555555555555555555555555555555655555555555555555556555555555555555555555555655555
5555555555555555555555555555555555555555555555555555555555555555555555555555555555555555555555555555555555555555555555655555555555555555555555555555555555555555555555555555555555555555555555
5555555555555555555555555555555555555555555555555555555555555555555555555565555555555555555555555555555555555555655555555555555555555555555557555555555555555555555555555555555555555555555555
5555555555555555655555555565555555555555555555555555555555555555555555555555555555555555555555555555555555555555555555555555555565555555655555555555555555555555555555555555555555555556555555
5555555555555555555555555555555555555555555555555555555555555555555555555556555555555555555555555555555555555555555556555555555555555555555556555555565555555555555555555555555555555555555555
5555555555555555555555555555555555555555555555555555555555555555555555555555555555555555555555555555555555555555555555555655555655555555555555555555555555555555565555555555555555555555555555
5555555555555565555555555555565555555555555555556555555555555555555555555555555555555555555555555555555565555555555555555555555555555555555555555555655555555565555555555555555555555555555556
5555555555555555555555555555555555555555555555555565555655555555555555555555555555555555555555555555555555555555555555555555555555555555555555555556555555555555555555555555555555555555555555
5555555555556555555555655555555555555555555555555555555555555555555555555555555555555555555555555555555555555555555555556555555555555555555555555555555555555555555555555555555555555555555555
5555555555555555555555555555555555555555655555555555555555555555555556555555555555555555555555555555555655555555555555555555555555555555555555555555555555555555655555555555555555555555555555
5555555555555555555555555555555555555555555555555555555555555555555555555555655555555555656555555555555555555555555555555555555555555555555555555555555555555555555555555555555555555555555555
5555555555555555555555555555555555555555555555555555555555555555555555555555555555555555555555555555555555555555555555555555555555555555555555555555555555555555555555555555555556555555555555
5555555555555555555555555555555555555555555555555555555555555555555555555565555555555555555555555555555555555555655555555555555555555555555555555565555555555555555555655555555555556555555555
5555555555655555555555555555555555555565555556555555555555555555655555555555555555555555555555555555555555555555555555555555555555555555555555555555555555555555555555555555555555555555555555
5555555555555555555555555556555555655555555555555555555555555555555555555555555555555555555555555555555555555555565555555555555555555555555555555555555555555555555555555556555555555555555555
5555555555555555555555555555555555555555555555555555555555555555655555556555555555555555555555555555555555555555555555555555555565555555555555555555555555555555555555555555555655555555555555
5555555555555555555555555555555555556555555555555555565555555555555555555555555555555555565555555555555555555555555555555555565555555555555555555555555555555555555555555555555555555555555555
5555555555555555555555555555555555555555555555555555555555555555555555555555555555555555555655555555555555556555555555555555555555555555555555555565555555555555555555556555555555555555555555
5555555555555555555555555555555555555555555555555555555555555555555555655555555555555555555555555555555555555555555555555555555575555555555555555555555555555555555555555555555555555555555555
5555555555555555555555555555555555555555555555555555555555555555555555555555555555555555555555555555555555555555555555555555555555555555555555555555555555555555555555555555555555555555555566
5555555555555555555555555555555555555555555555555555555555555555555565555555555555555555555555555555555555555555555555555555555556555555555555555555555555555555555555555555555555555555555555
5555555556555555555555565555555555555555555565555555555555555555555555555555555555555555555655555555555555555555555555555555555555555555555555555555555555555555555555555565555555555555555555
5555555555555555555555565555555555555555555555555555555555555555555555556555555555555555555555555555555655555555555555555555555565555555555555555555555555555555555555555555555555555555555555
5555555555555555555555555555555555555555555555555555555555555565565555555555556555555555655555555555555555555555555555555555555555555555555555555555555555555555555555555555555555555555555555
5555555555555555555555555555555555555555555555555555555555555555555655655555555555555555555555555555555555555555555555555555555555555555555555555555555555555555555555555555555555556555555555
5555555555555555555555555555555555555555555565555555555555555555555555555555555555555655555555555555555555555555555555555555555555555555555555555555555556555555555555555555555555555555555555
5555555555555555555555555555555555555555555555555555555555555555555555555555555555555555555555555555555555555555555555555555555555555555555555555555655555555555556555555555555555555555555555
5555655565555555555555555555555555555555555555555555555555555555555655555555555555555565555555565555555555555555555555555555555555555555555555555555555555555555555555555555555555555565555555
5555555555555555555555555555555555555555555555555555555565655555555555555555555555555555555555555555565555555555555555555555555555555555565555555555555555555555555555555555555555555555555655
5555555555555555555555555555555555555555555555555555555555555555555555555555555555555555565555555565555555555555555555555555555555555555555555555555555555555555555555555555556555555555555555
5555555555555555555555555555555555555555555565555555555555555555555555555555556555555555555555555555555555555555555555555555555555565555555555555555555555565555555555555555555555555555555555
5555555555555555555555565555555555555555555555555555555555555555555555555555555555555555555555555555556556555555555556555555555555555555555655555555555555555555555555555555555555555555555556
5555555555555555555555555555555555655555555555555555555566555555555555555555555555555555555555555565555555555555555555565555555555555555555555555555555555555555555555555555555555555555555555
5555555555555555556555655555555555555555555555555555555555555555555555555555555555555555555555555555555555555555555555555555555555655555555555555555555555555555555555555555555555555555555555
5555555555555555555555555555555555555555555555555555555565555555555555555555555555555555555555555555555555555555555555555555555555555555555555555555555555555555555555555555555555555555555555
5555555555555555555555555555555555555555555555555555555555555555555555555555555555555555555555555555555555555555555555555555555555555555555555555555555555555555555555555555555555555555555555
5555555655555555555555555555555555555555555555555555555555555555555555555555555555555555555555555555555555555555555555555555555555555555555555555555555555555555555555655555555555555555555555
5555555655555555555555555565555555555555555555555555555555555555555555555555555555555555555555555555555555555555555555555555555555555555555555555555555555555555565555555555555555555556555555
5555555555555555555555565555555555555555555555555555555555566555555555555555555555655555555555555655555555555555555555555555555555555555555555555555555555555555555555555555555565555555555555
5555555555556555556555555555555555555555555555555555555555555555555555555555555555555555555555555555555555565555555555555555555555555555555555555555555555555555555555555555555555555555655555
5555555555555555555555555555555555555555555555555555555555555555555555555555555555655555565555555555555555555555555555555555555555555555555555556555555555555555555655555555555555555555555655
5555555555555556555555555655555555556555555555555555555555555555555655555555555555555555555555555555555555555555555555555555555555555555555555555565555555555555555555555555555555555555555555
5555555555555555555555555555555555555555555555555555555555555555555555555555555555555555555555555555555555555555555555555555555555555555555555555555555555555555555555555555555555555655555555
5555555555555555555555555555555555555555555555555555655555555555555555555555565555555555555555555555555555655555655556555555555555555555555555555555555555555555555555555555555555555555555555
5555555555555555555555555555555555555555555555555555555555555555555555555555555555555555555555555555555555555555555555555555555555555555555555555555555555555555555555555555555555555555655555
5555555555555555555555555555555555555555555555555555555555555555555555555555555555555555555555555555555555555555555555555555555555555555555555555555555555555555555555555555555555555555555555
5555555555555555555555555555555555555555555555555555555555555555555555555555555655555555556555555555555555555555555555555555555555555555555555555555565555555555555555555555555555555555555555
5555556555555555555555555555555555555555555555555555555555555555555555555555555555555555555555555555555555555555555565555555555555555555555555555555555555555555565555555555555555555555555555
5555556555555555555555555555555555555555555555555555555565555555555565555555555555555555556555555555555555555555555555555555555555555555555555555555555555555555555555555555555555555555555555
5555565555555555555555555555555555555555555555555555555555555555555555555555555555555555565555555555555555555555555555555555555555555555555555555555555555555556555555555555555555555555555555
5555555555555555555555555555555555555555555555555555555555555555555555555555555555555555555555555555555555555555555555555555555655555555555555555555555555555555555555555555555555555555555555
5555556555555555555555555555555555555555555555555555555555555555555555555555555555555555555555555555555555555555555555555555655555555555555555555555555555655555555555555555555555555555555555
5555555555555555555555555555555555555555655555555555555555555555555555555555555555555555555555555555555555555555555555555555555555555555555555555555555555555555555555555555555555555555555555
5555555555555555555555555555555555555555555555555555555655555555555555555556555565555555555555555555555555555555555555555555565555555555565555555555555555555555555655555555555555555555555555
5555555555555555556555555555555555555555555555555555555555555555555555556555555555555565555555555555555556555555555555555555555655555555555555555565555555555555555555555555555555555555555555
5555555555555555555555555555555655555555555555555555555555555555555555555555555555555555555555555555555555555555555655555555555555555555555555555555555555555555555555555555555555555555555555
5555555556555555555555555555555555555555555555555555555555555555555555555555555555655555555555555555555555555555655555555555555555555555655555555555555555555555555555555555555555555555555555
5555555555565555555555555555555555555555555555555565555555555555555555555555555555555555555555555555555555555555555555555555555555555555555555555555555555555555556555555555555555555655555555
5555555555555555555555555555555555555555555555555655555555555555555555565555555555555555555555555555555555555565565555555555555555555555555555555555555555555555555555555555555555555555565555
5555555555555555555555555555555555555555555555555555555555565555555555555555555555555555555555555655555555555555555555555555556555555555555555555555555555555555555555555555555555555555555555
5555555555555555555555555555555555555555555555555555555555555555555555555555555555555555555555555555555555555555555555655555555555555555555555555555565555555555555555555555555555555555555555
5555555555555555555556555555555555555555555555565555555555555555555555555555555555555555555555555555555555555555555555555555555555555556555555555555555555555555556555555555555555555555555555
5555555555555555555555555555565555555555555555555555556555555555555555555555555555555555555556555555555555555555555555555555555555555555555555555555555555555555555555555555555555555555555555
5555555555555555655555555555555555555555555555555555555555555555555555555556555655555555555555555555555555555655555555555555555555555555555555555555555555555555555555555555556555555555555555
5555555555555655555555555555555555555555556555555555555555555555555555555555555555555555555555555555555555555555555555555555555555555555555555555555555555555555555555555555555555555555555555
5565555555555555555555555555555555555555555555555555555555555555555555555555555555555555555555555555555555555555555555555555555555555555555555555555555555555555655555555555555555555555555555
5555555555655555555555555555555555555555555555565555555555555555555555555555555555555555555556555555555555555555555555555555555555555555655555555555555555555655555555555555555555555555555555
5555555555555555555555555555555555555555555555555555555555555555555555555555556555555555555555555555555555555555555556555555555555555555565555555555555555555555555555555555555555555555555555
5555565555555555555565555555555555555555555555555555555555555555555555555555555555555555555555555555555555555555555555555555555555565555555555555555555557555555555555555555555555555555555555
5555555555555555555555555555555555555555555555555555555555555555555555555555555555555555555556555555555555555555555555555555555555555555555555555555555555555555555555555555555555555555555555
5555555555555555555555555655555555555555555555555555556555555555555555555555555555555565555555555555555555555555555555555555555555555556555555555555555555555555555555555555555555555555555555
5555555555555555555555555555555555555555555555555555555555555555555555555555555555565555555555555555555555555555555555555555555555556655555555555555555555555555556555556555655556555555555555
5555555555555555555555555555555555555555555555555555556555555555555555555555555555555555555555555555565555655555555555555555555555555555555555555555555555555555555555555555555555555555555555
5555555555556555555555555555555555555555555555555555555555555555555556555555555555555555555555555555555555555555555555555556555555555555555555555555555555555555555555555655555555555555555555
5555555555555556555565555555555555555555555555555555555555555555555555555555555565555555555555555555555555555555555555565555555555555555555555555565555555555555555556555555555555555555555555
5555555555555555555555555555555555555555555565555555555555555555555555555555555555555555555555555555555555555555555555555555555555555555555555555555555555555555555555555556555555555555555555
5555555555555555555555565655555555555555555555555555555555555555555555555555555555555555555555555555555555555555555555555555555555555555555555555555555555555555555555555655555555555555555555
5555555555555555555555655555555555555555565555555555555555555555555555555555555655556555555555555555555555555555555555555555555555555555555555555555555555555555555555555555555555555555555655
5555555555555555555555555556555555555555555555555555555555555555556555555555555555655555555555555555555555555555555555555555555555555555555555555555655555555555555555555555555555555556555555
5555555555555555555555555555555555555555555555555555555555555555555555555555555555555555555656556656555555555555555555555555555565555555555555555555555555555555555555555555555555555555555555
5555555555555555555555555555555555555555555565555555555555555565555555555555555555555555555555555555555555555555555555555555555555555555555555555555555555555555555555555555555555555555555555
5555555555555555555555555555655555555555555555555555555555655555555555555655555555555555555555555555555555555555555555555555555555555556555555555555555555555555555555555555555555555555555555
5555555555555555555556555555555555555555555555555555555555555555555555555555555555555555555555555555555555555555555555555555565555555655555555555555555555555555555555555555555555556555555555
5555555555555555555555555555555555555555555556565555555555555555555555555555555556555655555555555555555555555655555555555555555555555555555555655555555555555555555555555555555555565555555555
5555555555555555555555655655555555555555555555555555555555555555565555555555555555555555555555555555555555555555555555556555555555555555555555555555555555555555555556555555555555555555555555
5555555555555555555555555555555555555555555555555555565555555555555555555555555555555555555555555555555555555555555555565555555555555555555555555655555555555555555555555555555555555555555555
5555555555555555555555555555555555555555555555555555555555555555555555555555655555555555555555555555555555555555555555655565555555555555555555555555555555555555555555555555555555555555555555
5555555555555555555555555555565565555555555555555555555555555555555555555555555555555555555555555556556555655565565555555555555555555555555555555555555555555555555555565555555555555555555555
5555555555555555555555555555555555555555555555555555555555555555555555555655555555555555555555555555555555555555555555555555555555555555555555555555555555555555555555555555555555555555555555
5555555555555555555555555555555555555555555555555555555555555555555555555555555555555555555555555555565555555555555555555555555555555555555555555556555555555555555555556555556555555555565555
5555555555555555555555555555555555555555555555555555555555555555555555555555555555555555555555555555555555555565555565555555555555555555555555555555555555555555555556555555555555555555555555
5555555555555555555555555555555555555555555555555555555555555555555555555555555555555555555555555555555555555555555555555555555555556555555555555555555555555555565555555555555555555555555555
6555555555555555555555555555555555555555555555555555555555555555555555555555555555555555555555655555555555555555555555555555555555555555555555555555555555555555555555555555555555555555555555
5555555555555555555555555556655555555555555555555555555555555555555555555555555555555555555555555555555555555565555555555555555555555555555555555555565555555555555555555555555555555555555555
5555655555555555555555555555555555555555555555555555555555555555555555555555555555555555555555555556555555555555565555555555555555555555555555555555555555555555555655555555555565555556555555
5555555555555555555555555556555555555555555555555555555555555555555555555555555565555555555555555555555555555555555555555555555555555555555555555555565555555555555555555555555555555555555555
5555555555555555555555555555555555555555555555555555555555555555555555555555555555555555556555555555555555555555555555555555555555555555555555555555555555555555555555555555555555565555555555
5555555555565555555555556555555555555555555555555555555555555555555555555555555555555555565555555555555555555555555555555555555555555555555555555555555555555555555555555555555555555555555555
5555555555555555555555555555555555555555555555555555555555555555556555555555555555555555555555555555556555555555555555555555555555555555555555555555555555555555555555555555555555555555555555
5555555555555555555555555555555555555555555555555555555555555555555555555555555555555555555555556555555555555555555555555555555655655555555555655555555555555555555555555555555555555555555555
5555555555555555555555555555555555555555555555555555555555555555555555555555555555555555555555555555555555555555555555555555555555555555555555555555555555555555555555555555555555555555555555
5555655555555555555555555555555555555555555555555555555555555555555555555555555555555555555555555555555555565555555555555555555555555555555555555555555555555555555555555555555555555555555555
5555555555555555555555555555555555555555555555555555555555555555555555555555555555555555555555555555555556555555555555555555555555555555555555555555555555555555555555655555555555555555555555
5555555555555555555555555555555555555555555555556555555555555555555555555555555555555555555655555555555555555555555555555555555555555555556555555555555555555555556555555555555555555555555555
5555555555556555555555555555555555555555555555555555555555555555555555555555555555555555555555555555555555555555555555555555555555555555555555555555555555555555555555555655555555555555555555
5555555555555555555555555555555555555555555555555555555555555555555555555556555555555555555555655555555555555555555555555555555655555555565555555555555555555555555555555555555555555555555555
5555555555555555555555555555555655555555555555555555555555555555555555555555555555555555555565555555555555555555555555555555555555555555555555555555555555555555555555555555555555555555555555
5655555555555555555555555555555555555555555555555555555555555555556555555555555555555555555555555555555555555555555555555555555555555555555556555555555555555555555655555555555555555555556555
5555555555555555555555555555555555555555555555555555555555565555555555555555555555555555555555555555555555555555555555555555555555555555555555555555555555655555555555555555555555565555565555
5555555555555555555555555555555555555555555565555555555555565555555555555555555555555555555655555555555555555555555555555555555555555555555555555555555555555555555555555555555555555555555555
5555655555556555565555555555555555555555565555555555555555565556555655555555555555555555555555555555555556555555655555555555555555555555555555655555555655555555555555555555555565555555555555
5555555555555555555555555555555555555555555555555555555555555555555555555555555555555555555555555555555555555555555555555555555555555555555555555555565555555555555555555555555555565555555555
5555555555555555555555555555555555555555555555555555555555555565555555555555555555555555555555555555555555555555555555555555655555555555555555565555555555555555555555555555555555555555555555
5555555555555555555555555555555555555555555555555555556565555555555555555555555655655555555655555555555555555555555565555555555555655655555555555555555555555555555555555555555555555555555555
5555555555555555555555555555555555555555555555555555555555555555555555555555555555555555555555665555555555555555555555555555555555555555555555655555555555555555555555555555555555555555555555
5555555555555555555555555555555555555555555555555555555555555555555555555555555555555555555555555555555555555556555555555555555555555555555555555555555555555555565555555555556555555565555555
5555555555555555555555555555555655655555555555556565555555555555555555555555555555555555555555555555555555555555555555555555555555555555655555556555555555555555555555555555555555555555555555
5555555555555555555555555555555565555555555555555555556555555555555555555555655555555555555555555555555555555555555555555555555555556555555555555555555565555555555556555555555555555555555555
5555555555555555555555555555555555555555555555555555555565655555555555555555555555555555555555555555555555555555555555555555555555555555555555555555555555555555555555555555555555555555555555
5555555555555555555555555555555555555555555555555555555555555555555555555555555555555555655555555555555555555555555555555555555555555555555555555555555555555555555555555555555555555565555555
5555555555555555555555555555555555555555555555555555555555555555555555555556555555555555555555555555555555555555555555555555555556555555555555555555565555555655555555555555555555555555555555
5555555555555555555555555555555555555555555555555555555555565555555555555555555555555555555555555555555555555555555555555555555555555555555555555555655555555555555555555555555555555555555555
5555555555555555555555555555555665555555555555555555555555555555555555555555655555555555555555555555555555555555555555555555555555655555555555555555555555555555555555555555555555555555555555
5555555555555555555555555555555555555555555555555555556555555555556555655555555655555555555555555555555555555555555555555555565555655555555555555555555555555555555555555555555555555555556555
5555556555555555555555555555555555555555555555555555555555555555555655555555555555555555555556555555555555555555555555555555555555555555555555555555556555555555555555555555555555556555555555
5555555555555555555555555555555555565555555555555555555555555555555555555555555555555555555555555555555555555555555555555555555555555555555555555555555555555555555555555555555555555555555555
5555555555555555555555555555555555555555555555555555555555555555555555555555555555555555555555555555555555555555555555555555555555555555555555655555555556555555555555555555555555555555555555
5555555555555555555555555555555555555555555555555555555555555555555555555555555555555555555555555555555555555555555555555555555555555555555555555555555555555555555555565555555555555555555555
5555555555555555555555555555555555555555555555555555555555555555555555555555555655555555555555555555555555555555555555555555555555555555555555555555555555555555555555555555555555555555555555
5555555555555555555555555555555555555555555565555555555555555555555556555555555555555555555555555555555555555555555555555555555555555555565555555555555555555555555555555555555555555555555555
5555555555555555555555555555555555555555555555555555555555555555555555555555555555555555555555555555555555555555555555555555555555555555655555555555555555555555555555555555555555555555555555
5555555555555555555555555555555555555555555555555555555555555555555555555555555555555556555555555555555555555555555555555555555565555555555555555555555555555555555555555555555555555555555555
5655555555555555555555555555555556555555555555555555555555555555555555555555555555555555565565555555555555555555555555556655555555555555555555555555565555555555555555555555555555555555555555
5555555555555565555555555555555555555555555555555555555555555555555555555555555555556555555555555555555555555555555555555555555555556555555555555555555555555555555555555565555555555555555555
5555555555555555555555555555555555555555555555555555655555555555555555555555555555555555555555555555555555555555555555555555555555555555555555555565555555555555555555555555555555555555555555
5555555555555555555555555555555555555555555555555555555555555555555555555555555555555555555555555555555555555555555555555555655555555555555555555555555555555555555555555555565555555555555555
5555555555555555555555555555555555555555555555555555555555555555555555555555555655555555555555555555555555555555555555555555555555555555555555555555555555555555556555555555555555555555555555
5555555555555555555555555555555555555555555555555556555555555555555555555555555555555555555555555555555555555555555555555555555555555555555555555555555555555555555565555565555555555555555555
5565555555555555555555555555555555555555555555555555555555555555655555555555555555555555555555555555555555555555555555555555555555555565555555555556555555555555555555555555555555555555555555
5555555555555555555555555555555555555555555555555555555555555655556555555555555555555555555555555555555555555555555555555555555555555555555555555555556555555555555555555555555555555555555555
5555555555555555555565555555555555555555555555555555555555556555555555655555555555555555555555555555565555555555555555555555555555555555555555555555555555555555555555555555555555555555555555
5555555555555555555555555555555555555555555555555555555555555555555555555555555565555555555555555555555555555555555565555555555556555555555556555556555555555555555555555555555555555555555555
5555555555555555555565555555555565555555555555555555555555555556555555555555555555555555555555555555555555555555555555555555555556555555555555555555555555555555555555555555556555555555555555
5555555555555555555555555555555555555555555555555555555555555555555555555555555555555555555555555555555555555555555555555555555555555555555555555555555565555555555555555555555555555555555555
5555555555555555555555555555555555555555555555555555555655555555555555555655555555555555555555555555555555555555555555555555555555555555555555555555555555555555555555555555555555555555555555
5555555555555555555555555555555555555555555555555555555555555555555555555555555555555555555555555555555555565555555555555555555555555555555555555565555555555556555555555555555555555555555555
5555555555555555555555555555555555555555555555555555555555555555555555555555555555555555555555555555555555555555555555555555555555555555555555555555555555555555555555555555565555555555555555
5555555555555555555555555555555555555555555555555555565555555555555555555555555555555555555555555555555555555555555555555555555555555555555555555555555556655555555555555555555555565555555556
5555555555555555556555555555555555555555555555555555555555555555555555555555555555555555555555555555555555555555555555555555555555555555555555555555555566555555555555555555555555555555555555
5555555555555555555555555555555555555555555555555555555555555555555555555555555555555565555555555555555555555555555555555555555555555555555555555556555555555555555555555555555555555555555555
5555555655555555555555555555555555555555555555555555555555555555555555555555555555555555555555555555555555555555555555555555555555555555555555555555555555555555555555555555555555555555555555
5555555555555555555555555555555555555555555555555565655555555555555555555555555555555555555555555555555555555655555555555555555655555555555555555555555555555555555555555555555555555555555555
5555555555555555555555555555555565555556555555555555555555555555555556555556555555555555555555555555555555555555555555555555555555555555655555555555555555555555555555555555555555555555565555
5555555555555555555555555555555555555555555555555555555555555555555555555555555555555555555555555555555555555555555555555555555555555555555555555555555555555555555555555555555555555555555555
5555555555555555555555555555555555555555555555555555555555555555555555555555555555555555555555555555555565555555555555655555555555556555555555555555555555555555555555555555555555555555555555
5555555555555555555555555556555555555555555555555555555555555555555555555555555555555555555555555555555555555555555555555555555555555555555555555555555555555555555555555555555555555555555555
5555555555555555555555555555555555565555555555555555555655555555555555555555555555555555555555555555555555555555555555555555555555555555555555555555555565565555555555555555555555555555555555
5555555555555555555555555555555555555555565555555555555555555555555555555555556555555555555555555555555555555555555555555555555555555555555555555555555555565555555555555555555556555555555555
5555655555555555555555555555555555555555555555555555555555555555555555555555555655555555555555555555555555555655555555555555555555555555555555555555555555555555555555555555555655555555555555
5555555555555555556555555555555555555555555555555555555555555555555555555555555555555555555555555555555555555655555555555555555555555555555555555555555555555555555555555555555555555556555555
5555555555555556555555555555555555555555555555555555555555555555555555555555555555555555555555555555555555555555555555555555555555555555555555555555556555555555555555555555555555555555555555
5555556555555555555555555555555555555555555555555555555555555555555555555555655555555555555555555555555555555555555555555555555555555555555555555555555555555555555555555555555555555555555555
5555555555555555555555555555555555555555555555555555555555555555555555555555555555565555555555555555555555555555555555555655555555556555555555555555555555555555555555555555555555555555555555
5555555555555555555555555555555555555555555555555555555555555555555556555565555555555555555555555555555555555555555555555555555555555555555555565555555555555555555555555555555555555555555555
5555555555555555555555555555555555555555555555555555555555555555555555555555555555555555555555555555555555555555555555555555555555555555555555555555555555555555555555555555555555555555555555
5555555555555555555555555555555555565555555555555555555555555555555555555555555555555555555555555555555555555555555555555555555555555555555555555555555555555555555555555555565555555555555555
5555555555555655555555555555555555555555555565555555555555555555565555555555555555555555555555555555555555555555555555555555555555555555555555555555555555555555555555555555555555555555555555
5555555555555555555555655555555555555555655555555555565555555555555555555555555555555555555555555555555555555555555555555655555555555555555555556555555555555555555555555555555555555555555555
5555555555555555555555555555555555655555555555555555555555555555555555555555555555555555555555555555555555555555555555555555555555555555555555555555555555555555555555555555555555555555555555
5555555555555555555555555555555555555555555555555555555555555555555555555555555555555555555555555655555555555555555555555555555555555555555555555555555555555555555555555555555555555556555555
5655556555555555556555555555555555555555555555555555555555555555555555555555555555555555555555555555555555555555555555555555555555555555555655555555555555555555555555555555555555555555555555
5555555555555555555555555555555555555555555555555556555555655555555565555555555555555555556555555555555555555555555555555555555555555555555555555555555555555555555555555555555555555555555565
5555555555555555555555555555555555555555555555555555556555555555555555555555555555555555555555555555555555555555565555555555555555555555555555555555555555556555555555555555555555555555555555
5555555555555555555555555555555556555555555655555555565555555555555556555555555555555555555555555555555555555555555555555555555555555555555555555555555555555555555555555555555555555555555555
5555555555555555555555555555555555555555555555555555555555555555555555555555555555555555555555555555555555555555555555555555555555555555555555555555555555555555555555555555555555555555555555
5555555555555555555555555555555565556555555555555555555555555555555555555555555555555555555555555555555555555555555555555555555555555555555555556555555555555555655555555655555555555555555555
5555555555656555555555555555555555555555555555655555555555555555555555555555555555565555555555555555555555555555555555555555555555555555555555555555555555565555555555555555555555555555555555
5555655555555555555555555555555555555555555555555555555555555555555555555555655555555555565555555555555555555555555565565555555555555555555555555555555555555555555555555556555555555555555555
5555565555555555555555555555555555555555555555555555655555555555555555555555555555555555555555555555555555555655555555555555555555555555555555555555555555555555555555555555555555555555555555
5555555555555555555555555555555565555555555555555555555555555555555555555555555555555555555555555555555555555555555555555555555555555555655555555555555555555555555555555555555555555555555555
5555555555555555555555555555555555555555555555555555555555555555555555555555555555555555555555555555555555555555555555555555555555555555555555555555555555555555555556555555555555555555555555
5555555555555555555556555555555555555555555555555555555555555555555555555555555555555555555555555555555555555555555555555655555555555555555555555555555555555555555555555555555555555555555555
5555555555555555555555555555555555555555555555555555555555555555555555555555555555555555555555555555555555555555555555555555555555555555565555555555555555555555555555555555555555555555555555
5555555555555555555555555655555555555555555565555655555555555555555555555555555555555555555555555655555555565555555555555555555555555555555555555555555555555555555555555555555555555555555555
5555555555555555555555555555555555555555555555555555555555555555555555555555555555555555555555555555555555555555555555555555555555555555555555555555555655555555555555555555555555555555555555
5655555555555555555555555555555555555555555556555555555555555555555555555555555555555555555555555555555555555555555555555555555555555555655555555555555555555555555555555555555555555555565655
6555555555555555555555555555555555555555555555555555555555555555555555555555555555555555555555555555555555555555555555555555555555555555555555555555555555555555555555655555555555555555555555
