280 190
6161616161616161616161616161616161616261616161616161616161616161616161616161616161616161616161616161616161616161616161616161616161616161616161616161616161616161616161616161616161616161616261
1616161616161617161616161616161616161616161616161616161616161616161616161616161616161616161616161616161616161616161616161616161616161616161616161616161616161616161616161616161616161616161617
6161616161616161616161616161616161616161616161617161616161616161616161616161616161616161616161616161616161616161618161616161616161616161616161616261616161616161616161616161616161616161616161
1616161617161616171616161616161616161616161616161616161616161616161616161616161616161616161616161616161616161616161616161616161616161716161616161616161616161616161616161616161616161616161716
7161616161616261616161616161616161617161616161616161616171616161716161616161616161616161616161616161616161617161616161616161616161616161616161616161616161616161616161616161616161616161616161
1616161616161716161616161616161616161617161616261616161616161616161616161616161616161616161616161616161616161616161616161716161616161616161616161616161616161616161616161616161616161616161616
6161616161616161616161616161616161616161616161616161616161616161616161616161616261616161616161616161616161616161616161616161616161616161616161616161616161616161616261617161616161616161616161
1616161616161616161616161616161616161616161616161616161616261616161616161616161616161616161616161616161616161616161616161616171716162616161616161616161616161616161616161616161616161616161616
6161616161616161616161616161616161616161616161616161616161616161616161616161616161616161616161616161616161616161616161616161616161616161617161616161616161616161616161616161616161616161616161
1616161616161616161616161616161616161616161617161616161616161616261616161616161616161616161616161616161616161616161616161616161616161616161616161616171616161616161617161616161616161616161616
6161616161616161616161616161616161616161616161616161616161616161616161617161616161616161616161616161616161616161617161616161616161616161616161616161626161616161716161616161616161616161616161
1616161617161616161616161616161616161616161616161616161616161616161616161616161616161616161616161616161616161616161616161616161616161616161616161616161616161616161616171616161616161616161616
6161616161616161616161616161617161616161616161616161616161616161616161616161616161616161616162616161616161616161616161616161626161616161616161616161616161616161616161616161616161616161616161
1616161616161716161616161616171616161616161616161616161616161616161616161616161616161616161616161616161616161626161616161616161616161616161617161616161616161616161616161616161716161616161616
6161616161616161616161616161616161616161616161616161616161616161616161616161617161616161616161616161616161616161616161616161616161616161616161616161616161616161616161616261616161616161616161
1616161616161617161616161616161616161616161616161616161616161626161616161616161616161616161616161616161616161616161616161616161616161616161616161616161616161616161616161616161616161616161616
6161616161616161616161616161616161616161616161616161616161616161616161616171616161616161616161616161616161616161616161616161616161616161616161616161616161616171616161616161616161616161616161
1616161616161616161616161616161616161616161616161616161616161616161616161616161616161616161616261616161616161616161616161616161616161616161616161616161616161616161616161616161716161616161616
6161616161616161616161616161616161616161616161616161616161616161616161616161616161616161616161616171616161616161616161616161616161616161616161616161616161616161627161716161616161616161616161
1616161617161616161616161616161616161716161616161616161616161616161616161616161616161616161616161616161616161616161616161616161617261616161616161616161616161616162616161617161616161616161616
6161616161616161616161626161616161616161616161616161616161616161616161616161616161616161616161616161616161616161616161616161616161616161616161616161616161616161616161616161617161616161616161
1626161616161716161616161616161616161616161616161626161616161616161616161616161617161616161616161616161616161616161616161616161616161616161616161616161616161616161616161616161616161616161616
6161616161616161616161616161616161616161616161616161616161616161616161616161616161616161616161616161616161616161616171616161616161616161616161616161616161616161616161616161616161616161616161
1616171616161616161616161616161616161626161616161616161626161616161616161616171616161616261616161616161616161616161616161616161616161616161616161616161616161616161616161616161616161616161616
6161616161616161616161616161616161616161616161616161616161616161616161616161616161616161616161616161617161616161626161616161616161616161616161616161616161616161616161616161616161616161616161
1616161616161616161616161616161616161616161616161616161616161616161616161616161616161616162616161616161616161616161616161616161616161616161616261616161626161616161616161616161616161616161616
6161616161616161616161616161616161716161616161616161616162616161616161616161616161616161616161616161616161616161616161616161616161616161616161616161616161616161616161616161616161616161616161
1616161616161626161616161616161616161616161616161616161716161616161616161616161616161616161616161616161616161616161616161616161616161616161616161616162616161616162616161616161616161616161616
6161616161616161616161616161616161616161616162616161616161616161616161616161616161616161616161616162616161636161616161616161616161616161616161616161617161617161616161616161616161616161616162
1616161616161616161616161616161616161616161616161616161616161616161616161616161616161616161616161616161616161616161616161616161616161616161616161616161616161616161616161616161616161616261616
6161616161616161616161616162616161616161616161616161617161617161616161616161616161616161616161616161616161616161616161616161616162616171616161616161616161617161616161616171616161616161616161
1616161616161616161616161616161616161616161616161616161616161616161616161626161616161626161616161616161616161616161616161616161616161616161616161616161616161616161716162616161616161616161616
6161616161726161616161616162616162616161616161616161616161616161616161616161616161616161616161616161617261616161616161616161616161616161616161616261616161616161626161616161616161616161616161
1616161616161616161616161616161616161716162616161616161616161616161616161616162616161616161616161616161616161626161616161616161616161616161616161616161616161616171616161616161617161616161616
6261616161616161616161616161616161616161616161616161616161616161616161616161616161626161616161616161616161616161616161616161616161616161616161616161616161616161616161616161616161616161616161
1616161616161616161616162616261616161616161616161616161616161616161616162616161616161616161616161616161616161616161716161616161616161616161616161616161616161616161616161616161616161616161616
6161616161616161616161616161616161616161616161616161616161616161616161616161616161616161616161616161616161616161616161616161616161616161616161616161616161616161616161616161616161716161616161
1616161616161616161616161616161616161616161616161616161616161616161617161616161616161616171616161616161616161616161616161616161616161616161616161616161616161616261616161616261616161616161616
6161616161616161616161616161616161616161616161616161616161626161616161616162616161616161616161616161616161616161616161626161616161616161616161616161616161616161616161616161616161616161616162
1616161616161616161616161616161616161616161616161616161616161616161616161616161616161616161616161616161616161616161616161616161616161616161616161616161616161616161617161616161616161616161616
6161616161616161616161616261616161616161616161616161616161616161616161616161616161616161616161616161716161616161616161616161616161616161616161616161616161616161616161616161616161616161616171
1616171616161616161616161616161616161616161616161616161616161616161616161616161616161616161616161616161616161616161616161616161616171616161616161616161617161616161616161716161616161626161626
6161616161616161616161616161616161616161616161616161616161616161616161616161616161616161616161616161616161616161616161616161616161616161616161616161616161616161616161616161616161626161616162
1616161616161616161616161616161616161616161616161616161616161716161616162616161616161616161616161616161616161616161616161616161616161616171616161616161616161616161616161616161616161616161616
6161616161616161616161616161616161616161616161616161616161616161616161616161616161616161616161616161616161616161616161616161616161616161616161616161616161616161616161616161616161616161616261
1616161616161616161616161616161616161616161616161616161616161616161616161616161616161716161616161616161617161616161626161616161616161616161616161616161616161616161616161616161616161616161616
6161616161616161616161616161616161616161616161616161616161616161616161616161616261616161616161616161616161616161616161616161616161616161616161616161616161616161616161616161616161616161616161
1616261616161616161616161616161616161626161616161616171616161616162616161616161616161616161616161616161616161616161616161616161616161616161616161616161616161616161616161616261616161616161616
6161616161616161616161616161616161616161616261616161616161616161616261616161616161616161616161616161616161616161616162616161616161616161616161616161616161616161616161616161616161616161616161
1616161616161616161616161616161616161616161616161616161616161616161616161616161616161616161616161616161616161616161616161616161616161616161616161616161616161616161616161616161616161616161616
6161616161616161616161616161616161616161616161616161616161626161616161616161616161626161616161616161616161616161616161616161616161616161616161616161616161616161616161616161616161616161616161
1616162626161616161616161616161616161616162616161616161616161616161616161616161616161616161616161616161616161616161616161616161616161616161616161616161616161616161616161616161616161616161616
6161616161616261616161616161616161616161616161616161616161616161616161616161616161626161616161616161616162616161616161616161616161616161616161616161616161616161616161616161616161616161616161
1616161616161616161616161616161616161616161616161616161616161616161616161616161716161616261616161616161616171616161616161616161616161616161616161616161616161616161616161616161616161616261716
6161616161616161616161616161616161616161616161616161616161616161616161616161616161616161616161616161616161616161616161616161616161616161616161616161616161616161616161616161616161616161616161
1616161616161616161616161616161616161616161616161616161616161716161616161716161616162616161616261616161616161616161616161616162616161617161616161616171616161616161616161616161616161816161616
6161616161616161616161616161616161616161616161716161616161616161616161616161616161616161616161616161616161616161616161616171616161616161616161616161616161616161616161616161616161616161616161
1616161616161616161616161616161616161616161616181616161616161616161616161616161616161616161616161616161616161616161616161617161616161616161616161616161616161616161616161616161616161616162616
6161616161616171616162616161616161616162616161616161616261616161616162616161616161616171616161616161616161616261616162616161616161616161616161616161616161616161616161616161616161616161616161
1616161616161626161616161616161616161616161616161616161616162616161616161616161616161616161616161616161616161616161616161616161616161616161616161616161616161626161616161616162616161616161616
6161616161616161616161616161616161616261616161616161616161616161616161616161616161616161616161616161616161616161616161616161626161616161616161616161616161616161616161616161616161616161616161
1616161616161616161616161616161616161616161616161616161616161616161616161616161616161616161616161616161616161616161616161616161616161616161616161616161616161616161616161616161616162616161616
6161716161616161616161616161616161616261616161616161616161616161616261616161616161616161616161616161616161616161616161616161616161716161616161616161616161616161616161616161617161616161616161
1616161616161616161616261616161616162616161617161616161616161616161616161616161616161616162616161616161616161616161616161616161616161616161616161616161616161616161616161616161616161616161616
6161616161616161616161617161616161616171616161616161616161616261616161616161616161616161616161616161616161616261616161616161716161616161616161616161616161616161626161616161616161616161616161
1616161616161616161616161616161616161616161616161616161616161616161616161716161616161616161617161616161616161616161616161616161616161616161626161616161616161616161616161616161616161616161616
6161616161616161616261616161616161616161617161616161616161616161616161716161616161616171616161616161616161616161616161616161616161616161616161616161616161616161616161616161616161616161616161
1616161616161626161616161616161616161616161616161616161616161616161616161616261616161616161616161616261616161616161616161616161616161616161616161616161616161616161616161616161616161616161616
6161616161616161616161616161616161616161616161616161616161616161616171616161616161616161616161616161616161616161616161616161616161616161616161616161616161616161616161616161616161616161616161
1616171616161616161616161616161616261616161616161616161616161616161616161616161616161616161616161616161616161616161616161616161616161616161616161616161616161616161616161616161616161626161616
6161616161616162616161616161716161616161616161616161616161616161616161616161616161616161616161616161616161617171616161616161616161616161616161616161616161616161616161616161616161616161616161
1616161616161616161616161616161616161616161616261616161616161616161616161616161616161616161616161616161616161616161616161616161616171616161616161616161616161616161616161616161616161616161616
6161616161616161616161616161616161616161616161616161616161616161616161616161616161616161616161616161616161616161616161616161616161616161616161616161617161616161616161617161616161616161616161
1616161616161616161616161616161616171616161616161616161616161616161616161616161616161616161616161616161616261616161616161616161616161616161616161616161616161616161616161616161616161616161616
6161616161616161616161616161616161616161616262616171616161616161616161616161616161616161616161616161616161616161616161616161616161616161616161616161616161616161616161616161616161616161616161
1616161616161616161616161616161616161616161616161616161616161616161616161616161616161616161616161616161616161616161616161716161616161716161616161616161616161616261616161616161616161616161616
6162616161616161616161616161616161616161616161616161616161616161616161616161616161616161616161616161616161616161616161616161616161616161616161616161616171616161616161616161616161616161616161
1616161616161616161616171616161616161616161616261616161616161616161616161616161616161616161616161616161616161616161616161616161616161626161616161616161616161616161616161616161616161616161616
6161616161616161616161616161616161616161616161616161616161616161616161616161616161616161616261616161616161616161616161616161616161616161616161616161616161616161616161616161616161616161616161
1616161616161616161616161616161616161616161616161617161617161616161616161616161616161616161616161616161616161616161616161616161616161616161616161616161616161616161616161616161616161616161716
6161616161616161616161626181616161716161616161616161616161616161616161616161616161616161616161616161616161616161616161616161616161616161616171616161616161616161616161616161616161616161616161
1616161616161616161616161616162616161616161616161616161616161616161616161616161616161616161626161616161616261616161616161616161616161616161616162616161616161616161616161616161616161616161616
6161616161616161616161616161616161616161616161616161616161616161616161616161616161616161616171616161616161616161616161616161616161616161616261616161616161616161616161616161616161616161616161
1616161616161616161626161616161616161616161616161616161616161616161616161616161616161616161616161616161616161616161616161616161616161616161616161616161616161616161616161616161616161616161616
6161616161616161616161616161616161616161616161616161616161616161616261616161616161617161616161616161616161616161616161616161616161716161616161616161716161616161616161616161616161616261616161
1616161616161616161616161616161616161616161616161616261616161616161616161616161616161616261616161616161616161616161616161616161616161616161616161616161616161616161616161616161616161626161616
6161616161616161616161616161616161616161616161616161616161616161616161616261616161616161616161616161616161616161616161616161616161616161616161616161616161616161616161616161616161616161616161
1616161616161616271616161616161616161616161616161616161616161716161616161616161616161616161616161616161617161616161616161617161616161616161616161616161616161616161616161616161616161616161616
6161616161616161616161616171616161616161616161616161616161617161616161616161616161616161616161616161616161616162616161616161616161616161616161616161616161616162616161616161616161616161616161
1616161616161616161616161616161616161616161616162616161616161616161616161616161616161616161616161616161616161616161616161616161617161616161616161616161616161616161616161616171616162616161616
6161616161616161616161616161616161616161616161616161616161616161616161616161616161616161616161616161616161616161616162616161616161716161616161616161616161716161616161616161616161616161616161
1616161616161616161616161616161616161616161616161616161616161716161716161616161616161616161616161616171616161616161716161616161616161616161616161616161616161616161616161616161616161616161616
6161616161616161616161616161616161616161616161616161616161616161616161616161616161616161616161616161616161616261616161616161616161616161617161616161616161616161616161616161616161616161616161
1616161616161616162616161616161616161616161616161616161616161616162616161616161616161616161616161616161616161616161716161616161616161616161616161616161616161616161616161616162616161616161616
6161627161616161616161616161616161616171616171616161616161616161616161626161616161616161616161616161616161616161616161626161616161616161616161616161616161616161616162616161616161616161616161
1616161616161616161616161616161616161616161616161616161616161616161616161616161616161616161616161616161616162616161616161616161616161616161616161616161616161616161616161616161616161616161616
6161616161616161616161616161616161616161626161616161616161616161616161616161616161616161616161617161616161616161616161616161616161616161616161616161616161616161616161616161616161616161616161
1616161616171616161616161616162616261616161616161616161616161616161616161616161616161616261616161616161616161616161616161616161616161626161616161616261616161616161616161616161616161616161616
6161616161616171616161616162616161616161616161616161616161616161616161616161616161716161616161616161616161616161616161616271616161616161616161616161616161616161616161616161616161616161616162
1616161616161616161616161616161616161616161616161616161616161616161616161616161616161616161616161616161616161616161616161616161616161616161616161616161616161616161616161616161616161616161616
6161616161616161616161616161616161616161616161616161616161616161616161616161616161616161617161616161616161617161616161616161616161616161616161616161616161616161616161616161616161616161616161
1616161616161616161616161626161616161616161626161616161716171616161616161616161616161616161616161616161616161616161616161616161616161616161616161616161616161616161616161616161616161616161616
6161616161616161626161616161616161616161616161616161616161616161616161616161616161616161616161616161616161616161616161616161716161616161716161616161616161616161616161616161616171616161616161
1616161617161617161616161616171616161616161616161616161616161616161616161616161616161616161617161616161616161616161616161616161616161616161616161616161616161616161616161616161616161616161616
6161616161616161616161616161616161616161616161616161616161626161616161716161616161616162616161616161616161616161616161616161716161616161616171616161616161616161616161616161616161616161616161
1616161626161616161616161616161616161616161616161616161616161616161616161616161616161616161616161616161716161616161616161616161616161617161616161616161616161616161616161616161616161616161616
6161616161616161616171616161716161616162626161616161616161616161616161616161616161616161616161616161617161616161616261616161616161616161616161716162617161616161616161616161616161616171617161
1616161616171616161616161616161616161616161616161616161616161616161616161616161616161616161616161616161616161716161616261616161616161616161616161616261616161616161616161616161616161626161616
6161616161626161617161616161616161616161616161616161616161616161616161616161616161616161616161616161616161616161616161616161616161616161616161616161616161616171616161616161616161616161616161
1616161616161616161616162616161616161616161616161616161616161616161616161616161626161616161616161616161616161616161616161616161617161616161616161616162616161616161616161616161616161616161616
6161616161616161616161616161616161616161616161616161616161616161616261616161616161616161616161616161616161616161616161616161616161616161616161617161616161616161616161616161616161616161616161
1616161616161616161626161616161616161616161616161616161616261616161616261616161616161616161616161616161616161616161616161616161616161616161617161616161616161616161616161616161616162616161616
6161616161616161616161616161616161616161717161616171616161616161616161616161616161618161616161616161616161616161616161616161616161616161616161616161616161616161616161616161616161616161616161
1616161616161616161616161616162616161616161616161616161616161616161616161616161616161616161616161616161616161616161616161616161616261616161616161616161616161616161616161616161616161616161616
6161616161616161616161616161616161616161616161616161616161616161616161616161626161616161616161716161616161616161616161616161616261616161616161616161616161616161616261616161616161616161616161
1617161616161616161616161616161616161616161616161616161616161716161616161616161616161616161616161616161616161616161616161616161616161616161616161616161616161616161616161616161616161616161616
6161616161616161616161616161616161616161616161616161616161616161616161616161616161616161616161616161616161616161616161616161616161616161616161616161616161616161616161616161616161616161616161
1616161616161616161616161616161616161616161616161616161616161616161616261616161616161616161616161616161616161616161616161616161616161616161616161616161616161616161616161616161616161616161616
6161616161616161716161616161616161616161616161616161616161616161616161716161616161616161616161616161616161616161616161616161616161616161616171616161616161616161616161617161616171616161616161
1616161616161616161616161616161616161616161616171616161616161616161616161616161616161616161616161616161616171616161616161616161616261616161616161616161616161616161616161616161616171616161716
6161616161716161616161616161616161616161616161616161616161616161616162616161616161617161616161616161616161616161616161616161616161616161616161616161616161616161616161616161616161616161616161
1616161616161616161616161616162616161616161616161616161626161616161616161616161616161616161616161616161616161616161616161616161616161616161616161616161616161616161616161616161616161616161616
6161616161616161616161616161616161716161616161616161616161616161616161616161616161616161616161616161616161616161616161616161616161616161616161616161616161616161616161616161616171616161616161
1616161616161616161616161616162616161616161616161616161616161616161616161616161616161616161616161616161616161616161616161616161616161616161616161616161616161616161616161616161616161616161616
6171616161616161616161616161616161616161616161616161616161616161616161616161616161616171616161616161616161616161616161616161616162616161616161616161616161616161616161616161616161616161616161
1616161616161616161616161616161616161616161616161616161616161616161616161616161616161616161616161616161616171616161616161616161616161616161616161616161616161616161616161616161616161616161616
6161616161616161616161616161616161616161716161616161616161616161616161616262616161616161616161616161616161616161616161616161616161616161616162626161616161616161616161616161616161617161616162
1616161616161616161616161616161616161616161616161616161626161616161616161616161616161616161616161616161616161616161616161616161616161616161616161616161616161616161616171616161616161616161616
6161616161616161616161616161616161616161616161616161616161616161616161616161616161616161616161616161616161616161716161616161616171616161616161616161616161616162616161616161616161616161616161
1717161616161616161616161616161616161616161616161616161616161616161616161616162616161616161616161616161617161616161616161616161616161616161616161617161616161616161616161616161616161616161616
6161616161616261616161616161616161616161616161616161616161616161616161616161616161616161616161616161616161616161616161616161616161616161616161616161617161616161616161616161616161616161616261
1616161616161616161616161716161616161617161616161616161616161616161616161616161616161616161616161616161616161616161617161616161616161616161616161616161616162616161616161616161616161616161616
6161616161616161616171616161616161616161616161616161616161616161616261616161616161616161616161616161616161616161616161616161616161616161616161616161616161626161616161616161616161616161616161
1616161616161616161616161616161616161616161616161616161616161616161616161616161616161616161616161616161616161616161616161616161616161616171616161616161616161616161616161616161616161616161716
6161626161616161616161616161616161616161616161616161616161616161616161616161716161616161616161616161626161616161616161616161616161616161616161616161616161616161616161616161616161616161616161
1616161616161616161616161616161616161616161616161616161616161616161616161616161616161616161616161616161616161616161616161616161616161616161616161616161616161616261616161616161616161616161616
6161616161616161616161616161616161616161616161616161616161616161616161616161616161616161616161616162616161616161616161616161616161616161616161616161616161616161616161616161616161616161616161
1616161616161616161616161616171616161616161616161616161616161616161616161617162616161626161616161716161616261616161616161616161616161616161616161616161616161616161616161616161616161616161616
6361616161616161616161616161616161616162616161616161616261616161616161616161626161616161616161616161616161616161616161616161616161616161616162616161616161616161616161616161616161616161616261
1626161616161616161616161616161616161616171616161616161616161616161616161616161616161616161616161616161616161616161616162616161616161616161616161616161616161616161616161616161616161616161616
6161616161616161616161616161616161616161616161616261616161616161616161616161616162626161616161616161616161616161616161616161616161616161616161616161616161616161616161616161616162616161616161
1616161616161616161616161616161616161616161616161616161616161616161616161716161616161616161616161616161616161617161616161616161616161616161616161616161616161616161616161616161616161616161616
6161616161616161617161616161626161616161616161616161616161616161616161616161616161616161616161616161616161616161616161616261616161616161616161616161616161616161616161616161616161616161616161
1616161616161616161616161616161616161616161616161616161616161616161616161616161616161616161616161616161616161616161616171616161616161616161616161616161616161716161616161616161616161616161616
6161616161616161616161616161616161616161616161616161616161616161616161616161616161616161616161616161616161616161626161616161816161616161616161616161616161616161616161616161616161616161616161
1616161616161616161616161616161616161616161616161616161616161616161616161616161616161616162616161616161616161616161617261616161616161616161716161616161616161616161616161617161616161617161616
6161616161626161616161616161616161616161616161616161616161616161616161616161616161616161616161616161616161616161616161616162616161616161616161616161616161616161616161616161616161616161616161
1616161616161616161616161616161616161616161616161616161616161616161616161616161616161616162616161616161616161716161616161616161616161616161616161616161616161616161616161616161616161616161616
6161616161616161616161616261616161616161616161616161616161616161616161616161616161616161616161616161616161616161616161616161616171616161616161616161616171616161616161716161616161616161616161
1616161616161616161616161616161616161616162617161616161616161616161616161617161616161616161616161616161616171616161616161616161616161616161616161616161616161616161616161616161616161616161616
6161616161616161616161616161626161616161616161617161616161716161616161617161616161616161616161616161616161616162616161616161616161616161616161616161616161616161716161616161616161617161616161
1616161616161616161616161616161616161616161616161616161616161617161616161616161616161616161616161616171616161616161616161616161616161616161616161616161616161616161616161616161616161616161616
6161616161616161616161616161616161616161616161616161616161616161616161616161616161616161616161616161616161616161616161617161616161616161616161616161616161616161616161616161616161616161616161
1616161616161616161616161616161616161616171616161616161616161616161616161616161616161616161617161616161616161616161616162716161616161626161616161616161616161616161616161616161616161616171616
6162616161616171616161616161616161616161616161616161616162616161616161616161616161616161616161616161616161616161616161616161616161616161616161616161616161616161616161616161616161616161616161
1616161616161616162616161616161616161616161616261616161616161616161616161616161616161616161616161616161616161616162616161616161616161616161616161716161616161616161616161616161616161616161616
6161616161616161616161616161616161616161616161616161616161616161616161616161616161616161616161616162616161716171616161616161616161616161616161616161616161616161616161616161616161616161616161
1617161616161616161616161617261616161616161616161616161616161626161627161616161616161616161616161616161616161616161616161616161616161616161616161616161616161616161616161616161616161616161616
6161616161616161616161616161616161616161616161616161616161617161616161616161616161616161616161616161616171616161616162616161616161616161616161616161616161616161616161616161616161616161716161
1616161616161616161616161616161616161616161616161616161616161616161616161616161616161616161617161616161616161616161616161716161716161616161616171616161616161616161617161616161616161616161616
6161616161616161616161616161616161616161616161616261616161616161616161626161616161616161616161616161616161616161616161616161616161616161616161616161716161616161616161616161616161616161616161
1616161616162616161616161616161616161616161616161616161616161616161616161616161616161616161616161616171616161616161616161616161616161616161616161616161616161616161616161616161616161616161616
6161616161616161616161616161616161616161616161616161616261616161616161616161616161616161616161616161616161616161616161616161616162616161616161616161626161616161616161616161616161616161616161
1616161616161616161616161616161616161616161616161616161616161616161616161616161616161616161716161616161616161616161616161616161616161616161716161616161616161616161616161616161616161616161626
6161616161626161616161616161616161616161616161626161616161616161616161616161616161616161616161616161616161616161616161616161616161616161616161618161616161616161616161616161616161616161616161
1616161616161617161616161616161616161616161616161616161616161716161616161616161616161616161616161616161616161616161616161616161616161616161616161616161616161616161616161616161616161616161616
6161616161616161616161616161616161617161616161626161616161616161616161616161616161616161616161616161716161616161616161616162616161616161616161616261616161616161616161616161617161616161616161
1616161616161616161616161616161616161616161716161616161616161616161616161616161616161616161616161616161616161616161616161616161616162616161616161616161616161616161616161616161616161616161616
6261616162616161616171616161616261616161616161616161616161616161616161616161616161616161616161616161626161616161616161616161617161616161616171616161616161616161616161616161616162616161616161
1616161616161616161716161616162616161616161616161616161616161616161616161616161616161616161616161616161626161616161616161616161616161616161616161616161616161616161616161616161616161616161616
6161617161616161616161616161616161616161616161616161616161626161616161616161616161616161616161616161716161616161616161616161616161616161616161616161616161616161616161617161616161616161616161
1616161616161616161616161616161616161616161616161616161616161616161616161616161616161616161616161616161616161616161616161616171616161616161616161616161616261616161616161616161616161616161616
6161616161616161616161616161616161616161616161616161616161616162616171616161616161616161616161616161616161616161616161616161616161616161616161616161616161616161616161616161616161616161616161
1616161616261616161616161616161616161616161616171616161716161616161616161616161616161616161616171616161616161616161616161616161616161616161616161616161616161616161616161616161616161616171616
6161616161616161617261616161616161616161616161616161616161616161616261616161616161616161616161616161616161616161626161616161616161616161616161616161616161617161616161616161616161616161616161
1616161616161616161616161616161616161616161616161616161616161616161616161616161616161716161616161616161616171616171616161616161616161616161616161616161616161617161616161616161616161616161616
6161616161616161616161616161616161616161616261616161616161616161616161616161616161616161616161616161616161616161616161616161616161616161616161616161616162616161616161616161616161616161616161
1616161616161616161616161616161616161616161616161616161616161616161616161616161616161616161616161616161616161616161616261616161616171616161616161616161616161616161616161616161616161616161616
6162616161616161616161616161616161616161616161616161616161616161726161616161616161616161616161616161616161616161616161616161616161616161616161616161616161616161616161616161616161616161616161
1616161616161616161616161616161616162616161616161617161616161616161616161616161616161616161616161616161616161616161616161616161616161616161616161616161616161616161616161616161616161716161616
6161616161616161616161616161616161617161616161616161616161616161617161616161616161616161616161616161616161616161616161616161616161616161616161616161616161616161616161616161616161616161616261
1616161616161616161616161616161616161616161616161616161616161616161616161616161616161616161616161616161616161616161616161616161616161616161616161616161616161616161616161616161616161616161616
6161616171616161616161616161616161626161617161616161616161616161616161616161616161616161616161616171616161616161616161626161616161616161616161616161616161616162616161616161616161616161616161
1616161626162616161616161616161616161616161616161617161616161616161616161616161616161616161626161616161616161616161616161616161616161616161616161616161616161616161616161616161616171616161616
6161616161616161617161616161616161616161616161616161616161616161616161616161616161616161616161616161616161616161616161616161616161616161616161616161616161616161616161616161616161626161616172
1616161616161616161616161616161616161616161616161616161616161626161616161616161616161616161616161616161616161616161616161616161616161616161616161616161616161616161616161616161616161616161616
6161616161616161616161616161616161616161616161616161616161616161616161616161616161616261616161616161616161616161616161616161616161616161616161616161616161616161616161616161616161616161616161
1616161616161616161616161616161616161616361616161626161616161616161616161616161616161616161616161616161616161616161616261616161616161616161616161616161616161616161616161616161616161616161616
6161616261617161616161616161616161616161616161616161616161616161626161616161616161616161616161616161616161616161616161616161616161716161616161616161616161616161616161616161716161616161616161
1616161616161626261616161616161616161616161616161616161616161616161616161616161616161616161616161616161616161616161616161616161616161616161616161616161616161616161616161616161616161716161716
6161616161616161616161616161616161616161626161616161616161616161626161616161616161617161616161616161616161616161616161616161616161616161616161616161617161616161616161616161616161616161616161
1616161616161616161616161616171616161616161616161616161616161616161616161616161616161616171616161616161616161716161616161616161616161616161616161616161616161616161616161616161616161616161616
6161616161616161616161616161616161616161617161616161616161616161616161616161616261616161616161616171617161616161616161616161616161616162616161616161616161616161616161616161616161616261616161
1616161616161616161616161616171616161616161616161616161616161616161616161616161616161616161616161616161616161616161616161616161616161616161616161616161616161616161616261616161616161626161616
6161616161616161716161616161616161616161616161616161616161616161616161616161616161616161616161616161616161616161616161616161616161616161616161616171616161616261616161616161716161616161616161
1616161616161616161716161616161616161616161616161616161616161616161616161616161616161616161616161617161616161616161616161616161616161616161616161616172616161616161616161616161616161616161616
6161616161626161616161616161616161616161616161616161616161616161616161616161616161616161616161616161616161616161616162616161616161616161616161616161616161616161616161616161616161616171616161
1616161616161616161616161616161616161616161616161616261616161616161616161616161616161616161616161616161616161616161616161616161616161616161616161616161616161616161616161616161616161616161616
6161616161616161616161616161616161616161617161616161616161616161616161616161616161616161616161616161616161616161616171616161616161616161616161616161616161626161616161616161616161616161617161
1616161616161616162616161616161616161616161616161616161616161616161616161616162616161616161617161616161616161616161616161616161616161616161616161616161616161616161616161616161616161616161616
6161616161616161616161616161616161616161616161616161616161616161616161616162616161616161616161616161616161617162616161616161616161616161616161616161616161616161616161616161616161616161616161
1616161616161616161616161616161616161616171616161616161616161616261616161616161616161616161716161616161616161616161616161616161616161616161616161616161616161616161616261616161616161616261616
6161616161616161616161616171616161616161616161616161616161616161616161616161626171616161616161616161616161616161616161616161616161616161616161616161616161616161616161616161616161617161616161
1616161616161616161616161616161616161616161616161616161616171616161616161617161616161616161616161616161616161616161616161616161616161616161616161616161616161616161716161617162616161616161616
6161616161626161616161616161616161616161616161616161616161616161616161616261616161616161616161616161616161616161616161616161616161616161616161616161616161616161616161616161616161616161616161
2616161616161616161616161616161616161616161626161616161616161616161616161616161616161616161626161616161616171616161616161616161616161616161616161616161616161616161616161616161616161616161616
6161616161616161616161616161616161616161616161616161616161616161626161616161616161616161616161616161616161616161616161616161616161616161616161616161616161616161616161616161626161616161616161
1616161616161616161616161616161616161616161616161616161616161616161616161616161616161616161616161616171616161616161616161616161716161616161616161616161616161616161616161616161616161616161616
6161616161616171616161626161616161616161616161616161616161616161616161616161616161616161616161616161616161616161616161616161616161616161616161616161616161616161616161616161616161616161616161
1616261616161616161616161616161616161616161616161616161616161616161616161616161616161616161616161616161616161616161616161616161617162617161626161616161616161616261616161616161616161616161616
6161616161616161616161616171616161616161616161726161616161616161616161616161616161616161617161616161616161616161616161616161616161616161616161616161716161616161616161616161616161616161616161
1616161616161616161616161626161616161616161616161616161616161616161616161616161616161616161616161616161616161616161616161616161616161616161616161616161616161616161616161616161616161616161626
6162616161616161616161616161616161616161616161616161616161616161616161616161616161616161616161616161616161616161616161616161616161616161626161616161616161616161616161616161616161616161616161
1616161616161616161616161616161616161616161616161616161616161616161616161616161616161616161616171616161616161616161616161616161616161616161716161616161616161616161616161616161616161616161616
6161616161616161616161616161616161616161616161616161616161616161616161616161616161616161616161616161616161616161616161616161616161616161617161616161616161616162616161616161616161616161616161
1616161616161616161616161616161616161616161616161616161616161616161616161616161616161616161616161616161616161616161616161616161616161616161616161616161616161616161616161616161616161616161616
6161616171616161716261616161616161616161616161616161616161616161616161616161616161616161626161616161616161616161616161616161616161616161616161616161616161616161616161616161617161616161616161
1616261616161616161616161716161616161616161616161716161616161616161616161616161616162616161616161616161616161616161616161616161617161616161616161616161626161616161616161616161616161616161616
6161616161616161616161616161616161616161616161616161616161616161616161616161616161616161616161616161616161616161616161616161616261616162616161616161616162616161616161616161616161616161616161
1616161616161616161616161616162616161616161616161616161616161616161616161616161616161616161616261616161616161626161616161616161616161616161616261616161716161616161616161616161616161616161616
6161616161616161616161616161616161616161616161616161616161616161616161616161616161616161616161616161616161616171616161616161616161616161616161616161616171616161616161616161616161616261616171
1616161616161616161616161616161616161616161616161616161616161616161616161616161616171616161616161616161616161616161616161616161616161616161616161616161616161616161616161616161616161616161616
6161616161616161616161616161616161616161616161626161616161616161616161616161616161616161616161616161616161616161616161616161616161616161616161616161616161616161616161616161616161616261616161
1616161616161616161616161616161616161616161616162616161616161616161616161616161616161616161616161616161616161616161616161616162616161616161616161616161616161616161616161616161616161616161616
6171616161616161616161616161616161616161626161616161616161616161616161616161616161616161616161616161616161617161616161616161616161616161616161616161616161616161616161616161616161616161616161
1616161616161616161616161616161616161626161616161616161616161616161616161616161616161616171616161616161616161616161616161616161616161616161616161616161616161616161616161616161616161616161616
6161616161616161616161616161616161616161616161616161616161616161626161616161616161616161616161616161616161616161616161616161616161616161616161616161616161616161616161616161616161616161616261
1616161616161616161616161616161616161616161616161616161616161616161616161616162616161616161616161616162616161616161616161616161616161616161616161616161616161616161616161616161616161616161616
6162616161617161616161616161616161616161616161616161616161616161616161616161626161616161616161616161626161616161616161616161616161616161616161616161616162616161616161626161616161616161716161
1616161616161616161616161616161616161626161616161626161616161616161616171616161616161716161616161616161616161616161616161616161616161616161616161616161616161616161616161616161616161616171616
6171616161616161616161616161616161616161616161616171616161626161616161616161616161626161616161616161616161616161616161616161616161616161616161616161616161616161616161616161616161616161616161
1616171616161616161616162616161616161616161616161616161616161616161616161616161616161616161616161616161616161616161616161616161616161616161616162616161616161616171616161616161616161616161616
6161616161616161616161616161616161616161616161616161616161616161616161616161616161616161616161616161616161616161616161616161616161616161616161616161616161616161616161616161616161616161616161
1616171616161616161616161616161616161616161616161616161616161616161616161616161616161616171616161616161616161616161616161616161616162616161616161616161616161616161616161616161616161616171616
6162617161616161626161616161616161616161626161616161616161616161616161616161616161616161616161616161616162616161616161616161616161616161616161616161616161616161616161616161616161616161616161
1616161616161616161616161616161616161616161616161616161616161616161616161616161616161616161616162616161616161616161616161616161616161616161616161616161616161617161616161616161616161616161616
6161616161616161616161616161616161616161616161616161616161616161626161616161616161616161616161616161616161616161616161616161616161616162626161616161626161616161616161616161616161616161616161
1616161616161616161616161616161616161616161616261616161616161616171616161616161616161616161616161616161616161616161616161616161616161626161616161616161616161616161616161716161616161616161616
6161616161616161616161616161616161616161616161616161616161616161616261616161616161616161616161616161616161616161616161616161616161616161616161616161616161616161616161616161616161616161616161
1616161616161616161616161616161616161616161616161616161616171616161616161616161616161616161616161616161626161616161616161616161616161616161616161616161616161616161616161616161616161616161616
6161716161616161616161616161616161616161626161616161616161616161616161616161616161616161616161616161616161626161616161616161616161616161616161616161616161626161616161616161616161616161616161
1616161616161616161616161616161616161616161616161616161616161616161616161616161616161616161616161616161616161616161616161616161616161616161616161616161616161616161616161616161716161616161616
6161616161616161616161616161616161616161616161616161616161616161616261616161616161616161616161616161616161616161616161616161616161616161616161616171716161616162616161616161616161616161616161
1616161616161616161616161616161616161616161616161616161616161617161616161616161626161616161616162616161616161616161616161616161616161616171617161616161616161616161616161616161616161616161616
6161616161616161616161626161616162616161616161616161616161616161616161616161616162616161616161616161616161616161616161616161617161616161616161616161616161616161616161616161616161616161616161
1616161616161616161616161617161616161616161616161616161616161617161616161616161616261616161616161616161617161616161616161616161616161616161616161616161616161616261616171616161616161616161616
6161616161616161616161616161616162616161616161616161616161616161616161616162616161616161616161616161616161616161616161626161616161616161616161626161616161616161616161616161616161616161616161
1616161616161616161616161616161616161616161616161616161616161616161616161616161616161616161616161616161616161616161616161616161616161616161616162616161716161616161616161616161616161616161616
6161616161616161616161616161616161616261616161716161617161616161616161616261616161616161616161616161616161616161616161616161616161616161616162616161616161616161616161616161716161616161616161
1616161616161616161616161616161616161616161616161626161616161616161616161616161616161616161616161616161616161616161616161616161616161616161617161616161616161616161616161616161616161617161616
6161616161616161616161616161616161616161616161616261616161616161616161616161616161616161616161616161616161616161616161616161616161616161616161616161616261616161616161616161616161616161616161
1616261716161616163616161616161616161616161616161616161616161616161616161626161616161616161616161616161617161616161616162617161616261716161616161616161616161616161616161616161616161616161616
6161616161616161616161616161616161616161616161616161616161616161616161616161616161616161616161616161716161616161616171616161616161616161616161616161616161616161616161616161616161616161616161
1616161616161616161616161616161616161626161616161616161616161616161616261616161616161616161616161616161616161616161616161616161616161616161616161616161616161616161616161616161616161616161616
6161616161616161616161716161616161616161617161616161616161616161616161616161616161616171616161616161616161616161616162616161616161616161616161616161616161616161616161616161616161616161617161
1616161616161616161616161616161616161616161616161616161616161616161616161616161616161616161616161616161616161616161616161616161616161616161616161616161616161616161616161616161616161616161616
6161616161616161616161616161616161616161716161616161616161616161616161616161616161616161616161616161616161716161616161616161616161616161616161616161616161616161616161616161616161616161616161
1616161616161616161616161616161616161616161616161616161626161616161716171616161616161616161616161616161616161616161616161616161616161626161616162616161616161616161616161616161616161616161616
6161616161616161616161616161616161616161616161616161616161616161616161616161616161616161616161616161616161616161616161616161616161616161616161616161616161616162616161616161616171616161616161
1616161616161616161616161616161626161616162616161716161616161616161616161616161616161616161616161616161616161616161616161616161616161616161616161616161616161616161716161616161616161616161616
6161616161616161616161616161616161616161616161616161616161616161616161616161616161616161616161616161616161616161626161616161616161616161616161616161616161616161616161616162616161616161616161
1616161616161616161616161616161616161616171616161616161616161616161616161616161616161616161616161616161616161616161616161616161616161616161616161616161616161616161616161616161616161616161616
6161616161616161616161616161616161616161616161616161616161616161616161616261616161616161616162616162616161616161616161616161616161616161616161616161616161616161616161616161616161616161616161
1616161616161616161616161616161616161616161616161616161616161616161626161616161616161616161616161616161616161616161617161616161716161616161616161616161616161617161616161616161616161616161617
6161616161616161616161616161616161616161616161626161616161616161616161616161616161616161616161616161616172616161616161616161616161616161616161616161616161616161617161616161616161616161616161
1616161616171616161616161616161616161616161616161616161616161616261616161616162616161616161616161616161616161616161616161616161616171616161616161616161626161616161616161616161616161616161616
6161616161616161626161616161616161616161616161616161616161616161616161616161616161616161616161616161616161616161616161616161616162616161616161616161716161616161626161616161616161616161616161
1616161616161616161616161616161616161616161616161616161616161616162616161616161616161716161616161616161616161616161616161616161616161616161616161616161616161616161616161616161616161616161616
6161616161616161616161616161616161616161616161616161617161616171616161616161616161616161616161616161616161616161616161616161616161616162616161616161616161616161616161616161616161616161626161
1616161616161616161616161616161616161616161616161616161616161616161616161616261616161616161616161616161616161616161616161616161616161616161616161616161616161616161616161616161616161616161616
6161626161616161616161616161616161616161616161616161616161616161616161616161616161716162616161616161616161616161616161616161616161616161616161616161616161616161616161616161616161616161616161
1616161616161616161616161616161616161616161616161616161616161616161616161616161616161616161616161616161616161616171616161616161616161616161616161616161616161616161616161616161616161617161616
6161616161616161616261616161616161616161616161716161616161616161616161616161716161616161616161616161616161616161616161616161616161616161616161616161616161616161616161616161616161616161616161
1616161616161616161616161616161616161616161616161616161616261616161616161616161616161616161616161616161616161616161616161616161616161616161616161616161616171616161616161616161616161616161716
6161616161616161616161616161626161616161616161616161616161616161616161616161616161616161616171616161616161616161616161616161616161616161616161616161616161616161616161616161616161616161616161
1616161616161616172616161616161616161616161616161616162616161616161616161616161616161616161616161616161626161616161616162616161616161616161616162616161616171616161616161716161616161616161616
6161616161616161616161616161616161616161616171616161616161616161616161616161616161616161616161626161616161616161616161616161616161616161616161616161616161616161616161626161616161617161616261
1616161616161616161616161616161616161616161616161616161616161616161616161716161616161616161616161616161616161616161616161616161616161616161616161616161616161616161616161716161616161616161616
6171616161616161616161616161616161616161616161616161616161616171616161616161616161616171616161616161616161616161616161616161616161616161616161616261616161616161616161616161616161616161616161
1616161616161616161616161616161626161616161616161616161616161616161616161616161616161616161616161616161616161616161616161616161616161616161616161616161616161616161616161616161616161616161616
