280 190
0123456789012345678901234567890123456789012345678901234667890123456789012345678901234567890123456789012345678901234567890123456789012345678901234567990123456789012345678901234567890123456789
1234577890123456789012345678901234567890123456789012345678901234567890123456789012345678901234567890123456789012345678901234567890123456789012345678901234567890123456789012345678901234567890
2345678901234567890123456789012345679001244567890123456789012345678901234667890123456789012345778901234567890123456789012345678901234567890123466789012345678901234567890123456789012345678901
3456789012345678901234567890123456789012345678901234567890123456789013345778001234567890123456789012345678901234567890123456789012345678901234567890123456789012345678901234567890123456789012
4567890123456789012345678901234567890123456799012345678901234567890124456789012345678901234567890123456789012345678901244567890123456789012345678901234567890124456789012345678901234567890123
5678901234567890123456799012345678901234667890123456789012345678901234567890123456789012345678901334577890123456789012345678902234567990123456789012345678902234567890123456889012346679901234
6789012345678901234567890123456789012345678901234567890123456789012345678901234567890123456789012345678901234567890123456789012345678902234667890123456789012345678901234567890123456789012345
7800223456789012345678901234567890123456789012345678901244567890123456789012345678911234567890133456789012345678901234567890123456789012345678901234567890123456889012345678901234567890123456
8901234567890123456789012345678901234567890123456789012345678901234567890123456789012345678901244567890123456789012345678901234567890123456789012345678901234567890123456789012345678901234567
9012345678901234567890123456789012345678901234567890123456789012345678901234567890123456789012345678901234567890123456789012345678901234567890123456789012345678901234567890123456789012345688
0123456789012345678901234567890123456789012445678901234567890123456789012345678901234567890123456789012345678901234567890123456789012345678901234567890123456789012345678901234567890133456789
1234567890123456789012345778901234567890123456789012345678901234567890123456789012345678901234567890123456789012345678901234567890123456789012345678901234567890123456789012345678001234567890
2345678901234567890123456789012345678901234567890123456789012345678901235567890123456789012345678901234567800123456789012345678901234567890123456789012345678901234567890123456789012345678901
3456789012345678901234567890123457789012345678901234567890123456789012346678901234567890123456789012345678901234567890123456789012345678901234567890123456789012345678901234567890123456789012
4567890123456789012345678901234567890123456789012345678901234567990123456780012345678901234567890123456789012345678901234567890123456889012345678901234567890123456789012345678901234567890123
5678901234567890123456789012345678901234567890123456780012345678901234567890123456789012345678901234567890123456789012345678901234567890123456789012345678901234567890123456789012345678901234
6789012345678901234567890123456789012345678001234567890123456789012345678901234567890123556789012345678901234567890123456789012345678901234567890123456780012345679901334567890123466789012446
7890123456789012345678901234567890123456789012345678901234567890123456789012345678901234577890223456789012345678901234567890123456789012345678901234567890123456789012345678901234567890123456
8901234567890124456789012345678901234567890123456789012345678901234667890123456789012345678911234567890123456789022345678911234567890123456789012345678901234567890123456799012345678901234567
9012345678901234567890123456789012345678901244567890123456789012345678901234567890123456789012345678901234567990123456789012345678901334567890123456789012345678901234567890123456789012345678
0133456789012345678901234567890123456789012345678911234567890123456789012345678901234567890133456789012345678901234567890123456780012345678901234567890123456789012345678901234567890123456789
1234567890123456789012345678901234567890123456789012345678901234567890123456789012345678901234567890123456789012345678901234567890123456799012345678901234567890123456789012355678901234567890
2345678901234567890123456789012345678902234567890123456789012345678901235567890123456789012345678901234567890123456789012345678901234567890223456789012345678901234567890123456789012345678901
3456789012345678901234567890123456789012345678901234567890223456789012345678901234567890123456789012345679901234567890124456789013345678901234567890123456789012345678901234567890123456780012
4567890123456789012355678901234567890123456789012345678901234567890123456789012345678901234567890123466789012355678901234567890123456789012345678901234567890123456789013345678901234567890123
5678901234567990123456789012345688901234567890123456789012345678901234567890123456789012345678901234567890123456789012345678901234567890123456789012345678901244567890123456789012345678901234
6789012345678901234567890123456789012345678901234567890123456789012345678901234567890123456790012345679901234567890123456789012345678901234577890123456789012345678901234567890123456789012345
7890123456789012345678901234567890123456789012345678901234567890123456799012345678901234567890123456789012345678901234567890123456789012345678901235667890123456789012345678901234568890123456
8901234567890123456789012345778901234567990123456789012345678901334567890123456789012345678901234567890123456789012345678901234567890123456789012345678901234567890123456789012345678901234567
9012345678901234567890123456789012345678901234567890123456789012345678901234567890124456789012345678901234567890123456789012345678901234567890123456789012345678901234567800123456889012345678
0123456789012345678901234567890123456789012345678901234567890123456789012355678901234567890123456789012345678901234567890123456789012345678901234567890123456789012345678901234567890123456789
1235567890133456789012345678901234567890123466789012345678901234567890123456789012345678901234567890123456789012345678901234567890123456789112345678901234567890123456789012345678901234567890
2345678901234567890123456789012345678901234567890123456789012345678901234567890123456789012345678901234567890123456789012345678901234567990123456789012345678901234577890123456789012345678901
3456789012345678901234567890123456789012345678901234567890123456789012345678901234567890123456789012345678901234567890123456789012345678901234577890123456789012345678001234567890123456789012
4667890123456789012346678901234567890123456789012345678901234567890123456789012345678901234567890123556789012345678901234577890123456789012345678901234568890123566789012345678901234567890123
5678901234567890123456789012345678901234567890123466789012345678901234567890123457789012345678001234567890123456789013345678901234567890123456789012345678901234567890123457789012345678901234
6789012345678901234567890133456789012345678901234567890123456789012345678901234567890123456789012355678901234567890133456789012445678901234567890123556789012345678901234567890123456889012345
7890123456789012345678901234567890133466789012345678901234567890123456789012346678901234567890123456789012345678901234567890123456789012345678901234567890123456789012345678901234567890123456
8901234567890123456789012345678901234567990123456789012345678901234567890123456789012345678901234567890123456789012345678911234567890123456789012345678902234567890123456789013345678901234567
9012345678901234567890123456789012345678901234567890123456789012345678901234567890123456789012345678901234567890123457789012345678001234567890123456799012345678901235567890123456789012345678
0123456789012345678901234567890123456789012345678901234567890123456789012345678901234567890123456789012345678901234567890123456789012345678901234567890123456789012345678901234567890123457789
1234567890123456789012345678901234567990123456789012345678901234667890123456789012345678901234567890123456789012345678901234567890123456889012345678901234567890123456789012345678901234567890
2345678901234577890123456789012345678901234567890123456789013345678901234567890123456789012345678901234567990123456789012345678901234567890123456789012345678901234567890123456789012345678901
3456789012345678901234567800123456789012345678901234567890123456789012345678901234667890123456789012345678901234567890123456789012345678901234567890123456789012345678901234567890123456789012
4567890123456789012345678901234567890123456789012345678901234567890123456789012345678901234567890133456789012345678901234567890123456789012345678901234577890123456789012345678901234567890123
5678901234567890123456789012345678901234567890123456789012345678901234567890123456789012345678911235567890123456789012445678901234567890123456789012345678901234568890123456789012345678901234
6789012345678901234567890123456789012345678901234567890123456780012345678901234567890123457789012345678901234567890123456789012345678901234567890123456789012345678901234567890123456789012346
7890123456789012345678901234567890124456789012345678901234567890123456789112345678901234567890123456789012345678901234567890123456789012345778901234567890123456789012345678901234567890123456
9901234567890123456789012345678901244567890123456789012345678001234567890123456789012345678901234567890123456789012345778901244567890123456789012345678901234567890123456789012345678901234567
9012345678901234567890123456789012345678902234567890123456789012345678901234567890123456789012345678901234567890123456789012345678902234567890123456789012345678901234577890123456789012345678
0123456789012345678901234568890123456789012345678901234567890123456789012345678901234567890123456789012345678901234567890123456789012345678901234567890123456789012345678901234567890123456789
1235567800123456789012345678901234567890123456789012345678001234567890123456789012345678901234667890123456789012345678901234567890123456789012355678901234567890123466789012345678901234567890
2345678901234567890123457780112345678901234567890123456789012345678901234567890123456789012345678901234567890123456789012345678901234567890123456789012345678901234567890123456789012345678901
3456789012355678902234567890123456789012345678901234567890123466789012345678901234567890123456789012345679901234567890123456789112345678901234567890123456789012345678901234567890123456789012
4567890123456789012345678901234567890123456789023445678901234567890123456789012345678901234567890123456789012345678901234567890123456789012345678001234567890123456789012345678901234567890123
5678901234567890123456789012345678901234567890123456789012345678901234567890123556789012346678901234567890123456789012345678901234567890123456789012345688901234567990123457789012345678901234
6789012345678901234567890124456789012345678901234567890123456789012345678901234567890123456789012345678901234667890123456789012345678911234567890123456789012345678901234567890123456789022345
7890123456789012345678001234567890133456789012345678911234567890123456789012345678901234567890123456789012345678901234567890123456789022345678901234567890123456789012345678901234567890123456
8901234567890123456789012345678901234567890123456789012445678901234567890123456789012345678901234567890123456789012345678901234567890123456789012345678901234567890123456789012345678901234567
9012345678901234567890123456789012345678901234567890123456789012345678901234567890123456789012345678901234567890123456789012345678911234567890123456789012345678901234567890123456789012345678
0123456789012345678901234567890123456789012346678901234567890123456789012355678901234568890123456789012445678901234567890123456789012345678901244567890123456789012345678901234567890123456789
1234567890123456789012346678901234567890123456789012345678901234567890123456789012345678901234567890123456789012345678901234577890123456789012345678901234567890123456789012345678901234567890
2345678901234567890123456789012355678901234567890123456799012345678901234567890123456789012345678901234567890123456789012345678901234567890123456889012345678901234567890224456789012345678901
4456789012345678901234567890123456789012345678901234577890123456789012345688901235667890123456789012345678901234567890123456789012345678901334567890123458789012345678901234567890123456799012
4567890123456789012345678901234567890133456789012345678901234567890123456789013345678901234567890123456789012345678901234567890123456789012345678901234567890123456789012345678901234567890123
5778901234567890123456789012345678901234567890123456789012345678901234567890123456789012345678901234567890123456789012345678901334567890123456789012345678901234567890123456789012345678901234
6789012345678901234567890123456789012345678901234567890133456789012345678901234567890123456789012345678901234567890123456789012345678001234567890123456789012345678901234567890123456789012345
7890123456789012345678901234577890123456789012345678901234567890123456789012345678901234567890123456789012345678901234567890123456789012345678901234567890123456789012345678902234567890123456
8901234567890123456789012345678901234567890123456789012345678901234567890123456789012345678901234567890123457789012345678901234567890123456789012345678901234567890123456789012345678901234567
9012345678901234567891123456789012345678901234567890123456789012345678901234567890123456789012345678901234567890124456789012345688901234567890123456789012355678901234567890123456789012345678
0123456789012346678901234567890123456789012345678901234567890123456789012345678901234567890123456789012345678901234567890123456789012345678901234567890123456789012345678901234567890123456789
1234567890123456789012345678901234567890133456789012345678901234567890123456789012345678901234567890123456789012345688901234567900123456789012345678901234567890123456789012345678911234567890
2345678902234567890123456789012345678901234567890123466789012345678901234567890123456789022345678901234567890123456789012345678911235567890123456789012345678901234567890123456789012345778901
3456789012346678901234567890123456789012345678901234567890123456789012345678901235567890123456789012345678901234567890123456789012345678901234567890123456789012345678901234567890123456789012
4567890123456789012345678901234567890123456789012345678901234567890123456789012345678901234568890123456789012346678901234567890123456789012346678901234567890123456789012345778901234567890123
5678901234567890123456789012345678901234567890123456789012345678901234567890123456789012345678901234567890123456789012345678901234567891123456789012345678901234567890123456789012345678901234
6799012345678901234567890123456789012345678901234567890123456789012345678901234567990123456789012345678901234567890123456789012345678901234567890123456799012345678901334567890123456789012345
8890123456789012345679901234567890123456789012345678901234567890123456789012345678901234567890123456789012345678901234567890123456789012345678901234567890123456789012345678901234567890123456
8901234567890123456789012345678901234567890123456789012345678901234567890123456789012345778901234567890123456789012345678901234567890123456789012345678901234567890123456789012345678901234567
9012345678901234567890123456789012345678901234567890123456789012345678901234567890123456789012346678901234567890123456789012345678901234567890123456789012345678901234567890123456789012345678
0123456789012345678901234567890123456780012345678902334567890123456789012345678901234567890123456789012345678901234567890123456789012346678901234568890123456789012345678901234567890123456789
1234567890124456789012345678901234567890123456789012345678901234567890123456789012345678901234567890123456789012345678901234567890123456789012345678901234567890123456789012345678001234568890
2345678901234567890123456789012345678901234567890123456789012345678901234567890133456789012345678901234567890123456789012345688001234567890123456789012345678901234567890123456789012345678901
3456789012345678901234567890123456789012345678901234567890123456789012345678901234567890123456789012345678901234567890123456789012345678901234567890123456789012345678901234567890123456889012
4567890123556780012345678901234567890123456789012345678901244567890123456789012345678901234567890123456789012345678901234567890123456889012345678901234567890123456789012345678901234567890123
5678901234567890123456789012345678901234567890123456789022345678901234567890223456789012345678901234567890123456789012345678901234567890123456789012345678901234567890123456789013345678901234
6789012355678901234567890123456789012345678901234567890123456789012345678901244567890123456789012345678901234567890123456789012345678901234567890123456789012345678001234567890124456789012345
7890123456789012345678901234567890123456789012345678901234567890123456789012345678901234567890133456789012345678901234567890123456789012345678901234567890123456799012345678901234567890123456
8901234567890123456889012345678901234567990123456789012345678901234567990123456789012345678901234567890123456789012345678901234567890123456789012345678901234567800123456789012345678901334567
9012346678901244567890123456789012345678911234567890123556789012345678901234567890123456789012345678902234567990123456789012345678901234567890123456789022345678901234567890123456789012345678
0123456789012345678901234567890123456789012345678901234567890123456789012345678901234567891123456789012345678901234567890123456789012345678901234567890123456789012345678901234567890123456789
1234567890123456789012345678901234567890123456789012345678901234567890123456789012345678901234567890123456789012345678901234567890123456789012345678001234567890123456789012345678901234567890
2345678901234567890123456789012345678901234567890123456789012345678901234567890123456789012345678901234567890123456780012355678901234567890123456789012345678901234567890123456789012345678901
3456789012345678901234567890123456789012345678901244567890133456789012345678901234567890123456789012345678901234567890123456789012345678901234577890123456789012345678901234567890123456789012
4567890123456789012345678901234567890123456789012345678901234567890123456789012345678901234567890123456789012345678901234567890123456789012345678901234567890123456789012345678901234567890223
5678901234567890123456789012345678901234567890123456789012345678901234567890123456789012345678901234567890123456789012345678901234567890123456789012345678901234567890123456789012345678901234
6789012345678901234567890123466789012345678902234567890123456789012345678901334567890123456789012345678911234567890123456789012345678902234567890123456789012345678901234567890123456789012345
7890123456789012345678901234567890123456789012345678901234567890123456789012345678901234567890123456789012345678901234567890123456789012345678901234577890123456789012345678901234667890123456
8901234567890123456789012345678901234567890123456780012345678901234567890123456789012345678901234567890123456789012345678901234567890123456789012345678901234567891123456789012345678901234667
9012345678901234567890123456789012345679901234567890123456789012346678901234567890123456789012345678901234667890123456789012345678901234567890123456789012345678901234567890123456789012345678
0133456789012345678901234567891123457799012345678901234567890123456789012345678901234567890124456789012345678901234567890123456789012345678901234567890123456789012345678911234567890123456789
1234567890133456789012345678901234567890123456789012345678901244567890123456780012345678901234567890123456789012355678901234567890123456789012345678901234567890123456789012345778901234567891
2345678901234567890123456789012345678901234567890123456789012345678901234567890123456789012345678901234567890123456789012345678901234567890123456789012345678901234567890123456799012345678901
3456789012345678901234567890123456789012345678901234567890123456789012345678901234567990123456789012345678901234567890123456789012345678901234567890123456789012345678901234567890123456789012
4567990123466789012345678901234568890123456789012345678901234567890123456789012345678901234567890123456789012345678901334567890123456789012345678901234567890123456789012445678901234567890123
5678901234667890123456789012355778901234567890123456789012345678901234567890123456789012345678901234567890123456789012345678901234567890123456889012345678901234567890123456789012345678901234
6789112445778901234567890123456789012345678901234567890123456789012345778901234567890123456789012345678901234567890123456789012345678901234567890123456789012345678901234567890123456789012345
7890123456789012345678901234567890123456789012345678901234567890123456789012345678902234567890123456789012345678901234567890123456789022345678901234567890123456789012345678901234567890123456
8901234567890123456789012345678901234567890123456889012345678901234567890123456789012345678901234567890123456789012345678901234567890123456789012345678901234567890123456789012345678901234567
9013345678901234567890123456789012345678901234567890123456789012345678901234567890123557789012345678901234567990123456789013345678901234567891123456789012345678901234567891123456789012345678
0123456789012345678901234567890123456789012345678901234567890123456789012345678901234567890123456789012345678901234567890123457789012345778901234567890123456789012345678901234567890123456799
1234567890123456789012345678901234567890123456789012345678901234567990123456789012345778901234567890124456789012345678902234567890123456789012345678901234667890123456789012345678901234567890
2345678901234567800123456789012345678901234567890123456789012345678901234567890123456789012345678901234567890123456789012345678901234567890123456799012345678901234567890123456789012345678901
3456780012345678901234567890123466789012345678901234567890123456789012345678901234567890133456789012345678901234567890123456789012355678901234567800123456799012345678901234567890123456799012
4567890123456789013345678901234567890123456789012345678901234567890123456789012345678901234567890123556789012345678901234567890123457789012345678901235567890123456789012345678901234567890123
5678901234567890123456789012345678901234567890123466789012345678901234567890123456789012345778901234567890123456789012345678901234567890123456789012345678901234567890123456789012345678901234
6789012345679901234567890123456789012345678901234567890123456789112345678001234567890123466789012345678902234567890123456789012345678901234567890123456789012345678901234567890123456789012345
7890123456789013345678901234567890123456789012345678901234567890123456789012345678901234567890123456789012345678901234577890123456789012345678901234567890123457789012345778901235567890123456
8901234567890123456799012345678901234567890123456789012345778901234567890123456789012345678901234567890123456789012345678901234567890123456789012345678901234567891123456789012345678901234567
9012345678901234567890123456789012345678901234567890123456789012345678901234567800123456789012345678901234567890123456789012345678901234567890123456789013345678901234567890123456789012345678
0123456789012345678901234667890123456789012346678901234567800123456789012345678901234567890123456789012345678901234567890123456789012345678902234567890123456789012345678901234567890123456789
1234567990123456789012445678901234567890123456780012345678901234567890123456789012345678901234567890123457789012355678901234567890123456789022345678901234567890123456789012345678901234568890
2345678901234567890123456789012345678901235567890123456789012345678901234567890123456789012345678901234567890123456789012345678901234567890123457789012345678901234567800123456789012345678901
3466789012345678901234567890123456789012345678901234567890123456789012345678901234567890123456789012345678901234567890123456789012345678901334567890123456789012345678901234567890133456789012
4567890123456789012345678901234568890123456789012345678901234567890123457789012345678901234567890123456789012345678901234567890123456789012345678901234567890123456789012345678901234567890123
5678901234567890123456789012345678901234567890123556889012345678901234567890123456789012345678901234567890123456789012345678901234567890123456789012345678901234567890123456789012355678901234
6789012345678901234567890123456789012345678901234567890223456789012345678901234567890123456789012345678901234567890123456789012345678901234567890123456789012345678902234567890123456789012345
7890123456789012345678901234567890123457789012345678901234567890123466789012345678901234567890123466789012345678901234567890123456789012345678901234567890123456789012345678901234567890123456
8901234577890123456789012345678901234567890123456789012345688901234567890123456789012345678901234567890123456789012345678901234568890123456789012345678901234567890123456789012345678901234567
9012345678001234567890123456789012345678901234567890123456789012345678901234567890123456780012345678901234567890123456789012345678901234567890123456789012345678901234577890123456789012345678
0123456789012345678901234567890123456789012355678901234567890123456789012345678901234567890123456789012345679901234567890123456789012345678901234567891123456789012345678901234567890123456789
1234567890123456789012345678901234567890123456789012345678901234567890123457789012345678901234567890123456789012345679901234567890123456789012345678901234567890123456789012345678901234567890
2345678901234567890123456789012345678901234567890123456789012345678901234567890123456789012345678901234567890123456780012345678901234567890133456789012345678901234567890123466789012345678901
3456799012345678901234567890123456789012346678901234567890123456789012345678901234567890123456789012345678901234567890123456789012345678901234567890123456789012345678901234567890123456789012
4667890123456789012345678901234567890123456789012345678901234567890123456789012345678901234567891123456789012345678901234567890123456789012345678901234567800123456789012345678901234567890123
5678901234567890123456789012345678901234567890123456789012345678901234567890123456789012345678901234567890123456789012345678901234567890123456789012345678901234567890123456789012345678901234
6789012345678901234567890123456789012355678901234568890123456789012345678901234567890123456789013345678901234567890123456789012345678901234567890123456789012345678901234567890123456789012345
7890123456789012345678901234567890123457789012345678901234567890124456789012345678901234567890123556789012345678902234567890123456789012345678901234567890123456789012345678901234567890123456
8901234567890123456789012345678901234567890123456799012345678901234567890123456789112345678901235567890123456789012345678001234567890123456789012345678901234567890123456789012345678901234567
9012345678901234568890123456789012345678911234567890123456789012345678901234567890123456789012345678901234567890123456789012345678901234567890123456789012345678901234567890123456789012345778
0123456789012345678901234667890123456789012345678901234567890124456789012345678901234567890123456789012345678901235567890123456789012345678901234567890123456789012345678901234567890123456789
1234567890123456789012345678901234567890123456789012345678901234567890123456789012345678901234567890123456789012345678901234567890123456789012345678901234567890123456789012345678901234567890
2345678901234567891123456789012345678901235567890123456789012345678901234567890123456789012345678901234567890123456789012345778901234567890123456789012345678901234567890123456789012345678901
3456789012345678901234567890123456789012345678901234567890123456789012345678901234567890123456789012345678901234567890123456789012345678901234577890123456789012345678901234567890124456799012
4567890123456789012345678901234567890123456789012345678901234577800123456789012345678901234567890223456789012345678901234567890123456789012345678901234567890123456789012345678901244567890123
5678001234567890123456789012345678901234567800123456789012345678901234567890123456789012345678902234567890123456889012345678911234567890123456789012345678902234567890123456789012345678901234
6789012345678901234567890123466789012345678901234567890123456789012345678901234567890123456789012345678901234567890223456789012345678901234567890123456789012345678901234667890123456789012345
7890123456789012345678901234567890123456789012445678001234567890123456789012345678901234567890223456789012345678901234567890123456789012345678901234567890123456789012345678902234667890123456
8901234567890123456789012345678901234567890123456789012345678901234567890123456789012355678901244567890123456789012345678901234567890123456789012345678901234567890123456789012345678902234567
9012345678901234567890123456789012345678911234567890123456789012345678901234567890123456789012345678901234567890123456789012345778901234567890123466789012345678901234567890123456789012345678
0123456789012345678901234567800123456789012345678901234567890123456789012345678901234567890123556789012345678901234567890123456789012345678901235567890123456789012445678901234567890123456789
1234567891123456789012345678901234567890123456789012345678901234567890123456789012345678001234567890123456789012345678901234567890123456789012345678901234567890123456789112345678901234567890
2345678901234567890123456789012345678901234567890123456789012345678901234567890123456789012345678901234567890123456789012345678901334567890123456789012345678901234567890123456789012345678901
3456789012345678901234567890123456789012345678901234567890123456789012345678901234567890123456789012345678901234567890123456789012345678901234567890123456789012345678901235668890123456789012
4567890123456789012345679901234567890133456789012345678901234567890123456789012345678901234567890223456789012345678901234567890123466789012345678901234567890123456789012346678901234567890123
5678901234567890123456789022345678901234567890123456789012346678901234567890123456789012355678901234567890123456789012345678901234567890123456789012345678901234567890123456789012345778901234
6789012345678001234577890123456789012345679901234567890123456789012345678901234567890123456789012345678901234567890123456789012345678901234567890123456789012345678901234567890123456789012345
7890133456789012345678901234567890123456789012345678901234567890124456789012345678901234567890123456789012345678901234567890123456789012345678901234567890123456789112345678901234567890123456
8901234567890123456789012445678901234567890124456789013345678901234567890123457789012345678901234567890123456789012345678901234567890123456789012345678901234567890123556789012345678901234567
9012345688901234567890123456789112345678901234567890123456789013345678911234567890223456789012345678901234567890123456789012345678901234567890123456789012345678002234567890123456789012345678
0123456789012346678901234567890123456789012345678901234567890123456789012345678901234567890123456789012345678901234567890123466789012345678901234567890123456789012345678901234567890123456789
1234567890123456789012345678902234567890123456889012345678901334567890123456789012345678901234567890123456789012345778901234567890123456789012345688901234567890123456889112345678901234567890
2345678911234567890123456789012345678901334567890123456789012345678901234567890123456789013345678901234567890123456789012345678901234567890223456789012345678901234567890123456789012345678901
3556789012345678901234567890123456789012345678901235567890123456789012345678901234567890123456789012345678901234567890123456889012345778901234567890123456789012445678901334567890123456789012
4567890123456889012345678901234567890123456789012345678901234567890123456789012345678901234567890123456789012345678901234567890123456889012345678901234567890123456789012345678901234567890123
5678901234568890123456789012345678901234568890123456789012345678901234567890123456789012345679901334567890123456889012345678901234567890123456789022345678901234567890123456789012346678901234
6789012345678901234567890123456789012345678901234567890123456789012345678901234567890123456789012345678901234577890123456789012345678901235567890123456789012345678901234567890123456789012345
7890123456789012345678901234567890123456789012345678901234567890124456789012345678901234567890123456789012345678901234567890123456789113345688901234567890123456789012345678901234567890123456
8901234667890123456789012345678911234567890123456789012345678901234577890123456789012345678901234667890123456789012345778901234567890123456789012345678901234667890123456780012345678901234567
9012345678901234567890123456789012345688901234567890123456789012345678901234567890123456789012345678901234567890123456789012345678901234567890123456789112345678901234567890123456789012345678
0123456789012345678901234567890123456789012345678901234567890123456789012345678901234567890123456789012345678901244567890123456789012345678901234567890123456789012345678901234567890123456789
1234567890123456789012345678901234567890123456789012345678901234567890123456789012345678901234567890123456789012345678901234567890123456789012345688001234567890123456789012345678901234567890
2345678901234567890123456789012345678001234567890123456789012345678901244567890123456789012345678901234567890124456789012345678901234567890123556789012345678901234567890123456789012345678901
3456789012345778901234567990123456789012445679001234567890123456789012345688901234567890123456789012345678901234567890123456889112345678901234567890123456789012345678901235567890124456789012
4667890123456789012345678901234567890123456789012345678901234567890123456789012345678901234567890123456789012346678901234567890124456789012345678901234567890123456789012345678901234567890123
5678901244567890123456789012345678901334568890123456789012345678901234567890123456789012345678901234567890123456789012345678901234567890123456889012345678901234567890123456789012345678901234
6789012345678901234567890123456789012445678901234567890133456789012345678901234567890123456789012345678901234567890223456789012345678901234567890123456789012345678901234567890123456789012345
7890123456789012345678901234567890123456780012345678901234567890123456789012345678901234567890123456789012345678901234567890133456799012345679901234567890123456789012345678901234577890123456
8902234567890123456789012345678901234567890123456789012345678901234567890123456789022345678901234567890133456789012345678901234567890123456789012345678901234567890123456789012345678901234567
9012345678901234567890123456789012345778901234567890123456789012345678901234567890123456789012345678901234567890123456789012345678901234567891123456789012345678901234567890123456789012345678
0123456789012345678901234567890123456789012345678901234567890123456789012345678901234567890123456789012345678901235567890123456789012345678901234567890123457789012345678901234567890123456789
1234567890123456789012345678901234567890123456789012345678901235567890123456789012345678901234567800123456789012345678901234567890123456789012345678901234567890123456789012345678001234567890
2345678901234567890123456789012345678901234567890223456789012345678901234567890124456789012345678901234567890123456789012345678901234567800123456789012345678901234567890123456789012345678901
3456789012345678901234567890123456789022345678911234567890123456789012345678901234567890123456789012346678901234567890123456789012345678901234567890123456789012345678901234567890123456789012
4567890123456789012345678901234567890133556789012345678901234567890123456789012345678902234567890123456789012345678901234567890123456789012345678901234567890123456789012345678901234567890123
5678901234567890123456789012345678901234567890123456780012345678901234567890123456789012345778901234567890123456789012345678901234567890123456789012345678901234567890123456789012345678901234
6789012345678901234567890123456789012345678901234567890123456789012345678901234567890123456789012345678901334567890123456789012345678901234567890123456789012345678901234567800123456789012345
7890123456789012346678901234567890123456789013345678901234567890123456789012345678901234567890123456789012345678901234567890123456789012345678901234567890123456789012345678901234567890133456
8901234567890123456789012345678901234567890123456789012345678901234567890123456789012345678901234567890123456789012345678901234567890123456789012345678901234567890123456789012345678901234667
9012345678901234567890123456789012345678901234567990123456789012345678901234567890123456789012345678901234567890123456789012345678911234567890123456789012345678901234567890123456789012345678
0123456789012345679901234567890123456789012345678901234577890123456789012345678901234567890123456889012345778901234567890123456789012345678901234567890123456789012345678901234567890123456789
1234567890123456789012445678901234567890124456789012345678901234567890123456789012345678901234567890123456789012345678901234667890123456789012345678901234567890123456789012345678901234567890
2345678901234567890123456789012345678901234567890123456789012345678901234567890123456789012345678901234567890123456789012345678901234567890123456789012345678901234567890123456789012345678901
3456789012345678901234567890123456789012345678901234567890123456789012345678901234567890123456789012345678901234567890123456789012345678901234567890123456789012345678901234567890123456789012
4567890123456789012345678901234567890123456789012345678901234567890123456789112345679901234567890123566789012345678901234567890123456789012345678901234667890123456889022345678901234567890124
5678901234567890123456789012345678901234567890123456789012345678901234567890123456789012345678901234567890123456789012345678901234567800123466789112345678901234567890123456889012345678901234
6789012345678901234567890123456789012345678901234567890123456780012345678901234567890123456789012345678901234567890123456789012345678901234567890123456789012345678901234567890123456789012345
7890123456789112345678901234567890123456789012345678901234567890123456789022345679901234567890123456789012345678901234567890123456789012345678901234567890123456789012345678901234567990123456
8901234567890123456789012345678901234567890123456799012345678901234567890123456789012345678901234567890123456789012345678901234567890123556789012345678901234567890123456789012345678901234567
9012345678901234567890123456789012345678901234567890123456789012345678901234567890123456789012345678911234567890123456780012345678901234567890123456789012345678901234567890223456789012345678
0123456789012345678901234567890123456789012345678901234567890123456789012345678902236567890123456789012346678901234567890123456789012345678901234567890123456789012345678901334567890123456789
1234667890123456789012345678901234567890123456789012345678901234567800223456789012345678901234567890123456789012345678901234567890123456799012345678901234567890123456789012345678901234567890
2345678901234577890123456789012345678901234567890123456789012345678901334567890123456789012345678901234567890123456789022345678901234567890123456789012345678901234567890123456789012345688901
3456789012345678901234567890123456789012345678901234567890123456880022346678901234567890123456789012355678901234567890123456789012345678901234567890123456789012345678901234567890123456789012
4567890123456789012345678901234567891123456789012345678901334567890123456789012345678901234568890123456789012345678901234567890123456780112345678901234567890123456789012345678901234567891123
5678901234567890123456789012345678901234567890123456789012345678901234567890123456789012345678901234567890123456789012345678901234567890123456789012345678901234667890123456789012345678901234
6789012345678901234567890123456789012345678901234567890123456789012345678901234567890123456789012345678901234567890123456789012345678902234567890123456789012345678901234567890123456789012345
7890123456789012345678901234667890123456789012345678901234567890123456789012345678902234567890123456789012345678011234567890123456789012345678901234667890123456789012345678901334567890123456
8901234567890123456789012345678901234567890123456789012345678901234567890123456789012345678901234567890123456789013345678901234567890123456789012345678901234567890123456789022345678901234567
9012345678901234567890123456789012345678901234567800123456789014345678901334567890123456789012345678901234567890123456789112345678901234567990123456789013345678901244567890123456789012345688
0123456789012345678901334567890123456789012345678901234567890123456789012345678901234567890123456789012345678901234567890223456789012345678901234567890123456789012345678901234567890123456789
1234567890123456789012345678901234567890123456789012345678901234567890123456789012345678901234567890133456789012345678901234567890123456789012345678901234567890123456789012345678901234567990
2345678901234567890123456789012345678901234567890123456789012345678901234567890123456789022345678901234577890123456789012345678901234567890123456789012345778901234567890123456789012345678911
3456789012345678901234567890123456789012345678901234567890123456789012345678901234567890123456789012345678901234567890123456889012346678901234577890123456789012345678901234567890123456789012
4567890123456789013345678901234567890123456789012345678901234567890123456789012345678901234567890123456789012345678901235567890123456789012345678901234567890123456789012345678901234567890123
5678901235667890123456789012345678901234567890123456789012345678901234567890123456789012345678901234567890123456789012345678901234567890123456789012345678901234567890123456789012345678901234
7789012345678901234567890123456789012345678901234567890123456789012345678901234567890123456789012345678901234567890123456789012345678901234567890123456789012345678901234567890123456789012345
7890123456789012345678901234667890123456780012345678901234567890123456789012345678901234567890123456789012345678901235567890233456789012345678901334567890123456789012345688901234567890123456
8901234567890123456789012345678901234567890123456789012345678901234567890123456789012345678901234567890223456789012345678901334567890123456789012345678901244567890123456789012345678901234567
9012445678001234567890123456789012345678901235567890123456789012345678901234567890123456789012345678901234567890123456789012345678901234567890123456789012345678901234567890123456780012345678
0123456789012345678901234567890123456789012345778901234567890123556789012345678901234567890123456789012345678901234567890123456789012346678901234667890123456789012345678901334567890123456789
1234567890123456789012345678901234567890123456789012345678901234567800123456789012355678901234567890123456789012345678901234567890123456789012345778901234567890123456789012345678901234567890
2345678901234567890123456789012345678901234567890123456799012345678901234567890123456789012345678901234567890123456789012345678901234567890123556789012345678901234567890123456789012345688901
3456789012345678901234567890123456789012345678901234567890123456789012345678901234567890123456789012345678901234567890123456789012345678901234567890123456799012345678901234567890123466789012
4567890123456789112345678901234567890123456789022345778901234567800123456789012345678901234567890123456789012345678901234567990124456789012346678901234567890123456789012345678901234567890123
5678901234567890123456789012345678901234567890124456789012345678901234567890123456789012345678901234567890123456789012346778901234567890123456789012345678901234567890124456789012345678901234
6789012345678901234567890133456789012345678901234567890123456789012345678901234567890123456789012345678901234567890123456789012345678901234567890123456789012345678902234567890123456789012345
7890123456789012346678901234667890123456789012345678901234567890123456789112345678901234567890123456789012345678901234567890123456789012345678901234567890123457789012345678901234567890123456
8901234567890123456789012345678901234567800123456789012345678901234567890123456789012345678901234567890123456789012345678901234567890123456789012345678901234567890123456789012345678901234567
9012345678901234567890133456789012345678901234567890224456789012355678901234567890123456789012345678901234567800133456789022345678901234567890123456789012345678901234567890123456789012345678
0123456789012345678901234567890123456789012345678901234567890123456780012345678901234567890123456789012345678901244567890123456789012345678901234567890123456789012345678901234567890123456789
1234567890123456789012345678911234667890123456789012345678901234567890123456789012345678901234567890123456789012345678901234567890123456789012345678901234567890123456789012345678901234567890
2345678901235567890133456789012345678901234567890123456789012345678901234567890123456789022345678901234567800123456789012345678901234567890123456789012345678901234567890123456789012345678901
3456789012345678901234567890123456789012345678901234567890123456789012345678901234567890123456789012345678901234567890123456789012345678901234567890123556789022445678901234567890123456789012
4567890123456789012345678901234567890123456789012345678901234567890123456789012345678901234567890123456789012345678901234567890123456789012345678901234567890123456789012345678901234567890123
5678901234567890123456789012345678901234567890123456789012345678901234567890123456789012345778901234567890123456789012345678901234567890123456789012345678901234567890123456789012345678901234
6789012345678901234567890123456789012345678901234567890123456789012345678901334567890123456789012345678901234567890123456789012345678901234567890123456789012345678901254567990123456789012345
7890123456789012345678901234567890123456789013345678901234567890123456789012345678901234567890123456789012345678901234567890123456789012345678901234567890123456789012345678901234567891123456
8901234567890123456789112345678901234567890123456789012345678901234567890133456789012345678901244567890123456789012345778901234567890123456789012345678901234567890123456789012345678901234567
9012345678901234567890123456789012346678001334567890123456789012345678901234567890123456789012345678901234567890123457789012345678901234567890123456789012345678901234567890123456789012345678
0123456789012345678902234567890123456789012345678901234567890123456789012345678901234567890123456789012445678901234567800124456789012345678901234567890123456789012345678901334567890123456789
1234567890223456789012345678901234567890223456789012345678901234567890123456789012345688901234567890123456789012345678901234567890123456789012345678901235567890223466789012355678901234567890
2345678901234567890223456789012345678901234567890123456789012345678901234567890123456789012345678901234567890123456789012345678901234567890123456889112345678911234567890123456799012345678902
3456789012345678901234567890123456789012345678901234567890123456789012345678901234567890123456789013345678911234567890123456789012345678901234567890123456789012345678901235567800123456789013
4567890123456789012345678901234568890123456789012345678901234567890123456789012345678901234567890123456789012345678901234567890123456789012345678901234567890123456789012345678901234567890123
5678901234567890123456789012345678901234567890124456789012345678901234567890123456789012345688901234567890123456789012346678901234567890123456789012345678901234567890123456789012345678901234
6799012345678901234567890123456789012345678901234567890123456789112345678901234567890123456789012345678901234567890123456789012345678901234567890123456789012345678901234567890123456789012345
7890123456789012345678001234567890123456789012345678901234567890123456789012345679901234567890123456789012345678901234567890123456799012345678901234567890123456789012345678901234567890123456
8901234567890123456789012445678901234567890123456789012345678901234567890123456789012345678902234567890123456789012345678901234567890123456789012345678901234567890123456789012345678901234577
9012345678901234567890124456789012345679901234567890123456789012345678901235567890123456789012345679901234567890123456789012345678901234567890123456789012345678901234567890123456789012345678
0123456789012355678901234567890123456789012345678901234567890123456789012345678901234567890123456789112346678901234567890123456789012345678001234567890123456789012345678901234567890123456789
1234567990123456789012345678901234568890123456789012345678901234568890123456789012345679901234567890123456789012345678901234567890123456789012345678901234567890123456789012345678901234567890
2345778901234567890123456789012345678901234567890123456789012345678901234567891123456789012345678901334567890123456789012345678901234567891223466789012345678901234567890123456789012345678901
3456789012345678901234567890123456789012345678001234567890123456789012345678901234668890123456789012345679901234567890123456789012345778901234567890123456789012345678901234567890123456789012
4567890123456789012346678901234567890123456789012345678901234567890123456789012345678901234567890123457789012345678901234567891123456789012345678901234567890123456789012345678901234567890123
5678901234567890123456789012345678901234567890123456789012345678901234567890123456789012345678901234567890123456789012345678901234567890223456789012345678901234577890123456789012345678902234
6789012345678901234567890223456789012345678901234567890124456789012345678901234567890123456789012345678901234567890123456789012345678901235567890123456789012345678901234567890124456789012345
7890123456789012345678901234567890123456789012345678901234567890123456789012345678901234567890123456789012345678901234567890123456789012345678901234567890123456789012345678901234567890123456
8901234567890123456789012345678901234567890223456789022345678901234567990123456789012345678901234567890123456789012345678901234567890123456780012345678901234567890123456789012345678901234567
9012345678901234567890123456789012345678901234567890123456789012345678901234567890123456789012345678901234567890123456789012345678901234567890123456789012345678911234567891123456789012345678
0123456789012345778902235567890123456789012345678901234567890123456789012345678901234567890123456789012345678901234567890123457799012345678901234567890223456789012345678901234567890123456789
1234567890123456789012345678901234567890123456789012345678901234567890123456789012345678901234567890123456789012345678901234567890123456789012345678901234567890123456789012345678901234567890
2345678901234567890123456789012345678901234567890123456789012345678901234567890123456789012345678901234567890123456789012345678901234567890123456789012345678901234567890123456789012345678901
4456789012345678901234567890123456789012345678901234567890124456789012345678901234567890123456789012345678901234567890123457789012345678901234567890123456789012345688901234567890123466789012
4567890123456789012345678901234567890124456789012345678901234567890223456789012345678001234567800123556789012345678901234567890123456789012345678901234567890123456789013345678901234567800123
5678901234567990123456789012345678901234567890123456789012345678901234567890123456789012345678901234567890124456789012345678901234567890123456789012345678901234567890123456789012345678901234
6789012345678901234567890123456789012345678901234567890123456789012345678901234567890123456789012345678901334567890123456789012355688901234567890123456789012345678901234567990124456789012345
7890123556789012345678901234567890123456789012345678901235567890123456789012345678901234567890123456789012345678901234567890123456789012345678901234567890123456789012345678911234567890123456
8901234567890123456789012345778901234567891123466789012345679901234567890123456789012345678901234567890123456789012345678901234567890123456889012345678901234567890123456789012345678902234567
9012345678901234577890123456789012345678901234567890123456789012445678901234567890123456789012345678901234567890123456789012345678901234567890123456789012345678901234567890123456789012345678
0123456789012345678901234567890124456789012345678901234567890123456789012345678901234567890123456789012345678901234567890123456789022345678901234567890123456789012345678901234567890123456789
1234567890123456789012345678901234567890123456789012345678901234567890123456799012345678901234567890123456789012345679901234567891123456789012345678901234567890123456780012345678901234567890
2345678901234667800123456789012345678901234567890123456789012345678901234567890123456789012345678901234567891123456789012345678901234567890123456789012345678901234567890123457789012345678901
3456789022345678901234577890123456789012345678901234567890123456880012345678901234567890123456789012345678901234567890123456789012345678901234567890123456789012345678901234567890123456789012
4567890123456789012345688901234567890123456789012345678901234567890123456789012345678901234567890123456789012345678901234567890123456789012345678901234567890123456789012345678901234567890123
5678901234567890123456789112346678902234567890123456789012345678901234567890123456789012345678901234567890123456789012345678911234567890123456789013445678901234567890123456789012345678901234
6789012345678901234567890123456789012345678901234567890123456789012345678901234567890123456789012345678901234567891123456789012345678901234567890123456789012345678901234567890123456789012345
7890123456789012345678901234567890123456789112345679901234567890123456789012345678901234567890123456789012345678901234567890123456789012345678901244567890123456789012345678901234567890123456
8901234567890123456799012345678901234567890123456789012445678901234567890123456789012355678901244567890123456789012345678901234567890123456789012345688901234567890123456789013345678901234567
9012345678901234567890123556789022345678901234567890123456789012345678901234567890123456789012345678901234567890123456789012345678901234567890123456789012345778901234567890123456789012345678
