280 190
7985279852798527985279852798527985279862798527985279852798527985279852798527985279852798627985279852798527985279852798527985279852798527985279852798527985279852798527985279852798527985279852
9852798527985279952798527985279852798527985379852798527985279852798527985279852798527985279852798527985279852798527985279852798527985279853798527985279852798527985279852798527985279852798527
8527985279852798527985279852798528985279852798527985279852898527995279852798527985279852798527985279852798527985279852708527985279852798527985279852798527985279852798527985279852798627985279
5279852798527085279852798527995279852798527985279852798527985279852798527985279852798527985279852798527985279852798527985279852798527985279852798527985279852798527985279852798527985279852798
2798527995279852798527985279852798527985279952798527985279852798527985279852798527985289852798527985289852798527985279852798527985279852798527985279852798527985279852798527985279852798527985
7985279852798527985279852798527985279852798527985279852798527085279852798527085279852798527985279852798527985279852798527985279852798527985279852798527985279852798527985279852798527985279852
9852798527985279853798527985279852798527985279852798527985279852798527985279852798527985279852798527985279852798527985279852798538985279852798527985279852798527985279852798527985270852798527
8527985379852798527985279862798527995279852798527985279852798527985279852798527985279852798527985279852798527985379852798527985279852798527985279852708527985279852798527985279852798527985279
5279852798527985279852798527985279852798527985279852798527986279852798527985279852798527985279852798527986279852798527985279852798527985279852798527985279852798527985279852798527985279852798
2798527985279852798527985279862798527985279852798527985289852799527985279852798527985279852798527985270853798527985279852798527985279852798527085279852798527985279852798527985279852798527985
7985279852798527985279852798527985279852898627985279852798627985279852798527985279852798527985279852798527985279852798527985279852798527985279852798527985279852798527985279852798527985279852
9852798527985279852798527985279852798527995279852798527985279852798527985279852798527985279852708527985279852798528985279952798527985279852798527985279852798527985279852798527985279852798527
8527985279852798528985279852798527985279852898527985279862798527985279852708527985279852798527985279862798527085279852798527985279852798527985279852798527985279852798527985279852798527985279
5270852798527985279852798527995279852798527985279852798527985279852798527985279852798528985279852798527985279852798527985279852798527985279852798527985279852798527985279852798527995279852798
2798527985279853798527985279852798527985279852798527985279852798527986279852798527985279852798528985279853798527985279862798527985279852798527985279852798527985279852798527985279852798527985
7985279852798527985279852798527985279852798527985279852798527985279852798527985279852798527985279852798527985279852798527985279852798527985270852798527985379852798527985279852798527985279852
9852798527985279852798527985279852798527985279852799527985279852798527985279852798527985270852798527985279852798527985279852798527985279852798527985279852798627985279852798527985279852798527
8527985279852798527985279852798527985279852798527985279852798527985279852798527986279852799527985279852798527985279852798527985270852798527985279852898527985270852798527985279852708527985279
5279852798527985279852798527985279852798527985279852798527985279852798527985279852798527985279852798527985279852798527985279852798527985279852798527985279852798527985279852798527985279852798
2798527985279852798527985279852799527985279852798527985279852798527985279852798527985279852798527985279852798527985279852798527985279852798527995279852798527985279852798527985279852798527985
7985279852798527985279852798537985279852798527985279852798527985279852798527985270852798527985279852798527985279852798527985279852798527985279852798527985279852798527985279852798527985279852
9852798527985279852798527985279852798527985279852798527985270852798527985279852798527985279852798527985279862798527985279852798527985279852798527985279852798527985279852798527985279852798527
8527985279852798527985279852798527985279852798527985279852798527985279852798527985279852798527085279852798527085279852798527985279852798527985279852798527985279852798527985279852798527985279
5279852798527985279852798528985279852798527985279852798527985279852798527985279852798527985279852798527985279852798527985279852798527985279852798527985279852798527985279852799527985279852798
2798527985279852798527985279852798527985279852798527985279852798527985279852798628985270852798527985279852798527985279852798527985279852798527985279852798527985279852798527985279852798527985
7985289852798527985279852798527985279852798527985279852798537985279852798527985279852798527985279852798527985279852798527985279852798527985279852798527985279852798527985279852798527985289852
9852798527985279852798527985279852798527985279852798527985279852798527985279852798527985270852798527985279852798527985279852798527985279852798527985279852798528985279852798527985279852798527
8527985279852798527985279852798527985279852798527985379852898527985279852798527985279852798527985279852798527985279852798527985279852798527985279852798527985279852798527985279852798527985279
5279852798627985279852798527985279852798527985279852798527985279852798527985279852798527986279862798527985279852798527985279852798537985279852798527985279852898527985289852798527985279852798
2798527985279852798527985279852798527085279852798527085279862798527985279852798527985279852798527985279852798527985279852798527985279852798527985279852798527985279852798527985279852798527985
7985279852798527985279852798527985279852798527985279852798527985289852798527085279852798527985279852798527985279852798527985289852799527985270852898527985279952798527985279852798527985279852
0852798527985279852798527985279852798527985279852898527985279852798527985279852798527985279852798527985279852798527985279852798527985379852798527085279852798527985279952798527985279852798527
8527985279852798527985279852798527985279852798527985279852798527985279852798527985279852898527985279852798527985279852798527985279852798527985279852798627985279852798527985279852798527985279
5279852798527985279852798527985279852798527985279852798527985279852798527985270852798527985279852798527985279852798527985279852798527986279852798527985279853798527985279852798527985279852798
2898527985279852798527986279852798528985279852798527985279852798527985279852798527985279852798527985279852798527985279852798527995279852798527985279852798527985279852798527985279852798527985
7085279852798527985279852798527985279852798527985279852798527985279852798527985279852798527985279852798527985279852798527985279852798527985279852798527986279852798527985279852798527985279852
9852798527985279852798527985279852798527985279852798527985279852798527985279852798527985279852798527985279852798527985279852798527985279852798527985279852798527985279852798527985279852798527
8527985270852898527085279852798527985279852798527985279852798527985279852798527985279852798527985279852798527985279852798527985279852798527985279852798527985379852798527986279852798527985279
5279852798527985289852798527985279852798527985279853798537985279852798527985279852798527985279852718527985279852798527985279852798527985279852798527985279852798527985279852798527985279852798
2798527985279852798527985279852798527985279852798527985279852798527985279852798527985279852708527985279852798527985279852798527985279852798527985289852798527985279852798527985279852798527985
7985279852798527985279852798527985279852798527985279852798527985279852798527085279852798527985279852798527985279852798527985279852798527985279852798527985279852798527085279852798527985279852
9852798528985279852798527985279853798527985279852798527985279852798527985279852798527985279852798537985279852798527985279852798527985279852798527985279852798527985279852798527985279852798527
8527985279852798527985279852798527985279852798527985279852798527985279852798527985279852798527985279852798527995279852798527985279852798527985279852798527985279852798528985279852798527985279
5279852798527985289852798527985279852798527985279852798527985279852798527985279852798527985279852798527985279952798527995279852798527985279852798527985279852798527985279852798527985279852798
2798527985279852798527985279852799527985279852798527985279852798527985279852798527985279852798627985279852798527986279852798527985279852798527985279852798527985279852798527985279852798527985
7985279852798527985279852798527985279852898527985279862798527985279852898527985279852798527985279852798527985289852798527985379852798527985270852798527985279852798527985279852798527985279852
9852798627985279852798527985279852798527985279852798527985279852798527985279852898527985279852798527985270852798527985289852798527985279852798527985279852798527985279852798527985279852798527
8527985379852798527985279852798528985279852798527985279852798527985279852798527985279852798527986279852798527986270852798527985279852799527985279852798527985279862798527985279852798527985279
5279852798527985279852798527985289852798527985279852798527985279852798527985279852798527985279852798527985279852708527985279852798527985279852798527985279852798527985279852798527985279852798
2798527985279852798527985279852798527985279852799527985279852798527985279852798527985279852798527985279852798537985279852798527985279852998527985279852798527985279852798527985279852799527985
7985279852798527985279852798527985279852798527985279852798527985279852798527985279852798527985279852798527985279852798527995279852798627985279852798527985279852798527985279852798527985279852
9852798527985279852798527985279852798527985279852798527985279852798527985279852798527985279852798527985279852798527985279852798527985279852798527985279852798527985279852798527985279852798527
8527985279952798527985279852798527985279852798527985279852798527985279852798527985279852798527985279852798527985279852798527985279852798527985279852798527985280852798527985279852798527985279
5279852798527985279852798537985279852798527985279852798527985279852798527995279852798527985279852798527985279852798527985279853798527985279852798527985279852798527985279852798527985289852798
2798527986279852798527985279852798527985279852798527985279852798527985279852798528985279852798527985279852798527985279852798527985279852798527985279852798527985279852798527985279852798527985
7985279852798527985279852798527985279852798528985279852798527985279852798527985279852798527985279852798527985279852798527985279852798527985279852798527985279852798527985279852798527985279852
9852798527985279852798527985279852798527985279952798527985279852798527985279852798527985279852798527985279852798527985289852798527985379852798527985279862798527985279852799527985279852798527
8527985279852798527985279852798527985279852799527985279852798527985279852798527985279952798527985279852798527985279852798527985279852798527985279852798527985279852798527985279852798527985279
5279952798527985279852798527985279852798527985279852798527985279852799527985279852798537985279852798527985279852798537985279852798527985279852798527985279852798527985279852798527985279852798
2798527985279852798527985279952798527985279852798527985279852708527985279852798527985279852798527985279852798527985279852798527985279852798527985379852798527985279852798527985279852798527985
7985279852798527986279852798527985279852798527985279852798527985279852798527985279852798527985279852798527985279852798527985279852798527985279852798527985279852798527985279852798527985279852
0853798527985279852798527985279852798527985279852798527985279852898527985279852798527985279852798527985279852798527985279852798527985279852798527985279852798527985279852798527985279852798527
8527985279852790527985279852708527985279852798527985279852798527985279852798527985279852798527985279852798537985279852898527985279852798528985279853798528985279852798527985279852798527986279
5279852798527985279852798527985279852798527985279852798527085279852798527985279852798527985279852798527985279852798527985279852798527985279852798527985279852798527985279852798527986279952799
2798527985279852798527985279852799527985279852798527985279852798527985289852798527985279852798527985279852798527985279852798527985279852798527985279852798527985279852798527985279852798527985
7085279852798527985279852798527985279852798527985279852798527985279852798527985279852798527985279852798527985279852798527985279852798527985279852798527985279852798527985279853798527985279852
9952798527985279852798527985279852798527985279852798527986279852708527985279852798527985279852798527985279852798527985279852798527985279852798527985279852798528985279852798527985279852798527
8527985279852798527985279852798527985279852798527985279852798527985279852798527985279852708527985279852798527985279852798527985279952798527985279852798527985279852798527985279852798527985279
5379852798527985279852798527985279852798527985279852799527985379852798527985279852798527985279852798527985279852798527985279852798527985279852798527985279852798527985279862798527985279852798
2798527985279852798527985279852798527985279852798527985279852798527985279852798527985279853798527985279852798527985279852798527985279852798527985279852798527985279852798527985279852798527985
7985279852798527985279852799527985279852798527985279852798527985279852798537985279852798527985279852798527995279852798527985279852798527985279853798527986279852798527985279852798527985279852
9852798527985279852798527985279852798527985279852798527985279852798527985279852798527985279852798527985279852798527985279852798627985279853798527985279852798527985279852798527985279852798527
8527985279852798527985279852799627985279852798527985279852798527985279852798527985279852798527985279852798527985279852798527985279852798527985279852798527985270852798527985279853798527985279
5279852798527985279852798527985279852798527985279852798527985279852798527985279852798527985279852798527985279852798527985279852798527985279852798527985279852798527985279852798527985279852798
2798527985279852798527985379852798527985279852798527985279852798527985279852799527985279852798527985289852798527985270852798527985279852798527985279852798527985279862798527985270852798527985
7985279952798527985279852798527985279852798527985279852798527985279852798527985279852798627985279852798527985279852798527985279852798527985279852708527985279852798527985279852798527985279852
0852798527985279852798527985279852798527985279852798527985279852798527985279852798527985279852798527985279852798527085279852798527985279852798527985279852798527985279852798527985279852798528
8527985270852798527985279852798527985279852798527985270852798527985279852798527985279852798527985279852798527985279853798527095279852798527985279852798527985279862798527985279852798527985279
5279852798527986279853798527985279852798527985279852798527985279852798527985279852798527985279852798527985279852798527985279852798527985279852798527985279852798627085279852798527985279852798
2798527985279852798527985279852798527985279852798527985279852798627985279952798527985279852798527985279852798527985279852798527985279852798527985279852798527985279852798627985279852798527985
7985279952798527985279852798527985279852798528985279852798527985279852798527985279852798527985279852798527985279852798527985279852798527985279852798527985279852898527985279852799527985289852
9852798527986279852798527085279852798527985279852798527985279852798537985279852798527985279852798527985279852798527985279852798527985279852798527985279852798527985279852798527985279852798527
8627985279852798527985279852798527985279852798527985279852798527985279852798537985289852798527985289852798527985279853798527985279852798527985280852798527985279852798527985279852798527985279
5279852798527985279852798527985279852798527985279852798527985279852798527985279852798527985279852798527985279852798537985279852798527985279852798527985279852798527085279852798527985279852798
2798527985279852798527085279862798527985279852798527985279852798527985279852798527985279852798527985279852798527985279852798527985279852798527985279852798527985279852798527985279852798527985
7985279852798527985279852798527985279852798527985270852798527985279852798527985279852798527985289852798527985279852798527985279852798527985279852798527985279852798527985279852798527985279852
9852798527995279852798527985279852798527985279852798527985279852798527985279852798527985279852798527985279852798527985279852798527985279852798527985279852798527985279852798527985279852798527
8527985279852798527985279862798527085279852798527985279852798527985279852798527985279852798527985279852798527985279852708527985279852798527985279952798527985279852798527985279852798527985279
5279852799527985279852798527985279852798527985279852798527985279852798527985279852798527985279852798527986279852798528985279953798527985279852798527985279852798527985279852798527985379852798
3798527985279852798527985279852798527985279852798527985279852798527985289852798527985279852798527985279852798527985279852798527985270852798627985279852798527985279852798537985279852798527985
7985279852798537985279852798527985279852798527985279852798527985279852798527985279852798527985279852798527985289852798527985279852798527985279852798527985379852798527985279852798527985279852
9852798527985270852798527985279852798527985279852798527985279852798527995279852798527985279852798527985279852798527985279852798527985279852798527985279852798527985279852898527985279852798627
8527985279852798527985289852798527985279852798527985279852798527985279852798527985279852798527985279852798527985279852798527985279852798527985279852798527985279852798527985279852798527985279
5270852798527985279852799527985279852798527985279852798527085279852798527985279852798527985279852798527985289852798527985279852798527985279852798527985279852798527985279852798527985279852798
2799527985279852798627985279852798527985299852798527985279852798527985279852798527985279852798527985279852798527985279852798527985279852798527985279852798527985279852798527985279852798527985
7985279852798527985279852798627985279852898527985279852798527985279852708527985279852798527985279852798527985279852798527985279852798527985279852798527985279852798527985279852798527985279852
9852798527985279862798527985279852798527985279852798527985279852798527985279852798527985279852798527985279852798527985279852798527985279852798527985279852708527985279852798527085279852798527
8527085279852798527985279852798527985279853798527985279852798527985279852798537985279852799527985279852798527985279852798527985279853798527985279852798527985279852798527985279852798527985279
5279852798527985279852798527985279852798527985279852798527985279852798527985270853798527985379852798527985279852798527985279852798527985279853798527985279852798527985279852798527985279852798
2798527985279852798527985279852798527985279852798527985279852798627985279952798527985279852798527985279852798527985279852798527985279852798527985279852798537985279852798527985279852798527985
7985279852798527985279852798527985279852798527985279952798527985279852798528985279852798527985279852798527985279852798527985279852798527985279852798527985279852798527986279852798527985279852
9852798527985279852798527985279852798527985279852798527985279852798528985279852798527985279852798527985279852798527985279852798527985279852798527985279852798527985279852798527985279852898537
8527985279852798527985279862798527985279852798527985279852798627985279852798527985279852798727985279852798527985279853798527985279852798527985279852798527985279852798527985279852798527985279
5279852708527985279852798527985279852708527985279852798527985279852798527986279852798527985279852798527985279852798527985279852798527985279852798527985379852798528985279852798527985279852798
2798527985279852798527985279852798527985279852798527985379852798527985289852798527985279852798527985279852798627985279852798527985279852798527985279852798527985279852798527985279852798527985
7985279852798527985279852798527985279852798527985279852798527985279852798527985279852798527985279852798527985279852798527985279852798527985279852798527985279852798527985279852798527985279852
9852798528985279852798528985279852798527986279852798527985279852798528985289852798527985279853798527985279852798527985279852798527985279852798527985279852798527985279852798527985279852798527
8527985279852798527985279852798527985279852798527985279852798527986279852798527986279852798527985279852798528985279852798527985279852798527985279852708527985279852798527985279852798527985279
5279852798527985279852798527985279852798527985279852798527985279852798527985279852798527985279852798527985279852798527985279852798527985279852798527985279852798527985279852798527985279852798
2798527085279952798527985279852798527985279852798527985279852798527985279852798527995279852798527985279852798527985279852798527985279852898527985379852798527985279852798627985279852798527985
7985279852798527985279852798527985379852798527985279852798527985279852798527985279852798527985279852798527985279852798527985279852798527995279852798527985279852798527985279852798527985279852
9852798527985279852798527985279852798527985279852798527985279852798527985279852798527985279852798527985279852798527985279852798527985279852798527985279852798527985279852798527985279862798527
8527985279852798527985379852798527985279852798527985279852798527985279852798527985279852798527985279852798527985279852798527985279852798527985279852798527985279852798527985279852798527985279
5279852798527985279852798527985279852798527985279852798527985279852798527985279852798527985279852798527985279852798527985279852798527985279853798527985279852798527985279852799527985279852798
2798527985279852798527985279852798527985279852798527985279852798527985279852798527985279852798527985279852798527985279852798527985279852798527985279852799527985279852798528985279852798527985
7985279852798527985279852798527985279852798527985279852798527985279852798527985279852798527985279852798527985279852798527985279852798527985279852798527985279852798527985279852798527985279852
9852798527985279852798527985279852798527985279852898527985279852798527985279852798527985279852798528985279852798527985279852798527985279852798527985279852798527985279852798527985279852798527
8527985279852798537985279852798527985279852798527085279852798527985279852798527985279852798527985279952798527985279852798527985379852798527985279852798527985279852798527985279852798527985279
5279852798527985279852798527985279852798527985279852798527985279852798527985279852798527985279852798527985279852798527985279852798627985279862798527985279852798527985279852798527985279852798
2798527985279852798527985279852798527985279852798527985279852798527985279852798527985279852798527985279852798527985279852798527985279852798527985279852798527985279852798527985279852798527085
7985279852798627985279852798527985279852798527986279852798527985279852798527985279852798527985279852798527985279852798527985279852798527985279852798527985279852798527985279852798527985279852
9852798527985279952798527995379852798527085279852798527985279852798527985279852798527985279852798527085279852798527985279852798527985279852798527985279952798527985270852798527985379852798527
8527985279852798527985279852798527985279852798527985379852798527985279852798527985279852798527985279852798527985279852798527985279852798527985279852798527985289852798527085279852798527985279
5279852798527985289852798527985279852798527985279852798527985279862798527985279853798527985279852798627985279852798527985279852798527985279852798527985279852798627985279852798527985379852798
2798527985279852798527995279852798527985279852798527985279852798527985279852798527985279852798527985279852798527985279852798527985279852798527985279852798527985279853798527985289852798527985
7985279853798527995279852798527985279852798528985279852798527985379852798527985279852798527985279852798527985279852798527995289853709527985279852708527985279852798527985279852798527085279852
9852798527985279852798527985279852798527985279852798527985279852798527985379852798527985279852798527985279852798527985279852798527985279862798527985279852799527985279852798527985279852798527
8527985279852798527985279852798527985279862798527985279852798527986279852799527985279852798527985279852798528985279852798527985379852798527985279852798527985279852798527985279852798527985279
5279852798527985379852799527985279852798527985279852798527985279852798527985279852798527985279852798527985279852798527985279852798527985279852798527995279852798527985279862798527985279852798
2798527985279852798527985279852798527985279852898527985279852798527985279852798527985279852798527985279852708527985279852798527985279852798527085279852798527985279852798527985279852799527985
7985279852798527995279852798527985279862798527985279952798527985270852798527985279852798527985279953798527985279852798537985279852798527985279852798527985379852798527985279852798527985279852
9852798527985279852798527985279852798527985279852798527985279852798527985279852798527985279852798527985279852798527985279852798527985270852798527985279852798527985279852798527985279852798527
8527985279852798527985279852798527985279852798527985279852798527985279852798527985279852798527985279852798527985279852798527985279852798527985279852798527985279852798527985279852798527985279
5279852798527985279852898527985279852798527985279852798527985279852798527985279852798527985279852798527985279952798527985279852798527985279852799527085279852798527985279852798527985279852798
2798527985279852798627985279852798527986279852798527985279852798527985279852798527985279852798527985279852798527985279852798627985279852798527986279852798527986289852798527985279852798527985
7985279852798527985279852798527985279852798527985279852798527986279852798527985279852798527985279852798527995279852798527985279852798527985279852798527985279852798527985279852798527985279852
0852798527985279852798527985279852798527985279852798527995270852798527985279852798527985279852798527985279852798527985279852798527985279853798527985279852798527986279852798527985289852798527
8527985279852798527985279852798527985279852798527985279852798527985279852798527985279852798527985279852798537985279852798527985279852798527985279852798527985279852798527985279852798527985279
5279852798527985279852798527985279852798527985279852798527985279852798527985279852798527985279852798527985279852798527985379952798627985279852798527985279852798527985279852898527985279852798
2798527985279852898527985279852798527985279852798528985279852798527985279852798527085279852798527985279852798527985279852798527985279852798527985279852798527985279852798527985279852798527995
7985279852798527985279852798527985279852798527985279852798527985279852798627985279852798527985279852798527985279852798527985279852798527985279852798527985279852798527985279852798527985279852
9852798527985279852798527985279852798527985270852798527985279852798527985279852798527985279852798527995279852798627985279852798527985279852798527985279852798527985279852798527985279852798527
8527985279852798527985279852798527985289852798527985279852798527985279852798527985279852799527985279852798527985279852798527985279952798527985279852798537985279852798527085279852798527985279
5379852799527985279852798527985279852799527985279852798527985279852798527985279852798527985279852798527995279852798527985279852798528985279852798527985279852798527995279852798527985279852898
2798527985289952798527985279852798527985279852798527985279852798527985279852898537985279853798527985279852798527985279852798527985279852798627985279852798537085279852798627985279852798527985
7985279852798527985279852798527985279852798527985279852798527985279852798527985279852798527985279852798527985379852798527985279852798527985279852798527985279852898527985279852798527985279852
9852798527985289852798527985279852798527985279852798627985279852798527985279852798527985279852798527985279852798527985279852798527985279852798527985279852798527985279852798527985279852798527
8527985279852799527985279852798527985279852798527985279852798527985279852798537985279852798528985279852708527985279852798527985279852798527985279852798527985279852798527985279852798527985279
5279852798527085279852798527985279852798527985279852798527985279852798527985279852798527985279852798527985279852798527985279852798527985279852798527985279852798527985279852798527985279852798
2798527985279852798527985279852798627985279852798527995279852798527985279852798527985279852798527995279852798527985279852798527985279852798527985279852798527985279852798537985279852798527985
7985279852798527985279852798527985279852798527985279852798527985279852798528985279852798527985279852798527985279852798527985279852798527985279852798527985279852798527985279852798527985279852
9852798527985279852798527985279852798527985279852798527985279852798627985279852798527085279852798527985279852798527985279852798527985279852798527985289852798527985279852798527985279852798527
8527985279852798527985279852798527985289852798527985279852798527985279852798527985279852798527985279853798527995279852798527985279852798527085279852798527985279852798527985279852798527985279
5279852798527985379952798537985279852798527985279852798527985279852798527985279852798627985279852798527985279852798527985279852798527985279852798527985279852798527985279852798527985279852798
2798527985279852798527985379852798527985279852798527985279852798527985279852798527985279853798527985279852798527985379852798527985279852798527985279852798527985279852798527985279862798527985
7985279852798527985279852798527985279852798527985279852798527985279852798527985279852798527985279852798527985279852798527985379852798527985279862798527985289852798527985279852798527985270852
9852798527985279852798527985279852798527985279852798527985279852798527985279852798527985270852799527985279852798527985279852798527985279852798527985279862798527985279852798527985279852798527
8527985279852798527985279852798527985279852798527985279852798527985279852798527985279852798527985279852898527985279852798527985279852798527985279852798527985279852798527985279853798527986279
5279852798527985279852798527985279852798527986279852798527985279852798527985279852798527985279852798527985279852798527985270852798527985279852798527985279852798527985379852798527985279852798
2798527985289852798527986279852798527985279852798527985279852708527985289852798527985279852798527985279852798527985279852798527985279852798527985279852798527985279852798527985279852798527985
7985279852798527985279852798527985279852898527985279852798527985279852798527985279852798527985279852798527985279852798527985279852798527985279852798527985379852798527985279852798527985279862
9852798527985279852798627985279852798527985279852798527985279852798527985279852798527985279852798527995279852798627985279852798527985279852798527985279852798527985279852798537985279852798527
8527985279852798527985279852798527985279852798527985279852798527985279852798527985279852798527985279852798527985279852798527985279852798527985279852798527985279852798527985279852798527995279
6279852798627985379852798527985279852798527995279853798527985279852798527985279852798527985279862798527985279852798537985279852798527985279852798527985279852798527985279852799528985279852798
2798527985279853798527985279852798527985379852798527985279852798527985279852798527985279852798527985279852798527985279852798527985279852798527985279852798527985279852798527985279852798527985
7985279852798527985279852798527985279852798527985270852798527905279852798527985279852798527985279862798527985279852798527985279852798627985279852798527985279852798527985279852798527985279852
9852798527985279853798527985379852798527985279852798527985279852798527985279852798527985279852798527985279852798527985279852799527985279852798527985279852798527985279852798527985279852798527
8527985279862798527985279852798527985279852798527985279852798527985279852798527985279852798527985279852798527985279852798527985279852798527985279852798527985279852798527985279852798528985279
5279852798527985279852798527985279852898527985279852798527985279852798527985279852798527985279852798527985279852798527985279852798527985279852798527985279852798527985279852798527985279852798
2798527985279852798527985279852798527985279853798527985279852798527985279852798527985279852798527985279852798527985279852798527985279852798627985279852798527985279852798527985279852708528985
7985279852798527985279852798527985279852798527985279852708527985279852798527985279852798527985279852708528985279852798527985279852798527985279852798527985279852798527985279852798527985279852
9852798527985279852798527985279852798527985279852798527985279852798527985279852798527985279852798528985279852798527985279852798527985270852798528985279852898527985279852798527986279852798527
8527985279852798527985279852798627985279852798527985279852798527985279852798527995279852798527985279852798527985379852798527985279862798527985279852798527985289852798527985279852798527985279
5279852798527985279852798527985279852798527985279862798527985279852798527985279852798527985279852798527985279852798527985279852798527985279852798527985279852798538985279852798527995279852798
2798527985279852798527985279852798527085279852798527985279852798527986279852798527985279852798527986279852898527985279852798527985279852798527985279852798527985279852798527985279852798527985
7985279852798527985279852798527985279852798527985279852798527985279852799527985279852798527985279852708527985279852798527986279852798527985279852798527985279852798527985279852798527985279852
9852798527985279852798527985279852798527985279852798527985279852798527985279852798527985279852798527985279852798527985279852798527985279852798527085279852798627985279852798527985279852798527
8527985279852798527985279852798527985279852798527985279852798527985279852798527985279852798627985279852798527985279852798527985279852798527985279852798527985279852798527985279852708527985279
5279852798527995279852798527985279852798527985279852798527985279852798527985279852798527985279852798527985279852798527985279852798527985279952798527985270852798527985279852798527985279852798
2798527985279852798527985279852798537985279852798527985279952798527985279852798527985279852798527985279852798527985279852798527985279852798527985279852798527985279852798527985279852798527985
7985279852898527985279852798527985279852798527985279852798527985279852798527985279852798527985289852798527985279852798527985279852798527985279852798527985279852798527985279852798627985279852
9852798527985279852798527985279852798528985279852798527985279852798528985279852798527985279852798527985279852798527985279852798527985279862798527985279852798527985279852798527985279852798537
8527985279852798527985279852798527985279852798527985279852798527985279852798527985279852708527995279852798527985279852798527985279952798527985279852798527985279852798527985279852798527985279
5279852798527985279852798527985279852798527985279852798527985270852798537985279852798527985279852798527985279852798527985279852798527985279852798527985279852798527985279852798627985279852798
2798527985279852798527985279852798527985279852798527085279852798527985289852798527985279852798527985279852798527985279852798527985279852798527985279852798527085279852798528985279852798527985
7985279852708527985379852798527985279852798527985279852798527985279852798527985279852798527985279852798527986279852798527985279852798527985279852798527985279852798527985279852798527985279852
9852798527985279852798527985279852798527985279852798527985289852798527985289852798527985279852798527995379852798527985279852798527985279852798527985279852798527985279852798527985279852798527
8527985279852798527985279852798527985279852798527985279852798527985279852798527985279852898527985279862798527985270852798527985279852798527985279852798527985279852898527985279852798527985279
5279852798527985289852798527985279852798527985279852798527985279952798527985279952798527985279852798537985279852798527985279852798527985279852798527985279852798527985279852798527985279852798
2798527985279952798527085279852798527985279862798527985279852798527985279852798527985279852798527985279852798527985279852798527985279852798527985279852798527985279852798527985270852798537985
7985279852798527985289852798527985279852798527985270852798527985279852798527985279852798527985289852798527985279852798527985279852798527985279852798527985279852798527985279852798527085279852
9852798527985279852798527985279852798527985279852798527985279852798527985279852798527985279852798527985279852798527985279862798527995279853798527985279852798527985279852798527985279862798527
8527985279852798537985279852798527985279852798527985279852798527985279852798527985279852798527985289862798527985279852798527985279852798527985279853798527985279852798527985279852708527985279
5279852798527985279852798527985279852798527985279852798537985279862798527985279852798527985279852798527985279852798527985279852798627985279853798527985279852798527985279853798527985279852798
3798527985279852798527985279852798527985279852798527985279852798527985279852798527985279852798527985279852798527985279852798528985279852798527985279852798527985279852798527985279852798527985
7985279852798527985379852798527986279852798527985279852798527985279852798527985279852798527985279852798527985279852798527985279852798527985279852798527985279852798527985279852798527985279852
9852798527985279852708527985279852798527985279853798627985279852898527985279852798527985279852798527985279852798527995279852798527985279852798527985279852798527985279852798527985279852798527
8527985279852798527985279852798627985279852798527985279852798527985279852798527985279852798527985279852798527985279852798527985279852798527985279852798527985279852799527985279862798527985279
5279852798527985279852798527985279852798527985279852798527985279852798527985279852798527985279852798527985279852798527985279852798527985279852798527985279853799527985279852798527985279852798
2798527985279852898527985279852798527985279852798527985279852798527985279852898527985279852798627985279852798527985279852798527985279852798527985279852799527985279852798527985279852798527985
7985279852798527985279852798627985279852798527985279852798527985279852798527985279853798527985379852798527985279852798527985279952798527985279862798527986279852798527985279852798527985279852
9852798537985279852798527985279852798527985279852798527985279852708527985279852798527985279852798527985279852798527985279852798527985279852798527985279852798527985279852798627985279852798527
8527985279852798527985279852798527985279852798527985279852798527985279852798527985279862798527985279852898527985279852798527985279852798527985279852798527985279852798527985279852798527985279
5379852798527985279852798527985279852798627985279852798527985289852798527985279852798527985279852798527985279852798627985279852798627986279852798527985279852798527985279852798527985279852798
2798527985279852798527985279852798527985279852798527085279853798527985279852798527985279852798527985279852798527985279852798527985279852898527985279852798527985279852799527985289852798527985
7985279852798527985279852798527985279852798527995279852798527985279852798527985279852808527985279852708527985279852799527985279852798527985279852798527985279853798527985289852798527985279852
9852798527985279852798527985279852798527985279852798527985279852798527085279852798527985279852798528985279852798527985279852798527085279852799527985279852798527985279852798527985279852798527
8527985279852798527985279852708527985279852798527985279852798527995279852798527985279852798527985279852798527985279852798527985279852798527985279852799527985279862798527985279852798527985279
6279852798527985279852798527985279852798527985279852798527985279852798527985279852798527985279852798527985279852798527985279852798527985279852798527985279852798527985279852798527985279852798
2798527985279852798527985279852798527985279852798527985279852798527985279852798527985279853798527985279852798527985279852798527985379852798527985279852798527985279852798527985279862798527985
7985279852898527985279852798527985279852798527985279852798527985279852798527985279852798527085279852798527985279852798527985279852798527985279852798527985279852798527985279852798527985279852
9852798527985279852798527985279852798527985279852798627985279852798527985279852798527985279852798527985279852798527985279852798527985279852798527985279862708527985279852798527985279852798527
8527985279852798527995279852798527985279852798527985279852798527985279852798527985279852898527985279852798527985279852798527985279852798527985279852798527985279852798527985279852798527985279
5279852798527985279852798527985279852798527985279852798527985279852798527985279852798527985279852798527985279852798527985279852798537985279952798527985279852798527985279852798527985279852898
2798527985279852798527985279852798527985279852798527985279852798547985279852798527985279852798528985279852798527985279852798527985279852798627985279852798527985279852798527985279852798527986
7985279852798527985279852798527985289852798527985279852798527985289852798527985279852798527985279852798527985279852798527985279852798527985279852798527985279852798527985279852798527985279852
9852798527985279852798528985279852798527985279852798527985279852798527985279852798527985279852798527985279852798527985279852798527985279852798527985279852798527985279852798527985279852798527
8527985279852798527985279852798527985279852798527985279852798527985279862798527985279852798527985279952798527985279852798527985279852798527985279852798527985279852798527985279852798527985279
5279852798527985279852798527985279852798527085279852798527985279852798527985279852798527985279852798527985279852798527985279852798527985279852798527985279852798527985279852798527985270852798
2798527985279852798527985279852798527986279852798527985279852798527985279852798527985279852798527985279852798527985279852798527995279852798527985279852798527985279852798527985279852798527985
7985279852798527985279852798527985279852708627985279852798527985279852798527985279852798527985279852798527985279852798527985279852798527985279852798527985279852798527985279852798527985279852
9853798527985289852798527985279852798527985279852798527985279852799527985279852798527085279852798527985279852798527985279852798527985279852798527985279852798527985279852798527985279952798527
8527985279852798527985279852798527985279852798527985279852798527985279852798527985279852798527985279862798527985279852798527985279852798527985279852798527986279852798527985279852798527985279
5279852799527985279852798527985279852798537985279852798527985270952799527985279852798527985279852798527985279852798627985279852798527985279852798527985279852798527985279852798527985279852798
2798527985279852798527985289852798527985279852798527985279852798527985279952798527985279852798527985279852798527985279852798527985279852798528985279852798527985279852798527985279852798527985
7985279852798527985279852798527985279852798527985279852798527985279852798527985279852798527986279852798527985279852798527985279852798527985279852798527985289952798527985279853798527985270852
9852798527985279852798527985279852798527985279852898527985279852798527985279852798527985279852798527985279852798527985279852798527985279852798527985279852798537985279852798527985279852798527
8527985279852798527985279852798527985279852798527985279852798537985279852898527985279852798527985279852798527985279862798527985279852798527985279852798527985279852798527986279852798527985279
6279852798527985279852798527085279952798527985279852798527985279852798527985279852798527985279853798527985279852798527985279852798527985279852798527985270852798527985279852798527985279852798
2798527985279852798527985279852798527985279853798527985279852798527985279852798527985279852798527985279852798527985279852798527985279852798527985270852798527985279852798528985279852798527985
7985279852798527985279852798537985279852798527985279852798527985279852798527985279852798527985270852798527985279852798527985279852798527985279852798527985279852798527985279852798527985279852
9852798527985279862798527985279852798527985279852798527985279852798527985279852798527985279852798527985279852798527985270852798527985270852798527985379852798527985279852798527985279852798527
8527985279952708527985280852798527985279852709527985279852798527985279852798537985279852798527985279852798527985279852798527985279852798527985279852798527985279852798527985279852798527985279
5279852798527985279852799527985279852798527985279852798527085279852798527985279852798527985279852798527995279852798527985279852798527985279852798527985279852798527985279852798527985279852798
2798527985279852798527985279852798527985279852798527985279852798527985279852798537985279852798527985279852708527985279852798527085279852798527985279852798527985270852798527985279852798527085
7985279852798527985279852798527985279852798537985279852798527985279852798527985279852798527985279852798527985289852798527985279852798527985279852798527985279852799527985270852798527985379852
9852798527985279852798527985279852798527985279852799527985279952898527985279852798527985279852798527985279852798527985279852798527985279852798527985279852798527985279852798527985279852798527
8527985279852798527985279852798527985279852798527985279852798527985279852798527985279852798537985279852798527985279852798527985279852798527985279852798527985279852798527985279852798527985279
5279852798527985279852798527985279852798527985279852798527985279852798627985279852798527985280852798527985279852798527985279852798527985279852798627985279852798527985279852798527985279852798
2798527985279852798527985279852798527985279852798527985279853798527985279852798527985279852798527985279852798527985279852798527985279852798527985279852798527985279852798527985279852798627985
7985279852798527985279862798527985279852798527985279852798528985279852798527985279852798527985279852798527985279852798527985279852798527985279852798527985279852798527985279852798527985279852
9852798527985279852798527985279852798527985279852798527985279852798527985279852798527985279852798537985279852798527985279852798527985279852798527985279852798527985279852798527985279852898527
8527985270852798527985279852798527985279852798527985279852798527985279852798527985279852798527985279852798527985279852798527985279852798527985279852798527985279852798527985279852798527985279
5279853798527985279852798527985279852798527985279852798537985279852798627985279854798527985279852798527985279852798527985279862798527995279852798527985279852798527985279852798527985279852798
2798527985279852798527985279853798527985279852798527985279852798527985279852798527985279852798527985279852798527985279852798527985279852798527985279852798527985279852798527985279852798527985
7985279852798527985279852798527985279852798527985379852798527085279852798527985279852798527985279852798527985279852798537995279852798527985289852798527985279852798527985279852798527985279852
9852798527985279852798527985279852798527985279852798537985279852798537985279852798527985279862798527985279852798527985279852798527985279852798527985279852798527985279852708527985279852798527
8527985279852798527985279852798527985279852798527985279852798527985279852798527985279862798527985279852798527985279852798527985279852798527986279852798527985279852798527985279852798527985270
5279852798527985289852798527985279852798527985279852798527985279852798527985279852798527985279852798527985279852798528985279852798527985279852798527985279852798527985279852798527985279852798
2798527985279852798527995279852798527985279852798527985279852798527986279852798527985279852798527985279852798527985279852798527985279852798527985279852798527985279852798527985279852798527985
7985279852798527985279852798527985279852798527985279852798527985279852798527985279952798527985279852798527985279852798527985279852798527985279852798527985279852798627986279852798527985279852
9952798527985279852798527985279852798527985279862798527985279852798527985279852798527985279852798527985279852798527985279852798527985279852798527985279852798527985279852798527985279852798527
8527985279852798527985279852798527985279852898527985279852798527985279852799527985279852798527985289852798527985279852798527985279852798527985279852798527985279852798527985270852798527985279
5279852798527985279852798527985279852798527985279852798527985279852798527985279852798527985279852798527985279852798527985279853798527985279852798527985279852798527985279852798527985279852798
2798527985279852798527985279852798527985279852898527985279952798528985279852798527985279952798527985289852798527985279852798527985279852798527985279852798527985279852798527985279852798527985
7985279852798527985279852798527985279852798527985279852798527985279852798527985289852798527985279852798527985279852798527985279852798527985279852798527985279852708527995279852798527985279852
9852798527985279852798527985279852798527985279852798527985279852798527985279852798527985279852798527985279862798527985279852798527985279852798527985279852798527985270852798527985279852798527
8527085270852798527985379852798527986279852798527985279852798527985279852798527985279852798527985279852798527985279852798527985279852798527985279852798527985279852798527985279852798527985279
5279852798527985279852798527985279852798627985279852798527985279852798527985279852798527985270852798527985279852798527985279852798527985279852798527985279852798527985279852798527985279852798
2798527985279852798527985279852798527985279852798527985279852798528985279852798527985279852798527985279852798527985289852798527995270852798527995279852798527985279852798527985279852798527985
7985279852798527985279852798527985279852798537985279852798527985279852898527985279852708527985279852798527985279852798527985279852798527985279852798527985279852798527985279852798527985279852
9852798527985279852798527085279852798527985279852798537985279852798527985279852798527985279852798527985279852798527986279852798527985289852798527985279852798527985279852798527985279852798527
8527985279852798527985279852798527985279852798527985279852798527985279852798527985279852798527985279852798527985279852799527985279852798527985279852798527985279852798527985279852798527985279
5279952798527985279852798527985279852708527085279852798527985289852798527985279852798527985279852798527985279852798527985279852798527985279862798527985279852798527985279852798527985279852798
2798527985279852798527985279852798527985279852898527985279852798527985279852798527985279852798527985279862708537985270852798527985279862798527995279852798527985279852798527985279852798527985
7985270852798527985279852798527985279852798527985279852798527985279852798527985279852798527985279852798527985279852798527985279852798527985279852798527985279852798627985279852799527985279852
9852798527985279852798527985279852798527985279853798527985279852798527985279852798527985379952798527985279852798527985279852798527985279852798527985279852798527985279852798527985279852798527
8527985279852798527985279852898527985279852798527985279852798527985279852798527985279852798527985279852798527085279852798527985279852798527985279852798527985379852798527985279852798527985279
5279852798527985279852798527085279852798527985279852798527985279852798527985270852798527985279852898527985279852798527985279852798527985279852798527985279852798527985279852798527985279852798
2798527985279852798527985279852798527985279852798527985279862798527985279852798527985279862798527985279852798527985279852799527985279852798527985279852798527985279852798527985279852798527985
7985279852798528985279852798527995279852798627985279852798537985279852898527985279852798527985279852798527985379852798527985279852798527985279852798527985279852798527985279852798527985289852
9852798527985279852708527985279852798527985279852798527985279852798527985279852798527985279852798527985279852798527985279862798527985279852798527985279852798527985279852798527985279852798537
8527985279852798527985279852798527985279852798537985279852798527985279852798527985279852798527985279852798527985279852798527985279852798527985279852798527985279852798527985279852798527985279
5279852798527985379852798527985279852798527985279852798527985279852798527085279852798527985279852798527985279852798527985279852798527985279852798527985279852798527985279852798527985279852798
2798527985279852798527985279852798527985279852798527985279852798527985279852798527985279852798527985279852798527985279852798527985279852798527985279852798527985279852798527985279852798527985
7985279862798527985279852798527985279852798527985279852798527985279852798527985270852798527985279852798527985279852798527985279852798527985279852798527985279852798527985279852798527985279852
9852798527985279852798527985279852798627985379852798527985279852798527985279852798527985279852798527985279852798537985379852798527985279852798527985279853798527985279852798527985279852798527
8527985279852798527985279852798527985279852798527985279852798527985279852798527985299852798527985279852798527985279852798527985279852798527985279852798527985279852798537985279852798527985270
5279852798527985279852798527985279852798527985279852799527985279852798527985279852798527985279852798527985279852798527985379852798527985279852798527985279852798527985279852798527985279852798
2798527985279852798527985279852798527985279852798527985279852798527985279852798527985279852798527085279852798527985279852798527985279852798527985279852798527985279852798527985279852798527985
