99 548
21653216532165321653216532165321653216532165321653216532165321653216532165321653216532165321653216532165321653216532165321653216532165321653216532165321653216532165321653216532165321653216532165321653216532165321653216532165321653216532165321653216532165321653216532165321653216532165321653216532165321653216532165321653216532165321653216532165321653216532165321653216532165321653216532165321653216532165321653216532165321653216532165321653216532165321653216532165321653216532165321653216532165321653216532165321653216532165321653216532165321653216
16532165321653216532165321653216532165321653216532165321653216532165321653216532165321653216532165321653216532165321653216532165321653216532165321653216532165321653216532165321653216532165321653216532165321653216532165321653216532165321653216532165321653216532165321653216532165321653216532165321653216532165321653216532165321653216532165321653216532165321653216532165321653216532165321653216532165321653216532165321653216532165321653216532165321653216532165321653216532165321653216532165321653216532165321653216532165321653216532165321653216532165
65321653216532165321653216532165321653216532165321653216532165321653216532165321653216532165321653216532165321653216532165321653216532165321653216532165321653216532165321653216532165321653216532165321653216532165321653216532165321653216532165321653216532165321653216532165321653216532165321653216532165321653216532165321653216532165321653216532165321653216532165321653216532165321653216532165321653216532165321653216532165321653216532165321653216532165321653216532165321653216532165321653216532165321653216532165321653216532165321653216532165321653
53216532165321653216532165321653216532165321653216532165321653216532165321653216532165321653216532165321653216532165321653216532165321653216532165321653216532165321653216532165321653216532165321653216532165321653216532165321653216532165321653216532165321653216532165321653216532165321653216532165321653216532165321653216532165321653216532165321653216532165321653216532165321653216532165321653216532165321653216532165321653216532165321653216532165321653216532165321653216532165321653216532165321653216532165321653216532165321653216532165321653216532
32165321653216532165321653216532165321653216532165321653216532165321653216532165321653216532165321653216532165321653216532165321653216532165321653216532165321653216532165321653216532165321653216532165321653216532165321653216532165321653216532165321653216532165321653216532165321653216532165321653216532165321653216532165321653216532165321653216532165321653216532165321653216532165321653216532165321653216532165321653216532165321653216532165321653216532165321653216532165321653216532165321653216532165321653216532165321653216532165321653216532165321
21653216532165321653216532165321653216532165321653216532165321653216532165321653216532165321653216532165321653216532165321653216532165321653216532165321653216532165321653216532165321653216532165321653216532165321653216532165321653216532165321653216532165321653216532165321653216532165321653216532165321653216532165321653216532165321653216532165321653216532165321653216532165321653216532165321653216532165321653216532165321653216532165321653216532165321653216532165321653216532165321653216532165321653216532165321653216532165321653216532165321653216
16532165321653216532165321653216532165321653216532165321653216532165321653216532165321653216532165321653216532165321653216532165321653216532165321653216532165321653216532165321653216532165321653216532165321653216532165321653216532165321653216532165321653216532165321653216532165321653216532165321653216532165321653216532165321653216532165321653216532165321653216532165321653216532165321653216532165321653216532165321653216532165321653216532165321653216532165321653216532165321653216532165321653216532165321653216532165321653216532165321653216532165
65321653216532165321653216532165321653216532165321653216532165321653216532165321653216532165321653216532165321653216532165321653216532165321653216532165321653216532165321653216532165321653216532165321653216532165321653216532165321653216532165321653216532165321653216532165321653216532165321653216532165321653216532165321653216532165321653216532165321653216532165321653216532165321653216532165321653216532165321653216532165321653216532165321653216532165321653216532165321653216532165321653216532165321653216532165321653216532165321653216532165321653
53216532165321653216532165321653216532165321653216532165321653216532165321653216532165321653216532165321653216532165321653216532165321653216532165321653216532165321653216532165321653216532165321653216532165321653216532165321653216532165321653216532165321653216532165321653216532165321653216532165321653216532165321653216532165321653216532165321653216532165321653216532165321653216532165321653216532165321653216532165321653216532165321653216532165321653216532165321653216532165321653216532165321653216532165321653216532165321653216532165321653216532
32165321653216532165321653216532165321653216532165321653216532165321653216532165321653216532165321653216532165321653216532165321653216532165321653216532165321653216532165321653216532165321653216532165321653216532165321653216532165321653216532165321653216532165321653216532165321653216532165321653216532165321653216532165321653216532165321653216532165321653216532165321653216532165321653216532165321653216532165321653216532165321653216532165321653216532165321653216532165321653216532165321653216532165321653216532165321653216532165321653216532165321
21653216532165321653216532165321653216532165321653216532165321653216532165321653216532165321653216532165321653216532165321653216532165321653216532165321653216532165321653216532165321653216532165321653216532165321653216532165321653216532165321653216532165321653216532165321653216532165321653216532165321653216532165321653216532165321653216532165321653216532165321653216532165321653216532165321653216532165321653216532165321653216532165321653216532165321653216532165321653216532165321653216532165321653216532165321653216532165321653216532165321653216
16532165321653216532165321653216532165321653216532165321653216532165321653216532165321653216532165321653216532165321653216532165321653216532165321653216532165321653216532165321653216532165321653216532165321653216532165321653216532165321653216532165321653216532165321653216532165321653216532165321653216532165321653216532165321653216532165321653216532165321653216532165321653216532165321653216532165321653216532165321653216532165321653216532165321653216532165321653216532165321653216532165321653216532165321653216532165321653216532165321653216532165
65321653216532165321653216532165321653216532165321653216532165321653216532165321653216532165321653216532165321653216532165321653216532165321653216532165321653216532165321653216532165321653216532165321653216532165321653216532165321653216532165321653216532165321653216532165321653216532165321653216532165321653216532165321653216532165321653216532165321653216532165321653216532165321653216532165321653216532165321653216532165321653216532165321653216532165321653216532165321653216532165321653216532165321653216532165321653216532165321653216532165321653
53216532165321653216532165321653216532165321653216532165321653216532165321653216532165321653216532165321653216532165321653216532165321653216532165321653216532165321653216532165321653216532165321653216532165321653216532165321653216532165321653216532165321653216532165321653216532165321653216532165321653216532165321653216532165321653216532165321653216532165321653216532165321653216532165321653216532165321653216532165321653216532165321653216532165321653216532165321653216532165321653216532165321653216532165321653216532165321653216532165321653216532
32165321653216532165321653216532165321653216532165321653216532165321653216532165321653216532165321653216532165321653216532165321653216532165321653216532165321653216532165321653216532165321653216532165321653216532165321653216532165321653216532165321653216532165321653216532165321653216532165321653216532165321653216532165321653216532165321653216532165321653216532165321653216532165321653216532165321653216532165321653216532165321653216532165321653216532165321653216532165321653216532165321653216532165321653216532165321653216532165321653216532165321
21653216532165321653216532165321653216532165321653216532165321653216532165321653216532165321653216532165321653216532165321653216532165321653216532165321653216532165321653216532165321653216532165321653216532165321653216532165321653216532165321653216532165321653216532165321653216532165321653216532165321653216532165321653216532165321653216532165321653216532165321653216532165321653216532165321653216532165321653216532165321653216532165321653216532165321653216532165321653216532165321653216532165321653216532165321653216532165321653216532165321653216
16532165321653216532165321653216532165321653216532165321653216532165321653216532165321653216532165321653216532165321653216532165321653216532165321653216532165321653216532165321653216532165321653216532165321653216532165321653216532165321653216532165321653216532165321653216532165321653216532165321653216532165321653216532165321653216532165321653216532165321653216532165321653216532165321653216532165321653216532165321653216532165321653216532165321653216532165321653216532165321653216532165321653216532165321653216532165321653216532165321653216532165
65321653216532165321653216532165321653216532165321653216532165321653216532165321653216532165321653216532165321653216532165321653216532165321653216532165321653216532165321653216532165321653216532165321653216532165321653216532165321653216532165321653216532165321653216532165321653216532165321653216532165321653216532165321653216532165321653216532165321653216532165321653216532165321653216532165321653216532165321653216532165321653216532165321653216532165321653216532165321653216532165321653216532165321653216532165321653216532165321653216532165321653
53216532165321653216532165321653216532165321653216532165321653216532165321653216532165321653216532165321653216532165321653216532165321653216532165321653216532165321653216532165321653216532165321653216532165321653216532165321653216532165321653216532165321653216532165321653216532165321653216532165321653216532165321653216532165321653216532165321653216532165321653216532165321653216532165321653216532165321653216532165321653216532165321653216532165321653216532165321653216532165321653216532165321653216532165321653216532165321653216532165321653216532
32165321653216532165321653216532165321653216532165321653216532165321653216532165321653216532165321653216532165321653216532165321653216532165321653216532165321653216532165321653216532165321653216532165321653216532165321653216532165321653216532165321653216532165321653216532165321653216532165321653216532165321653216532165321653216532165321653216532165321653216532165321653216532165321653216532165321653216532165321653216532165321653216532165321653216532165321653216532165321653216532165321653216532165321653216532165321653216532165321653216532165321
21653216532165321653216532165321653216532165321653216532165321653216532165321653216532165321653216532165321653216532165321653216532165321653216532165321653216532165321653216532165321653216532165321653216532165321653216532165321653216532165321653216532165321653216532165321653216532165321653216532165321653216532165321653216532165321653216532165321653216532165321653216532165321653216532165321653216532165321653216532165321653216532165321653216532165321653216532165321653216532165321653216532165321653216532165321653216532165321653216532165321653216
16532165321653216532165321653216532165321653216532165321653216532165321653216532165321653216532165321653216532165321653216532165321653216532165321653216532165321653216532165321653216532165321653216532165321653216532165321653216532165321653216532165321653216532165321653216532165321653216532165321653216532165321653216532165321653216532165321653216532165321653216532165321653216532165321653216532165321653216532165321653216532165321653216532165321653216532165321653216532165321653216532165321653216532165321653216532165321653216532165321653216532165
65321653216532165321653216532165321653216532165321653216532165321653216532165321653216532165321653216532165321653216532165321653216532165321653216532165321653216532165321653216532165321653216532165321653216532165321653216532165321653216532165321653216532165321653216532165321653216532165321653216532165321653216532165321653216532165321653216532165321653216532165321653216532165321653216532165321653216532165321653216532165321653216532165321653216532165321653216532165321653216532165321653216532165321653216532165321653216532165321653216532165321653
53216532165321653216532165321653216532165321653216532165321653216532165321653216532165321653216532165321653216532165321653216532165321653216532165321653216532165321653216532165321653216532165321653216532165321653216532165321653216532165321653216532165321653216532165321653216532165321653216532165321653216532165321653216532165321653216532165321653216532165321653216532165321653216532165321653216532165321653216532165321653216532165321653216532165321653216532165321653216532165321653216532165321653216532165321653216532165321653216532165321653216532
32165321653216532165321653216532165321653216532165321653216532165321653216532165321653216532165321653216532165321653216532165321653216532165321653216532165321653216532165321653216532165321653216532165321653216532165321653216532165321653216532165321653216532165321653216532165321653216532165321653216532165321653216532165321653216532165321653216532165321653216532165321653216532165321653216532165321653216532165321653216532165321653216532165321653216532165321653216532165321653216532165321653216532165321653216532165321653216532165321653216532165321
21653216532165321653216532165321653216532165321653216532165321653216532165321653216532165321653216532165321653216532165321653216532165321653216532165321653216532165321653216532165321653216532165321653216532165321653216532165321653216532165321653216532165321653216532165321653216532165321653216532165321653216532165321653216532165321653216532165321653216532165321653216532165321653216532165321653216532165321653216532165321653216532165321653216532165321653216532165321653216532165321653216532165321653216532165321653216532165321653216532165321653216
16532165321653216532165321653216532165321653216532165321653216532165321653216532165321653216532165321653216532165321653216532165321653216532165321653216532165321653216532165321653216532165321653216532165321653216532165321653216532165321653216532165321653216532165321653216532165321653216532165321653216532165321653216532165321653216532165321653216532165321653216532165321653216532165321653216532165321653216532165321653216532165321653216532165321653216532165321653216532165321653216532165321653216532165321653216532165321653216532165321653216532165
65321653216532165321653216532165321653216532165321653216532165321653216532165321653216532165321653216532165321653216532165321653216532165321653216532165321653216532165321653216532165321653216532165321653216532165321653216532165321653216532165321653216532165321653216532165321653216532165321653216532165321653216532165321653216532165321653216532165321653216532165321653216532165321653216532165321653216532165321653216532165321653216532165321653216532165321653216532165321653216532165321653216532165321653216532165321653216532165321653216532165321653
53216532165321653216532165321653216532165321653216532165321653216532165321653216532165321653216532165321653216532165321653216532165321653216532165321653216532165321653216532165321653216532165321653216532165321653216532165321653216532165321653216532165321653216532165321653216532165321653216532165321653216532165321653216532165321653216532165321653216532165321653216532165321653216532165321653216532165321653216532165321653216532165321653216532165321653216532165321653216532165321653216532165321653216532165321653216532165321653216532165321653216532
32165321653216532165321653216532165321653216532165321653216532165321653216532165321653216532165321653216532165321653216532165321653216532165321653216532165321653216532165321653216532165321653216532165321653216532165321653216532165321653216532165321653216532165321653216532165321653216532165321653216532165321653216532165321653216532165321653216532165321653216532165321653216532165321653216532165321653216532165321653216532165321653216532165321653216532165321653216532165321653216532165321653216532165321653216532165321653216532165321653216532165321
21653216532165321653216532165321653216532165321653216532165321653216532165321653216532165321653216532165321653216532165321653216532165321653216532165321653216532165321653216532165321653216532165321653216532165321653216532165321653216532165321653216532165321653216532165321653216532165321653216532165321653216532165321653216532165321653216532165321653216532165321653216532165321653216532165321653216532165321653216532165321653216532165321653216532165321653216532165321653216532165321653216532165321653216532165321653216532165321653216532165321653216
16532165321653216532165321653216532165321653216532165321653216532165321653216532165321653216532165321653216532165321653216532165321653216532165321653216532165321653216532165321653216532165321653216532165321653216532165321653216532165321653216532165321653216532165321653216532165321653216532165321653216532165321653216532165321653216532165321653216532165321653216532165321653216532165321653216532165321653216532165321653216532165321653216532165321653216532165321653216532165321653216532165321653216532165321653216532165321653216532165321653216532165
65321653216532165321653216532165321653216532165321653216532165321653216532165321653216532165321653216532165321653216532165321653216532165321653216532165321653216532165321653216532165321653216532165321653216532165321653216532165321653216532165321653216532165321653216532165321653216532165321653216532165321653216532165321653216532165321653216532165321653216532165321653216532165321653216532165321653216532165321653216532165321653216532165321653216532165321653216532165321653216532165321653216532165321653216532165321653216532165321653216532165321653
53216532165321653216532165321653216532165321653216532165321653216532165321653216532165321653216532165321653216532165321653216532165321653216532165321653216532165321653216532165321653216532165321653216532165321653216532165321653216532165321653216532165321653216532165321653216532165321653216532165321653216532165321653216532165321653216532165321653216532165321653216532165321653216532165321653216532165321653216532165321653216532165321653216532165321653216532165321653216532165321653216532165321653216532165321653216532165321653216532165321653216532
32165321653216532165321653216532165321653216532165321653216532165321653216532165321653216532165321653216532165321653216532165321653216532165321653216532165321653216532165321653216532165321653216532165321653216532165321653216532165321653216532165321653216532165321653216532165321653216532165321653216532165321653216532165321653216532165321653216532165321653216532165321653216532165321653216532165321653216532165321653216532165321653216532165321653216532165321653216532165321653216532165321653216532165321653216532165321653216532165321653216532165321
21653216532165321653216532165321653216532165321653216532165321653216532165321653216532165321653216532165321653216532165321653216532165321653216532165321653216532165321653216532165321653216532165321653216532165321653216532165321653216532165321653216532165321653216532165321653216532165321653216532165321653216532165321653216532165321653216532165321653216532165321653216532165321653216532165321653216532165321653216532165321653216532165321653216532165321653216532165321653216532165321653216532165321653216532165321653216532165321653216532165321653216
16532165321653216532165321653216532165321653216532165321653216532165321653216532165321653216532165321653216532165321653216532165321653216532165321653216532165321653216532165321653216532165321653216532165321653216532165321653216532165321653216532165321653216532165321653216532165321653216532165321653216532165321653216532165321653216532165321653216532165321653216532165321653216532165321653216532165321653216532165321653216532165321653216532165321653216532165321653216532165321653216532165321653216532165321653216532165321653216532165321653216532165
65321653216532165321653216532165321653216532165321653216532165321653216532165321653216532165321653216532165321653216532165321653216532165321653216532165321653216532165321653216532165321653216532165321653216532165321653216532165321653216532165321653216532165321653216532165321653216532165321653216532165321653216532165321653216532165321653216532165321653216532165321653216532165321653216532165321653216532165321653216532165321653216532165321653216532165321653216532165321653216532165321653216532165321653216532165321653216532165321653216532165321653
53216532165321653216532165321653216532165321653216532165321653216532165321653216532165321653216532165321653216532165321653216532165321653216532165321653216532165321653216532165321653216532165321653216532165321653216532165321653216532165321653216532165321653216532165321653216532165321653216532165321653216532165321653216532165321653216532165321653216532165321653216532165321653216532165321653216532165321653216532165321653216532165321653216532165321653216532165321653216532165321653216532165321653216532165321653216532165321653216532165321653216532
32165321653216532165321653216532165321653216532165321653216532165321653216532165321653216532165321653216532165321653216532165321653216532165321653216532165321653216532165321653216532165321653216532165321653216532165321653216532165321653216532165321653216532165321653216532165321653216532165321653216532165321653216532165321653216532165321653216532165321653216532165321653216532165321653216532165321653216532165321653216532165321653216532165321653216532165321653216532165321653216532165321653216532165321653216532165321653216532165321653216532165321
21653216532165321653216532165321653216532165321653216532165321653216532165321653216532165321653216532165321653216532165321653216532165321653216532165321653216532165321653216532165321653216532165321653216532165321653216532165321653216532165321653216532165321653216532165321653216532165321653216532165321653216532165321653216532165321653216532165321653216532165321653216532165321653216532165321653216532165321653216532165321653216532165321653216532165321653216532165321653216532165321653216532165321653216532165321653216532165321653216532165321653216
16532165321653216532165321653216532165321653216532165321653216532165321653216532165321653216532165321653216532165321653216532165321653216532165321653216532165321653216532165321653216532165321653216532165321653216532165321653216532165321653216532165321653216532165321653216532165321653216532165321653216532165321653216532165321653216532165321653216532165321653216532165321653216532165321653216532165321653216532165321653216532165321653216532165321653216532165321653216532165321653216532165321653216532165321653216532165321653216532165321653216532165
65321653216532165321653216532165321653216532165321653216532165321653216532165321653216532165321653216532165321653216532165321653216532165321653216532165321653216532165321653216532165321653216532165321653216532165321653216532165321653216532165321653216532165321653216532165321653216532165321653216532165321653216532165321653216532165321653216532165321653216532165321653216532165321653216532165321653216532165321653216532165321653216532165321653216532165321653216532165321653216532165321653216532165321653216532165321653216532165321653216532165321653
53216532165321653216532165321653216532165321653216532165321653216532165321653216532165321653216532165321653216532165321653216532165321653216532165321653216532165321653216532165321653216532165321653216532165321653216532165321653216532165321653216532165321653216532165321653216532165321653216532165321653216532165321653216532165321653216532165321653216532165321653216532165321653216532165321653216532165321653216532165321653216532165321653216532165321653216532165321653216532165321653216532165321653216532165321653216532165321653216532165321653216532
32165321653216532165321653216532165321653216532165321653216532165321653216532165321653216532165321653216532165321653216532165321653216532165321653216532165321653216532165321653216532165321653216532165321653216532165321653216532165321653216532165321653216532165321653216532165321653216532165321653216532165321653216532165321653216532165321653216532165321653216532165321653216532165321653216532165321653216532165321653216532165321653216532165321653216532165321653216532165321653216532165321653216532165321653216532165321653216532165321653216532165321
21653216532165321653216532165321653216532165321653216532165321653216532165321653216532165321653216532165321653216532165321653216532165321653216532165321653216532165321653216532165321653216532165321653216532165321653216532165321653216532165321653216532165321653216532165321653216532165321653216532165321653216532165321653216532165321653216532165321653216532165321653216532165321653216532165321653216532165321653216532165321653216532165321653216532165321653216532165321653216532165321653216532165321653216532165321653216532165321653216532165321653216
16532165321653216532165321653216532165321653216532165321653216532165321653216532165321653216532165321653216532165321653216532165321653216532165321653216532165321653216532165321653216532165321653216532165321653216532165321653216532165321653216532165321653216532165321653216532165321653216532165321653216532165321653216532165321653216532165321653216532165321653216532165321653216532165321653216532165321653216532165321653216532165321653216532165321653216532165321653216532165321653216532165321653216532165321653216532165321653216532165321653216532165
65321653216532165321653216532165321653216532165321653216532165321653216532165321653216532165321653216532165321653216532165321653216532165321653216532165321653216532165321653216532165321653216532165321653216532165321653216532165321653216532165321653216532165321653216532165321653216532165321653216532165321653216532165321653216532165321653216532165321653216532165321653216532165321653216532165321653216532165321653216532165321653216532165321653216532165321653216532165321653216532165321653216532165321653216532165321653216532165321653216532165321653
53216532165321653216532165321653216532165321653216532165321653216532165321653216532165321653216532165321653216532165321653216532165321653216532165321653216532165321653216532165321653216532165321653216532165321653216532165321653216532165321653216532165321653216532165321653216532165321653216532165321653216532165321653216532165321653216532165321653216532165321653216532165321653216532165321653216532165321653216532165321653216532165321653216532165321653216532165321653216532165321653216532165321653216532165321653216532165321653216532165321653216532
32165321653216532165321653216532165321653216532165321653216532165321653216532165321653216532165321653216532165321653216532165321653216532165321653216532165321653216532165321653216532165321653216532165321653216532165321653216532165321653216532165321653216532165321653216532165321653216532165321653216532165321653216532165321653216532165321653216532165321653216532165321653216532165321653216532165321653216532165321653216532165321653216532165321653216532165321653216532165321653216532165321653216532165321653216532165321653216532165321653216532165321
21653216532165321653216532165321653216532165321653216532165321653216532165321653216532165321653216532165321653216532165321653216532165321653216532165321653216532165321653216532165321653216532165321653216532165321653216532165321653216532165321653216532165321653216532165321653216532165321653216532165321653216532165321653216532165321653216532165321653216532165321653216532165321653216532165321653216532165321653216532165321653216532165321653216532165321653216532165321653216532165321653216532165321653216532165321653216532165321653216532165321653216
16532165321653216532165321653216532165321653216532165321653216532165321653216532165321653216532165321653216532165321653216532165321653216532165321653216532165321653216532165321653216532165321653216532165321653216532165321653216532165321653216532165321653216532165321653216532165321653216532165321653216532165321653216532165321653216532165321653216532165321653216532165321653216532165321653216532165321653216532165321653216532165321653216532165321653216532165321653216532165321653216532165321653216532165321653216532165321653216532165321653216532165
65321653216532165321653216532165321653216532165321653216532165321653216532165321653216532165321653216532165321653216532165321653216532165321653216532165321653216532165321653216532165321653216532165321653216532165321653216532165321653216532165321653216532165321653216532165321653216532165321653216532165321653216532165321653216532165321653216532165321653216532165321653216532165321653216532165321653216532165321653216532165321653216532165321653216532165321653216532165321653216532165321653216532165321653216532165321653216532165321653216532165321653
53216532165321653216532165321653216532165321653216532165321653216532165321653216532165321653216532165321653216532165321653216532165321653216532165321653216532165321653216532165321653216532165321653216532165321653216532165321653216532165321653216532165321653216532165321653216532165321653216532165321653216532165321653216532165321653216532165321653216532165321653216532165321653216532165321653216532165321653216532165321653216532165321653216532165321653216532165321653216532165321653216532165321653216532165321653216532165321653216532165321653216532
32165321653216532165321653216532165321653216532165321653216532165321653216532165321653216532165321653216532165321653216532165321653216532165321653216532165321653216532165321653216532165321653216532165321653216532165321653216532165321653216532165321653216532165321653216532165321653216532165321653216532165321653216532165321653216532165321653216532165321653216532165321653216532165321653216532165321653216532165321653216532165321653216532165321653216532165321653216532165321653216532165321653216532165321653216532165321653216532165321653216532165321
21653216532165321653216532165321653216532165321653216532165321653216532165321653216532165321653216532165321653216532165321653216532165321653216532165321653216532165321653216532165321653216532165321653216532165321653216532165321653216532165321653216532165321653216532165321653216532165321653216532165321653216532165321653216532165321653216532165321653216532165321653216532165321653216532165321653216532165321653216532165321653216532165321653216532165321653216532165321653216532165321653216532165321653216532165321653216532165321653216532165321653216
16532165321653216532165321653216532165321653216532165321653216532165321653216532165321653216532165321653216532165321653216532165321653216532165321653216532165321653216532165321653216532165321653216532165321653216532165321653216532165321653216532165321653216532165321653216532165321653216532165321653216532165321653216532165321653216532165321653216532165321653216532165321653216532165321653216532165321653216532165321653216532165321653216532165321653216532165321653216532165321653216532165321653216532165321653216532165321653216532165321653216532165
65321653216532165321653216532165321653216532165321653216532165321653216532165321653216532165321653216532165321653216532165321653216532165321653216532165321653216532165321653216532165321653216532165321653216532165321653216532165321653216532165321653216532165321653216532165321653216532165321653216532165321653216532165321653216532165321653216532165321653216532165321653216532165321653216532165321653216532165321653216532165321653216532165321653216532165321653216532165321653216532165321653216532165321653216532165321653216532165321653216532165321653
53216532165321653216532165321653216532165321653216532165321653216532165321653216532165321653216532165321653216532165321653216532165321653216532165321653216532165321653216532165321653216532165321653216532165321653216532165321653216532165321653216532165321653216532165321653216532165321653216532165321653216532165321653216532165321653216532165321653216532165321653216532165321653216532165321653216532165321653216532165321653216532165321653216532165321653216532165321653216532165321653216532165321653216532165321653216532165321653216532165321653216532
32165321653216532165321653216532165321653216532165321653216532165321653216532165321653216532165321653216532165321653216532165321653216532165321653216532165321653216532165321653216532165321653216532165321653216532165321653216532165321653216532165321653216532165321653216532165321653216532165321653216532165321653216532165321653216532165321653216532165321653216532165321653216532165321653216532165321653216532165321653216532165321653216532165321653216532165321653216532165321653216532165321653216532165321653216532165321653216532165321653216532165321
21653216532165321653216532165321653216532165321653216532165321653216532165321653216532165321653216532165321653216532165321653216532165321653216532165321653216532165321653216532165321653216532165321653216532165321653216532165321653216532165321653216532165321653216532165321653216532165321653216532165321653216532165321653216532165321653216532165321653216532165321653216532165321653216532165321653216532165321653216532165321653216532165321653216532165321653216532165321653216532165321653216532165321653216532165321653216532165321653216532165321653216
16532165321653216532165321653216532165321653216532165321653216532165321653216532165321653216532165321653216532165321653216532165321653216532165321653216532165321653216532165321653216532165321653216532165321653216532165321653216532165321653216532165321653216532165321653216532165321653216532165321653216532165321653216532165321653216532165321653216532165321653216532165321653216532165321653216532165321653216532165321653216532165321653216532165321653216532165321653216532165321653216532165321653216532165321653216532165321653216532165321653216532165
65321653216532165321653216532165321653216532165321653216532165321653216532165321653216532165321653216532165321653216532165321653216532165321653216532165321653216532165321653216532165321653216532165321653216532165321653216532165321653216532165321653216532165321653216532165321653216532165321653216532165321653216532165321653216532165321653216532165321653216532165321653216532165321653216532165321653216532165321653216532165321653216532165321653216532165321653216532165321653216532165321653216532165321653216532165321653216532165321653216532165321653
53216532165321653216532165321653216532165321653216532165321653216532165321653216532165321653216532165321653216532165321653216532165321653216532165321653216532165321653216532165321653216532165321653216532165321653216532165321653216532165321653216532165321653216532165321653216532165321653216532165321653216532165321653216532165321653216532165321653216532165321653216532165321653216532165321653216532165321653216532165321653216532165321653216532165321653216532165321653216532165321653216532165321653216532165321653216532165321653216532165321653216532
32165321653216532165321653216532165321653216532165321653216532165321653216532165321653216532165321653216532165321653216532165321653216532165321653216532165321653216532165321653216532165321653216532165321653216532165321653216532165321653216532165321653216532165321653216532165321653216532165321653216532165321653216532165321653216532165321653216532165321653216532165321653216532165321653216532165321653216532165321653216532165321653216532165321653216532165321653216532165321653216532165321653216532165321653216532165321653216532165321653216532165321
21653216532165321653216532165321653216532165321653216532165321653216532165321653216532165321653216532165321653216532165321653216532165321653216532165321653216532165321653216532165321653216532165321653216532165321653216532165321653216532165321653216532165321653216532165321653216532165321653216532165321653216532165321653216532165321653216532165321653216532165321653216532165321653216532165321653216532165321653216532165321653216532165321653216532165321653216532165321653216532165321653216532165321653216532165321653216532165321653216532165321653216
16532165321653216532165321653216532165321653216532165321653216532165321653216532165321653216532165321653216532165321653216532165321653216532165321653216532165321653216532165321653216532165321653216532165321653216532165321653216532165321653216532165321653216532165321653216532165321653216532165321653216532165321653216532165321653216532165321653216532165321653216532165321653216532165321653216532165321653216532165321653216532165321653216532165321653216532165321653216532165321653216532165321653216532165321653216532165321653216532165321653216532165
65321653216532165321653216532165321653216532165321653216532165321653216532165321653216532165321653216532165321653216532165321653216532165321653216532165321653216532165321653216532165321653216532165321653216532165321653216532165321653216532165321653216532165321653216532165321653216532165321653216532165321653216532165321653216532165321653216532165321653216532165321653216532165321653216532165321653216532165321653216532165321653216532165321653216532165321653216532165321653216532165321653216532165321653216532165321653216532165321653216532165321653
53216532165321653216532165321653216532165321653216532165321653216532165321653216532165321653216532165321653216532165321653216532165321653216532165321653216532165321653216532165321653216532165321653216532165321653216532165321653216532165321653216532165321653216532165321653216532165321653216532165321653216532165321653216532165321653216532165321653216532165321653216532165321653216532165321653216532165321653216532165321653216532165321653216532165321653216532165321653216532165321653216532165321653216532165321653216532165321653216532165321653216532
32165321653216532165321653216532165321653216532165321653216532165321653216532165321653216532165321653216532165321653216532165321653216532165321653216532165321653216532165321653216532165321653216532165321653216532165321653216532165321653216532165321653216532165321653216532165321653216532165321653216532165321653216532165321653216532165321653216532165321653216532165321653216532165321653216532165321653216532165321653216532165321653216532165321653216532165321653216532165321653216532165321653216532165321653216532165321653216532165321653216532165321
21653216532165321653216532165321653216532165321653216532165321653216532165321653216532165321653216532165321653216532165321653216532165321653216532165321653216532165321653216532165321653216532165321653216532165321653216532165321653216532165321653216532165321653216532165321653216532165321653216532165321653216532165321653216532165321653216532165321653216532165321653216532165321653216532165321653216532165321653216532165321653216532165321653216532165321653216532165321653216532165321653216532165321653216532165321653216532165321653216532165321653216
16532165321653216532165321653216532165321653216532165321653216532165321653216532165321653216532165321653216532165321653216532165321653216532165321653216532165321653216532165321653216532165321653216532165321653216532165321653216532165321653216532165321653216532165321653216532165321653216532165321653216532165321653216532165321653216532165321653216532165321653216532165321653216532165321653216532165321653216532165321653216532165321653216532165321653216532165321653216532165321653216532165321653216532165321653216532165321653216532165321653216532165
65321653216532165321653216532165321653216532165321653216532165321653216532165321653216532165321653216532165321653216532165321653216532165321653216532165321653216532165321653216532165321653216532165321653216532165321653216532165321653216532165321653216532165321653216532165321653216532165321653216532165321653216532165321653216532165321653216532165321653216532165321653216532165321653216532165321653216532165321653216532165321653216532165321653216532165321653216532165321653216532165321653216532165321653216532165321653216532165321653216532165321653
53216532165321653216532165321653216532165321653216532165321653216532165321653216532165321653216532165321653216532165321653216532165321653216532165321653216532165321653216532165321653216532165321653216532165321653216532165321653216532165321653216532165321653216532165321653216532165321653216532165321653216532165321653216532165321653216532165321653216532165321653216532165321653216532165321653216532165321653216532165321653216532165321653216532165321653216532165321653216532165321653216532165321653216532165321653216532165321653216532165321653216532
32165321653216532165321653216532165321653216532165321653216532165321653216532165321653216532165321653216532165321653216532165321653216532165321653216532165321653216532165321653216532165321653216532165321653216532165321653216532165321653216532165321653216532165321653216532165321653216532165321653216532165321653216532165321653216532165321653216532165321653216532165321653216532165321653216532165321653216532165321653216532165321653216532165321653216532165321653216532165321653216532165321653216532165321653216532165321653216532165321653216532165321
21653216532165321653216532165321653216532165321653216532165321653216532165321653216532165321653216532165321653216532165321653216532165321653216532165321653216532165321653216532165321653216532165321653216532165321653216532165321653216532165321653216532165321653216532165321653216532165321653216532165321653216532165321653216532165321653216532165321653216532165321653216532165321653216532165321653216532165321653216532165321653216532165321653216532165321653216532165321653216532165321653216532165321653216532165321653216532165321653216532165321653216
16532165321653216532165321653216532165321653216532165321653216532165321653216532165321653216532165321653216532165321653216532165321653216532165321653216532165321653216532165321653216532165321653216532165321653216532165321653216532165321653216532165321653216532165321653216532165321653216532165321653216532165321653216532165321653216532165321653216532165321653216532165321653216532165321653216532165321653216532165321653216532165321653216532165321653216532165321653216532165321653216532165321653216532165321653216532165321653216532165321653216532165
65321653216532165321653216532165321653216532165321653216532165321653216532165321653216532165321653216532165321653216532165321653216532165321653216532165321653216532165321653216532165321653216532165321653216532165321653216532165321653216532165321653216532165321653216532165321653216532165321653216532165321653216532165321653216532165321653216532165321653216532165321653216532165321653216532165321653216532165321653216532165321653216532165321653216532165321653216532165321653216532165321653216532165321653216532165321653216532165321653216532165321653
53216532165321653216532165321653216532165321653216532165321653216532165321653216532165321653216532165321653216532165321653216532165321653216532165321653216532165321653216532165321653216532165321653216532165321653216532165321653216532165321653216532165321653216532165321653216532165321653216532165321653216532165321653216532165321653216532165321653216532165321653216532165321653216532165321653216532165321653216532165321653216532165321653216532165321653216532165321653216532165321653216532165321653216532165321653216532165321653216532165321653216532
32165321653216532165321653216532165321653216532165321653216532165321653216532165321653216532165321653216532165321653216532165321653216532165321653216532165321653216532165321653216532165321653216532165321653216532165321653216532165321653216532165321653216532165321653216532165321653216532165321653216532165321653216532165321653216532165321653216532165321653216532165321653216532165321653216532165321653216532165321653216532165321653216532165321653216532165321653216532165321653216532165321653216532165321653216532165321653216532165321653216532165321
21653216532165321653216532165321653216532165321653216532165321653216532165321653216532165321653216532165321653216532165321653216532165321653216532165321653216532165321653216532165321653216532165321653216532165321653216532165321653216532165321653216532165321653216532165321653216532165321653216532165321653216532165321653216532165321653216532165321653216532165321653216532165321653216532165321653216532165321653216532165321653216532165321653216532165321653216532165321653216532165321653216532165321653216532165321653216532165321653216532165321653216
16532165321653216532165321653216532165321653216532165321653216532165321653216532165321653216532165321653216532165321653216532165321653216532165321653216532165321653216532165321653216532165321653216532165321653216532165321653216532165321653216532165321653216532165321653216532165321653216532165321653216532165321653216532165321653216532165321653216532165321653216532165321653216532165321653216532165321653216532165321653216532165321653216532165321653216532165321653216532165321653216532165321653216532165321653216532165321653216532165321653216532165
65321653216532165321653216532165321653216532165321653216532165321653216532165321653216532165321653216532165321653216532165321653216532165321653216532165321653216532165321653216532165321653216532165321653216532165321653216532165321653216532165321653216532165321653216532165321653216532165321653216532165321653216532165321653216532165321653216532165321653216532165321653216532165321653216532165321653216532165321653216532165321653216532165321653216532165321653216532165321653216532165321653216532165321653216532165321653216532165321653216532165321653
53216532165321653216532165321653216532165321653216532165321653216532165321653216532165321653216532165321653216532165321653216532165321653216532165321653216532165321653216532165321653216532165321653216532165321653216532165321653216532165321653216532165321653216532165321653216532165321653216532165321653216532165321653216532165321653216532165321653216532165321653216532165321653216532165321653216532165321653216532165321653216532165321653216532165321653216532165321653216532165321653216532165321653216532165321653216532165321653216532165321653216532
32165321653216532165321653216532165321653216532165321653216532165321653216532165321653216532165321653216532165321653216532165321653216532165321653216532165321653216532165321653216532165321653216532165321653216532165321653216532165321653216532165321653216532165321653216532165321653216532165321653216532165321653216532165321653216532165321653216532165321653216532165321653216532165321653216532165321653216532165321653216532165321653216532165321653216532165321653216532165321653216532165321653216532165321653216532165321653216532165321653216532165321
21653216532165321653216532165321653216532165321653216532165321653216532165321653216532165321653216532165321653216532165321653216532165321653216532165321653216532165321653216532165321653216532165321653216532165321653216532165321653216532165321653216532165321653216532165321653216532165321653216532165321653216532165321653216532165321653216532165321653216532165321653216532165321653216532165321653216532165321653216532165321653216532165321653216532165321653216532165321653216532165321653216532165321653216532165321653216532165321653216532165321653216
16532165321653216532165321653216532165321653216532165321653216532165321653216532165321653216532165321653216532165321653216532165321653216532165321653216532165321653216532165321653216532165321653216532165321653216532165321653216532165321653216532165321653216532165321653216532165321653216532165321653216532165321653216532165321653216532165321653216532165321653216532165321653216532165321653216532165321653216532165321653216532165321653216532165321653216532165321653216532165321653216532165321653216532165321653216532165321653216532165321653216532165
65321653216532165321653216532165321653216532165321653216532165321653216532165321653216532165321653216532165321653216532165321653216532165321653216532165321653216532165321653216532165321653216532165321653216532165321653216532165321653216532165321653216532165321653216532165321653216532165321653216532165321653216532165321653216532165321653216532165321653216532165321653216532165321653216532165321653216532165321653216532165321653216532165321653216532165321653216532165321653216532165321653216532165321653216532165321653216532165321653216532165321653
53216532165321653216532165321653216532165321653216532165321653216532165321653216532165321653216532165321653216532165321653216532165321653216532165321653216532165321653216532165321653216532165321653216532165321653216532165321653216532165321653216532165321653216532165321653216532165321653216532165321653216532165321653216532165321653216532165321653216532165321653216532165321653216532165321653216532165321653216532165321653216532165321653216532165321653216532165321653216532165321653216532165321653216532165321653216532165321653216532165321653216532
32165321653216532165321653216532165321653216532165321653216532165321653216532165321653216532165321653216532165321653216532165321653216532165321653216532165321653216532165321653216532165321653216532165321653216532165321653216532165321653216532165321653216532165321653216532165321653216532165321653216532165321653216532165321653216532165321653216532165321653216532165321653216532165321653216532165321653216532165321653216532165321653216532165321653216532165321653216532165321653216532165321653216532165321653216532165321653216532165321653216532165321
21653216532165321653216532165321653216532165321653216532165321653216532165321653216532165321653216532165321653216532165321653216532165321653216532165321653216532165321653216532165321653216532165321653216532165321653216532165321653216532165321653216532165321653216532165321653216532165321653216532165321653216532165321653216532165321653216532165321653216532165321653216532165321653216532165321653216532165321653216532165321653216532165321653216532165321653216532165321653216532165321653216532165321653216532165321653216532165321653216532165321653216
16532165321653216532165321653216532165321653216532165321653216532165321653216532165321653216532165321653216532165321653216532165321653216532165321653216532165321653216532165321653216532165321653216532165321653216532165321653216532165321653216532165321653216532165321653216532165321653216532165321653216532165321653216532165321653216532165321653216532165321653216532165321653216532165321653216532165321653216532165321653216532165321653216532165321653216532165321653216532165321653216532165321653216532165321653216532165321653216532165321653216532165
65321653216532165321653216532165321653216532165321653216532165321653216532165321653216532165321653216532165321653216532165321653216532165321653216532165321653216532165321653216532165321653216532165321653216532165321653216532165321653216532165321653216532165321653216532165321653216532165321653216532165321653216532165321653216532165321653216532165321653216532165321653216532165321653216532165321653216532165321653216532165321653216532165321653216532165321653216532165321653216532165321653216532165321653216532165321653216532165321653216532165321653
53216532165321653216532165321653216532165321653216532165321653216532165321653216532165321653216532165321653216532165321653216532165321653216532165321653216532165321653216532165321653216532165321653216532165321653216532165321653216532165321653216532165321653216532165321653216532165321653216532165321653216532165321653216532165321653216532165321653216532165321653216532165321653216532165321653216532165321653216532165321653216532165321653216532165321653216532165321653216532165321653216532165321653216532165321653216532165321653216532165321653216532
32165321653216532165321653216532165321653216532165321653216532165321653216532165321653216532165321653216532165321653216532165321653216532165321653216532165321653216532165321653216532165321653216532165321653216532165321653216532165321653216532165321653216532165321653216532165321653216532165321653216532165321653216532165321653216532165321653216532165321653216532165321653216532165321653216532165321653216532165321653216532165321653216532165321653216532165321653216532165321653216532165321653216532165321653216532165321653216532165321653216532165321
21653216532165321653216532165321653216532165321653216532165321653216532165321653216532165321653216532165321653216532165321653216532165321653216532165321653216532165321653216532165321653216532165321653216532165321653216532165321653216532165321653216532165321653216532165321653216532165321653216532165321653216532165321653216532165321653216532165321653216532165321653216532165321653216532165321653216532165321653216532165321653216532165321653216532165321653216532165321653216532165321653216532165321653216532165321653216532165321653216532165321653216
16532165321653216532165321653216532165321653216532165321653216532165321653216532165321653216532165321653216532165321653216532165321653216532165321653216532165321653216532165321653216532165321653216532165321653216532165321653216532165321653216532165321653216532165321653216532165321653216532165321653216532165321653216532165321653216532165321653216532165321653216532165321653216532165321653216532165321653216532165321653216532165321653216532165321653216532165321653216532165321653216532165321653216532165321653216532165321653216532165321653216532165
65321653216532165321653216532165321653216532165321653216532165321653216532165321653216532165321653216532165321653216532165321653216532165321653216532165321653216532165321653216532165321653216532165321653216532165321653216532165321653216532165321653216532165321653216532165321653216532165321653216532165321653216532165321653216532165321653216532165321653216532165321653216532165321653216532165321653216532165321653216532165321653216532165321653216532165321653216532165321653216532165321653216532165321653216532165321653216532165321653216532165321653
53216532165321653216532165321653216532165321653216532165321653216532165321653216532165321653216532165321653216532165321653216532165321653216532165321653216532165321653216532165321653216532165321653216532165321653216532165321653216532165321653216532165321653216532165321653216532165321653216532165321653216532165321653216532165321653216532165321653216532165321653216532165321653216532165321653216532165321653216532165321653216532165321653216532165321653216532165321653216532165321653216532165321653216532165321653216532165321653216532165321653216532
