280 190
6477706575156204132174066099213530973530197721067020573462930466519200302667743616234512264030274579454299909647587453979710476341245050170947322664927243432211307032229903533133050137544026
4369331533437567955490312166739993462395175960230202519562105935356963474396964200502239574323399035957095413601353010602639763275372349723492796761267271926469202611700056104703473591321239
3655606344574721470763777610645160636391446762965312565503590250393711377231477797273926624475220450962724102760137533537966033034195437420256640146752326746137042639695723119146405375240292
3995767129003675651093112177194352609967442364273547550315474324964319932011006954960924716455703744314796095375135246025709970044124037353755336643073333371213933973522262097707261990519197
1947429427204537355039200464553142970035146631375590243940656979932751941054619499290005522273643417411371739353779006591213433463570962239414177035444919217351030605101531573593056425305075
5322714442116616276120559730577915530476677066243723603571971745926334143301123551039724391415614434145656079061153669392739752655923299643129602429691491411796223291975332351049330111749176
4750901227697299127993969049722943655260069437769724621590134493005634651531256931346433557660913544251363672696164799596614004167170331351419033964370549160176736263994333050519523690491102
6391011545147734475945222752524533973116650770805106309771353243375395140276126575279096373614021137319125204437222091262646546216450292139162029007107211503406506436936911091731655793979710
7466996644240696346694135000645302340221672053020557630793944704509365172977926050761159073747133001145601567751521413294422304357227533690190164413590522373249691915235159255795503921194671
5133155491209567991569432447346276577044592723427591241313043114639131461766968320669727690634353042641136671957677210616942973734914054039239096139539515392634591524612300076322927590279647
7220713999644162356541741303319326692431007527713110169957432696739540039092703462547109157472030221756627670097956951104779507458441665624405027603069045474967526251024346429504771006715155
9024779961213243263120420766724670765244037735534173606633010996152171613633735457339302033606226766304222640025705995793124399494734107543569461042535062609361107912747279723202403445502777
6199151469400417974773200223717960477213633545242451061531961045322239421107707114470975369320094067201445290307115620571436251221669141946597647577040230343039646920510165376717572969721335
3767399330114221321337793541042509401043407032024672413564212166677355627551959794411905293291969374401723160466165447029457921351503674707324459535209621216362552913305964093219619229603399
6316592059179252314204139900934439421249654263605405614503540949066729452937701669422917972417794347339320720167533196692367012310462452430306628661545076732713397357179725657930509329733071
1916352752053473229337574272610164361343267296072026595372010717174669632321082767915610212937175949913265091342615505739245739790617799956306160296650712613539996130003010050247762243404630
6507709726553771563519056355216193654432750501669701750200626229345235865391913449490452302510113590634971650615414013516052562337576254776071726192277639015132394504204665567057016016415244
7207479179005240723396969764153656536120726573134442976530907236995164115236662954170454529939549141920536282014690626357552764069697994712426443565354607159119779312627115121403507753590992
3091527977610390416670155512146231757160305771791667161200479192752039527096072226209570160479646500461400440366379449756603492041444730201055909791502355606097059100696073903129060467096050
7225730119342335467246139620577326195617034602225356957190363205467375353121111160457235523204403406359670522537921619763459621024195526359401402562762577296762799373739032447066719626651411
1342445751696167919419666264324614333302324175220376374653571316271675723194761959795253565762642329549797492232100324933147323196430973547190343690623152954276541932750703103955910600044075
3091772239902934225292374065912290706597966407115092251539327619595449639194316114175165443172960562506456603549356132244012752657643255454152514001772055173303374016393773266570319497261230
7771435769299129297742132161290415777653177567103976406597677924309765514134296012729164705472350229334060153615702562421046776406744015656615107609044364966911256121773336343360957252166243
1463562977341745569391395124737932539147204733345113969331669501246323666406543332909241691464452156135152199930747555719547573571237996909294074474603933690067022570103671626217644402507356
9001433091303413771264403394359075347070172642104474432994363059930357065764131434921970443302463023753550500271917106402959949522564474014352954942717067356207469056260305326020193520776526
4021716153010716706772273551010943254524442432955114372713475732595775433659940152246941657792029644346694424950145957523221563634529743294070737092527072636547416562200136752913199452057551
6460343679262699225977503470432963579727411204005743323510793057753537679004335431130629947277211755071329663037009377664646976332097209450290616615965649661931500321039646114209073759542541
2159425395713954752262173326962040424436736022164937204661109794616667275769699290733493566215216314640440475435497176203500327501161771577160053567720314532077273507094016764473939425426022
7412945722356117621632063239735946063193997379752727442037027323365745779215512721750264335504719723714077062360739555491151143599439432245200519524664572900375111503742703530322047309405142
5373352514125234610952135642446096595063605714361373431660112292355376426144000316010912716197710245292741113592492931729137567917454227332907443632060935762426274101195170037379221375557539
0010493902343171575342245727406174293222256364094151329203097344616110596943597673914733941059254267559364133304961341999379620132120267574569160576347740010656727534617417940296019757352363
9577291212975455436059672263373601436925755104016267113633576293905113075133516215621019390437756494354543431991765070027453652679454446274859103397764733741597315661500006367931172746055652
4949543700269726712739664555627491494703971559543037336661197733571744790771799023327660921600265174959171443573579309496967664645477594136409019097279075372746231190127640106471956125425945
4023446591672300714593357532157043750494335430737572499475035024942465633373011572147596263062417006502036560690054503706947710646371574071651709912351969427012966362030366343447229230701120
3111373595917300467209213695199251299311596065507796353631233679649796492729110123445019497297369230977036432477776366469147336764667012314275503034075776247993004916621251103653074466230494
4439105603404061967936144544549554130621739506104572376335962997525109705500695266952021291434420995423595071192576711476642770353901522402927967013070332316116730100757747760360517091014296
2933095262902511921632997445005690469512426926012170654590090032336655737035993079929947777353091606343465682919572421200267033536639241755025373511225042309521626046435535443453212359606919
4255210591592220425594416147067764671523304505909065374263259427904359173009145909132530243039293505255033244479733719911649744267575032004620306965940151293072202562497222122251743224093134
4046473125319030399546354764226043163610010644676021534252731335752704695738734537597941047459537205155592034616664496196420543376647376519653111322666639960700326911305616503126230069060672
0676646609026661421197227431307409664137315261660975906796011515439065291739025543995223717399227460491102595756531069376327756366764496253917424912952509760291139057044936493117371959509791
5549256450145001901261066636345340790992766746715250514354341294633473152425652553432390997447606940327593370956501054333949942499964712645704379753140307405241522222595304605359181132754105
1909123300542367725932991975659936310077725027515933692397430964712746999674496492565014274691573163775383107493416173312764347413218270410665495526031113324331161953193763903647115936913613
9131030459719191116202322163131777503645207575474119164447492095414766617940509064717256563031695340677652496966544797925609627119971574777415790434613345032214765394324522044129523006041553
7419359394710324053662067239032553563727612664374192993706549607231329663916763137915099545259170067627943413253340905515922144164262797770217747552295912501073769229629499434966300724741256
9247665711367765464323151056477022512364211201279951410072125625030351323191730430105406514446173570448614524126714233563415593541210793051975596373732279126833705103673799563357743622207314
6944724352535270426446901529350557772603546136210904541104592395277019296437510416650292722919551219497164756764402667192015991696429299366195901563579143076054945555151226395294645746326739
9564305250917041243903254453509647600312137255401177265547924943799921723166943177575666526075665562064004776210626276966323623945993066607363672661323757625496093549725114602143229247976571
2742126796151236595791745334633215034206125356517575300371917676355723973277649393141746345224916477195597563539103004372019207137072400524344225306651703622493367356937107035132330776705277
4143649779924057073209017254013216432246219503329190607772144525191294715627327741405703293736226779509229201179672239157063272693104020217122295190514721140711720765395224770040402791325463
7015054350769316142366960371129444493907775673700931004439161632474792756240625574667037232463614792617294737524536930296644995009637716510356023422959554500230917046274332614392510360364740
4773536241677229953297923475737714013246504540220661646091429790202365379553206579060767423507611532525329407153372494443627217327246069134204565566757172660636130269191141007495163541273495
2719150607260121360425190903990622591570072257746644431506016107617324411491940376219065636432297301249455605636350374559443947402137990121636457642991694152395740565770055173092720990302963
4571206572615232970402602263571177462224545154172242102715944935464313303365694525399141097740406774605264226771536072252766915497401533422907447040942099099130522730153202044044936095006797
6263629564339726071702946364171039413790641205552456153910342934259920744504811930340334945264367736240604010991670696415739952446219503743043259231113596610590663625366274206671160276736115
9232170563431561643514927335962379713590931519759109751697203974943145321424551605706574576922749197116275042917632717921945265725461540763319362077375244727709470023561222959100427059134057
4217043594331951334241097290954576704091453112064377034616146319326137516099419441327473404944225061336671972746679746040772346993161966595937034071339697926501041926463471827042924906907198
0522579457024401546642654191130250113300547246420740256914733733769643529110474727244004030624292955040790607930169076712756172454347699045539367339576519209560362172020435723444460157066337
9011449395619652945124956652179231061559641677307991715756455354013416056247170620294954802466610164025911737744177167409657935375533024691921329707633901313293767673461270792442543712746733
2912120674663232421116196190651672164524362961737752262923177744159320119922919961610162620119302726403409022666312556036255360471017175901527656531473593520663635004053690322573664195040152
3972604546325672632323007716945777524110373195943772045467412716422596669015266454202227499724938200715479503723317059471404323404637573071455460621227034924165645520671715365047929104742019
5934074379122406044649160354012012267554475167004905132462272729401976944646992119150944313685603591953224242112244610302567191523301917029707732754423056606690349170237194291132543644167993
6461009151567990711211509632500339351205605955234037671137925275619630324634311696422010347116110692404075440260623107665251770440633479259913012369253650066656327320935153106375457057704151
5700415590539658115339515965951641674945269545791097130453913524637007697141079464155437066793647396905506559437923704450049312997767400739576969642419712497454364993724741963619046291771222
0962669347362710002159210101970121661107170651777303369956110970196552460049047149392795544665540634906156536756293304254990372716442033736776230003111756316727779907533566630176074767240475
6530600523177640274072249777000906954464462466576393477644103013543941746155652904430966994920635121962991569394146241051513373231552136914427204060977237731764210655195179374325573531193762
2265563995971216411501356421653020005634679261332720357606076961254777313012717332479001302407502230470326591617936632629323357696123276210421381474720201250653599723301963536534227042029424
6625266757707053012559031719555765432353540706622372414766425201934609495971237303421074799229695342205022350009254515432250036110967315290039309845601424150531902679743302371023203159099420
0275090019007619736930259395011703012124999144360322795091360414253523773253502127931067715137791205926252430674032470255035314792725519506160361012555537553507601697736515195420794160714503
2348932509439633322215997052775300714494564413255274103215965696221961604935057027973074601294491194451035177333531765956350291692927213231410455673477345555416376955447951369197139214951325
5398204096530607227133623897275975152664407590616034956531515039715103961656645260179006055919425492616107504176630917671291310200204060566325131224149940477950979757027457137759143325173105
7018521561097211334052145691069209790542093074307401465230500272742493525097294142061636775917963706012541429202449336610722159576175441776403599663392279431634524531990514353935603737641751
3558409493699229690229705916696024394616927907522054449592125541925552976433264229753222477510697552227971167644999331544792234110215360057112494616323535472666351312111750925712741252420964
3758364274163507179275595323145193939046045991411421265503669341370004072215606191396030230217054375753445422763367131447297732214496937504336145374557011749225036726976576450099599712176024
0198239421995694792379133433926151591429557030140233334211293135076576459392674603710096156055477567070715654526279713613719395610133614423340154690913043074555237759704312049635173694344351
0478342590272303995194172513351519642644105103113690419535021995511206624450501990303056793523791115907011521077371175113363603206017213094391920215059905454263977767502994112265024994701044
1408900279540446039309332100224124460266574796473795453514206379924229057670013745379937206002359026623041434563474375645493165921319545959654452176665255005227142763056707206420076272564931
6508157711355912295055425579653602646399406949480309765527910494139356953341573931041346491046652225361197579176992135966467364144622315325161695651103833602077559331161759702329724497499457
9498701491753935516726171095313106551229744355925007465346446473122611144012456226636811420196950655569593419169542437093696503295331561599365673651760224531909504044697233164333151451700745
0568579990305121920729479057161632513041751579954695139749995757737749402461310662563516295730671350450325456529645020914315715153319921922953618965066037701225237269696659359623173961462631
7568792904149032395497060933451365953299363104207733235293903359529472174646323036727692295757171610264007907532724906142033745243373493402277497372034612304795454759669752795796402510755237
5548390265459074755006632115757571749009676340720169495655391527422995035637921942764342167972191111600073397432249937769615042012094934462494963702617561056346650592474229426159062062302915
6028521984334237036396347250956749990160147374947162577662091200405379951775126119936739934964172900639179371141461003165905332312220963539102091573743333997961345504073406221340693452651327
3378123322420135744323365407766362275620249126540976130242315964254597444224032023451079540675353961247355531130456340951323953326322535245444353747429653720241007042499497535427367319572307
0058647055773119246523397847730306454607926140742141060325794966515795902016731790030105174670392032049055977574652060726031714064143170341432506392932715512601531947427695931202357735399272
3598692047983756494403364664221412629071737657374953464234992972579436095152700063656991129235129605632936033990557430462065697513610676040599524375420050130405679560909405730954436411427409
0248947903107695232770727269005715609662527245472975966774375300647925794312655330540956652933513117156021069635973041645552512371224249476920131160043392633133722559479757990410549326496574
6478577241022220076623197394043290136245466174542402661030543671456293316452047905904633422532691005147190077161659973943546544371404960252659599105371499790522965294355561156419554210597403
7948888888888888888888888888888888889889888888888888888888889888888888888888888888888888888888869102355457137604259192721169277530379566150625936764965219047214199449143775377629920730100772
5424974460205969664202373926027301205150263696614304703431912436254704916692697013430994502304996491146049213395504174465573735709572629321901994057051460211305131660111049011186626240234350
5222407576751723333092580177105113430564112139009542451624216319073900336739521329158622605352915125666603149591431935772906569246094590031735367406175296960059356769240930766721307663054190
6047796934064143364193769777011672127639672433574455661445300165774329416436331365963090951094391037696302524277214304304261477515103160409019569431543450456070403423319591211351931967157400
4004101906093623737224541001479923523519946237496266379350475047267714092052216215757343541024547453105956178909549797704943063055916422649436666129654246747701290359014162604913946646497262
6415097191457035116075432713072072595200314243323954596577949541659731335790332109071377655737564299067133249536565690476114927506262534930237524721434464645707194202773161240010136939294431
4734020130935276775554259945540559627300492259297712242995175267925191166171523057263206710953220374702649730435365625364774041913052359509710962654279061597611042514951740659642957463313924
1574420296047369676225070091577764123204144646429619046719241166325770639021105659353212176516246117730959713991655617567295910546536699767939635536755726701934297395595149795573151054035496
2524760315219750269659426546233717316977009273510091359463037691761110665146527245311651326079500152955416315041266672637027076130032379611353975229974225154710290005002225661346355920514021
9950691267260296332300939123517619775665355490433747527656901491072614237502540607790563110372712604266503949496927695751327295606234549019112063492050051277573942497760114200296467612963321
2319369294110759394010943462376745473013594923125951107571990930312403269139912940463020094977032645635939273023363043594957979474076246491501351106664403156323426520440527715573211235197227
4921372690263151201201432146010441469960743296150327363650165760637192471521221101410012677096073176290926567365972436494590295367620763517123397570692512942466060667467494967411504334152437
6569171742941367247562426073022405056090030444525907706431373445321143234516692205562696312539924709710772752727720152663732765137233364762293069922026443094797342769039423092321078472046649
3931171174662420661642935306502104645736455909705907276070723722057042071377607459929677222555993406695753144799764990323743395344407425927321395215911917337264342210275127153462100456036572
5912294563446309276034972274714512650731005397900275143009577126719452046161670275797075912621564093946045441773537020127647335279129266376349721910641093101604973710159346602023029566333259
4976111210576403932160554704237304056456091576059492044420219736646330772032911014232727971403992955917424275676002495067610674152296507555406124403052433724547496976906291514333502607676551
3033314409150202479141332300722072512696356652129907929702003954704352073451902526757655325216127333944752500990472604914627954275420734763675243960237295013590744464050365361296359026713193
7983612657452740501555500344312044714711454570752426707022297790453441455106673459321543452655235223505997360130696303063616426656550290222374369213602169749561527110546199251035634047945112
9016712992014116900901295734426144407431132963724223000522919997165920976041016961946913760971135905261072271067923176521420472036677563213727326557161772253799526005649294101066332145404317
9712173191231703467926429956290002371313316756527753033567623054153954065114745733061657356412473507210435054436376429607414410335046914541342503352175544393146321345220735946150470321611790
0401434700355174399237095697022940754587476042493394617214030650601612101102327100473941794909674245347891116372295611511166321335354550064117673660405573512599131709024764065031473049150991
0703403992021595213997662776920262645639117739460343943167242471940373754112431459069274195610602770567519656942944247417493500792343943903375625545277315767507326024356517143253709772693271
9133239916223354322599306516605209711169795496462310076695731776942016210227335955132721656996163351161629227643433652764559379959827963709029249249790115477144425491193790369226593416690933
1761750015764951734125700757920902314216172316231602532572933212516746732407291917550372722710967223992656643360675441356453953203902603456696047691460226774203266457754442359949000640704849
0479193429955020221746115907799197575420741979025974511302516046735625959945513123565359714932339016393573016933702050952239444127435263422306274363371516016752309201344653343614071477660113
7022049902430639631099351074379957162556095396962061732666324709622912705122239419063246660445407705377522609170303112941466157970039575269516927252635060247452659714422177625595117514599339
3960214365037094569495792056999120926661244532432131706175979697975695039614442773679351529743599569194427193030094076600620433534502107437013102947520013293744115760439349465595326963970135
2702764174427756652900526109069204064931444294702750791600514663337212711533792256197453640621722212363753750669633909650906893231121767229592990625727224621603917067991545934722366573620644
5695167021992547454964467066494491575104993213375364354601135364442343040664204621037139970754604440125023445594265920021995529676345646213935559442220920136934004597674169560683704519747905
0147599276070964660492972020904009721926622362250056974735903490440659076669091110193767433227621736724749343953664949761434424254173926173244432637113400307093373364630127331719614171465270
0125400733629133146613417623113051532145101795011021490341411532779462671046306176923342253970621377962790041413901360357427605945016272337334991525320051164202563231314795253765771451266717
1726024025701622992501311147566990007261790057055592752240160200704109706421199669932131451191904913260692796653095901517502213703697962493417945047909052373226901203576593602962221467711947
1619664110649555666999762242499219905666590980354007974636434962664406641445599623121727102106715753027550696616459979377695635137263120611266525712459790062639971930050124147521264010151033
7444537406070633736943150543210399159244269761962649173665093145377607091665331763931601292564170000494715479529947421122961254367312500449196701921131025720569770367126402545060951509693640
6296743254331792732176216240115243196617371924799034590671071764215466060653946247023404247000366312736056569414421956332567633479965592504474539316075341741357475394113233097743193072735497
5655560064537232133640042126241407224990403526512390574677135795379695797851762496454134307401310956469203769994414967007433447750009764032534351220249012939554246760756696039774152569414297
1661075590111773150902120510959220361231393036321592507379290325922250706293760293426007525250699929997250025237714612193535940303113132303127556263325256406964005591731766271415440547611499
9067360437526050224756260779457570915105240652694525224100739453125027102757432462613275040420124034771651107610010663701636919972613530011423135156571030069079299066105949297023922696641357
2712199706730061764720629155163722713393593733559427327922752721997759770745424020375959244056433036404450504770351007344671756419211936716216474763574062252101306613432456675415154106042357
0193432141921597056427629007161134900179532720316561004135101679536017220009469426163136402070019330657234007513741912416245011794205046097145551147433153411405620247519237195333027595275235
3536592769121012493020734725734300537433335579623483409309322167514520753419946704037993474929140164090799602451205719065469906523763400395109607771676305755317171106704355572230954291527630
4220110993475472316397900521152219516210510251319972405523610994259645743990779966457554995677546323653729221766092924466763319251701069953050207144710316125036919276479225961539930925923922
4416616501279633074440457306257121006720059035056330532440059979744147153461742170299033609570030360353239969699121771139405194955039417411261712207731935476793036420750759345514222926309359
3454456791223226083126557542171412292546360226391066210067222433039457339143145733796909228612065917389631206620466163956727180914935643291445524041469942049192267429235244066522957115663055
2410569033194460769441192715626734012522262051530276614421691207231011440022727031303652252510953254664260955790246164574320412625631333994293404302740436751269016773453619472749549957010496
6324117117592355502905539265693390775736697731441293770331252919015924639266301159994067636754409726947296671322176110771774132763520169249973465376063710129575053135576425366360497329661395
7552236502046316665619077474462609070934453747454657630529977397569016594649132327299276346670696657661415405312253240615470539773594373972035714250315076065961126064713939369434331236067000
0616051169542975370933053390707622063150232667704404191307242536760793303591756671521692214612075550232712562958799444436121014266133950037073547961327393099050503521332959760690611315022140
3920116090225310313315295623500163759609504906155067572441604943602247290773544497755596507301950424199071945462479127474651427459276175614064544535055199626312654512346427695041349713497090
9229019024625927795473643000412102660354617775939120444926709323695251110317910115963470019737062219156097639122265526424509161099677177370322676674029110307149537505467995451497767333065519
0180291561371200454044306347375067940052555192636315923677405735057697601915931654596672666221755315673431427627504703005207024915307372306416247026660517026303392657199962692943147956293266
3243059913073712932069170270401125611297771343752299640497400961664036175190600259172726047121045342163719616509425693946349797002246323175912465059499092044077295395731576016467695113510347
4995099009099413494140622796290572461024109204642942007677176303746001562660502120029197560460447734195135501674312014535152936996919507737037997112644033010990722575047254073724319622501166
2452540196255309134406014655315361937620309169267154349319642334124743230557451435719332232691925534365296746116509126197944242513659635266677937595921052569615052661411165403059177403591423
2660157190742063669079451493357929326552746551719304754167575211627712291646207137711479947220397224673767310191257922220112250661139335432245616977195347145714303559429233330975719759733314
6555065014149246562711276966462111043336295405333126975090645265219395492042470314130951640226306471232046232909602033769617075765542397575513715030136121097244600747311322100213616513241213
5911965371671639460634606539767504243462329102744473432646595371271277577745434074693433372334944073653579741234514472279364717555314343100590265635395042606129354320443912477720133191366725
5601701929064367164362014117243331403149954595526167745577025324317135092101434252625561794520192367162177443005220941045255710300522950733931154429766369947617196519079055405690932114602372
0763933791653275291562407606672595716566712693634993151921764423020317617485961194936075765935256913996257079797796446954591265212077714733909247590389503140554430149531637464519547100036792
4099157355142646742707952450223021976433362236473134962099427239390542464910571932264574793243109055312505550917439057325733760054211514510767265022235312513714233367607743431729369121152961
6455936015179160677315554100095645117220341352643905312921763930442950579222344742914296330009425004364945017116117723070145400266334531376637699124714770799176449491132519462226022944224731
2940153694004693672442565012373144199103495695675726791321576319624326509045404122606704194515664024415502414967923267409914350506190067235744476376339427521163112604044669964679166026492447
9376495263610597167193551970070196746230091422254632735407912940016243461212714055013592298160064134349644550360935240194495116356565204699260992752749370445574693615259726926449324740253301
4961404495045606537907023960495164169439519922012910344634613502399965596250392015218504059625502710130246675363774676322676075295355234229403011644321445311121125171612564274407441775393379
6572924440612500449300439730393953553157163755021073023377061694913491116917359573422671402575069242906249494374103731074542072695174796994352957035576695331093760292527026621207545506559540
2502976432666516109549612295526282574619745266562094119170629342575567719462115422271437146159936501573150564237524310394379641963673716766109530043769670709664725370274351358064439077123579
9675099592745570173143736311119074307034726116239275647274244322207621020751691309730294414967015956563623056034320207511965265221249977966544959047539616400275009535947371751734735904075770
7662407799597092305417179712714745022122761630555909252637154106696975316652910234245749395969304074104411713162522957237097907259664951436536431453657074963303422404234399592205392065025764
2391330119750601691651079745471624620733973271292700911130960753743916457147776467192214754514631372511230550656570352019474350166614952230337636236606414776109932234023123412209097205433621
2607957546924195960909960302429405243650741553539496450975035407125507365421722657531759051419699915317905441336577179504162037254996990616717239352941517952063503997659265346254194260626033
9060253910520579176745179919473356956132304545229947263291361611342204913306294455913347461213501511524223717632542425573403942271156223179639717742061174090231560133176611965435759026406792
4546645193510534300201199672965196259479671767301714479914752006971216255650041376637506641652293613140417340033415525367909697942335650167619650756250706226956556469756140093737075010440079
9275216642259753360740256601193754146634562155032350422969324946069773129703306539660359116214472453725475472674367106751767419507741017959912201077630347671660906437019399071949442553743976
7096790431011905299047715926425123125143999552740272919770400505317105964504252536664452594147206667294563471295974924479772259237216003135244579627155624277663354357306043414454779622303490
3573272529594551106551401007703165612663301239230715291415729747295451179137726359510297462470046940619711511074313900029345236049145472006629943354235529404497371222105446699625093151225235
7103171706946757153725721924222126356429533294224427354210762152152031449336092627042201047636531121241709323740384636797535574300532210505001791775535439419954495604626944319257330077505794
4174579673497307542656673361554672450064041212674662764020471291242462269777393403957591125690945401642514757192215932172364441756957471774970322629812265991279319605541557122794593235292243
2927643727730026117725049120534501013495664014672052934544319063014134129373955366710426220936322058111101922244910234134993912123062744041715703720536533053209170613576307449993602645249721
0364221795567277137205740151631004599619172260259241656167267125047411221621549730777606599629063147730769292534426332125164775099774226453905364975254692612765179924403923944470700736219066
0920647469329559327734355552210131020239395224673563352476193427767362299640306693479531749403371564220746255636332711150977935039300305069239733449577631243477942465690024326543732804329519
5776952035536221020510990936751013535990243573963423364350101421731152177427190347154117036634319951296627429634271967962395160941069403551762729436920177029733043114270741416910514092107973
0725406161655113319154134625565255305659316629274919944967959230077616274034560091075579979323052491734402441514365234127107293022670735723120642563415549250452652020566972109533159599974333
4036202441105925509602623420795226059413156672341079276704999100229937307405396626519314796197561609145674632547173523209377334372176504164475006139975917720435504796654026133235069322997339
2032054402337941629777090212663596649331065245627576747973041524090416224904556760941170450074453740621075750476926076671604771954759035059926472377320579651429491046462429760029461419562739
3129222546269767572296922052567426356617469304509603622255311055024752569130645926927236624343592430295620757109799277410977413542116771610276099572992934167265225643195370776457726521730166
1533793700279264419163147946477041032349247541771663154573774611137097912926066525443420767594775966961546414396916227901679150077470909475691463453142069972351591411709672072155331590946010
3697044342056294633005141979250647137151539524379022653959294446990155743332602937162016294203759621461690021710022014737017120075499031189525309014265713350595743944545921720220301956002672
7730744092631551053555450532539905214233331667606955020202937391441746904025990012517652929876290039797016021741922757741236150014935550731260222690534737677974629327592310437650372070583613
9471413607937940710239975626917131309611224729209096153971077334230462036714097142720303294644964935397709129207559605739562469591070019653429343436659666279760956447457962409651529343117795
0557133447226210994340240404916752666343491106696997921371279156964046196039561360036626259501431512577274466310306364037726071022444973542550173426433240024376366764126735977214665570693900
3979959722450363991111362663634642146736544091601536241106752031272960440345623541729763416053794393153407205731096340669500923359240222703632352405446569250766594751607137369354907796066131
2275453716655350450433150233655765555273339753365670263679377449427123913605257044665277036167042495411341592321361467670047019120572792301047602394154522092172132140649636161334340132671007
5547214470147933916122753375039907995774661400326316609946330734099257772909602596571411246901337910675943465743315406733516635027935951516550239494245743211400927922192172599544273661004599
5707635656246405771574109600359374937029973607906396704126364429191233757195329146195777097904021017634226007342927019400037719059846036052751542616625797955199201611337442671256442045971468
2711305314795231614927000750719056537661015141039152124573967146526573942404702516447434779211097090217264709270106425524910034670546762473213121335090931630594175260761733772660731024763494
5317155926970216943717739627261464044577999535276512942209146297051320425416920669476747414309764026274495736953779316749135224261930941247419225447242094770036514963746264315423413546669064
6662041645340504197166906243770723346702167116273564222319790136905732504425516924222024774745550494003701697471461267522965524425462646272656972177306447932921297790031020960354271650630945
9190543072260337013542796625035796072011615549040319722546349303036563599792027223512504165927523154429925117363046579040645667155659091091700776264123150214339911607129056073111949691154293
3911343536547653759597199703544642024204212155116114162249674330610147627727425112490701275239451402362673192276216561976554343462037229795617075205155546404540397959176467904205167055852942
6964906112393420117624597073341527506019190111544254461063477344756276660196601772783342029901556477335637716423914143735931742032247492393350771366034940253479554195069712429757916797277261
2345075740206231141214675979406047655100435767774672061201225469444633279682179432617511423752605504970599115569639962574079117313277119226920992622967311600141672631242217627924730327019607
9437047542545025535797463393641759905119547296442309266390175461072379660329193999936979664544412699200765326092170992913575134405405797434653061519705761394013739206195922671501117740760666
7077144425427951239797945450214210266270416654454970014949352772995237125341477930229051714300907393616610762269134563192435114576343077060345241120002922153301297510229121033006910041343119
5052219993614693602475331523499034427319594410259429132671269451326207130405324139593532750309969034667270262017365566491255909492461423439097395120972906059135116721000247932451029317945039
2559545324516071054112725414966373266337134491152065946297949466950612100931907396595039657256553532654336903766941363570520172010349503223556922904729630112646359633225594946174533012106523
7035529697054935371301162420444053679705404519322322017649563206546621575557697761209124442559325759243550751525643759373453419622040517251697342251011950504605011153752615964156735924435577
5952426762312044363626760043711005611544351521561902339243906434125653467632360655547101151757626505246136495634575647551012327902111007669149777235104860535414505526397651791919654433411240
7790463227394309145509264525094545707101559365079190751350066725969741142741156319659669962512914146342166790734520463666632301352551259439637647131217279142169005747559529369651425666445634
5064106315639293406397750270749423446616511520055600756279920129477921979307972700573693420371707447933356057015729661516421126913665679560573724462505697231993029593209216614264209603746260
9351015647333209927364497023133795733725679114471654441410650935204346206331560645293600411603073662337149219036990776362291326429130422742453153916742137573062530643592654544406795135902465
7779917500765010742666147431361206152262336112565139374014962064093160146964555909215042995161939096926577332903029257719341769169706640260163302011275361050903401447567114059973024942512123
3229620166193450325494909216027213169967143596290411301541443052230305114000956457223700024597034539696237723534392393591341154954642213030650056347003321924253407195546221005630776579274490
6223914732270146452779923774667603194645514023702503350747793611673346452291014163563129469327794279169416201271392003549931959033993632775939007470607563421276677027471924903274979905638392
0637433554419062339700334053519361932922002743194404670430324729056256920723114005403733046442515717455532600697751175472157614173956333053009334239017707910656657920229066174720416674293223
1140723366369906445026743502414579546514773992794039675902411504426994220496152631306647436020700503067359952952466554906960245142059907527100140717625510763974743794359760542503192564445317
7349435529544606901055439014471216774479167467330242742263203224392397199732389245237995233491161223906603266675917514977646170396607977024939491931353712797713264712927610677603559523900705
7021469300602504204565764427724059164471245192970304027794715916941736401615016529450967453512731554536636275030041564946237306301393235607472202200957012305426569147491300546002479193564777
6343203798470415501014557990704044474721401954171726392236396242397554170657290350403429334945069410407010936110601776016333911710726346741330449311699403113093490300626033101960327961255995
5210664023503699967314362425544375904001955537561190700029527653610024171143357537219624591010180599131294256616244907230235669192360233293646707494205505279324103571749753975144242622940652
6120750529427592212265336242149011476544414363661999910495973031322333123154259156362251091603026475220016579473167417005512640172596771241699407673637234250271162322265375162997633940072759
5052707369544042461233227750033023750211743045995011269161577573059409323643422777443626475301344956710449524814120810047060422452163735773719403221965346744099740143703131596177614003510939
4563524722677429775009904461551694477713625460999239403673977774674215619147503914794544906064000531064421654926110666732051095770326244309972036557120070660997927509136962526350193755090232
2337129036174609642753171067349952606915112609175572423062764557051163354331604210512600352292797740191745599904907093213491656354313977770316724176917454403154972721595907916310007452205265
0913640697426474717549294015694471365952643457959564537171113311579331112614157520772600395557413452919193319625169323345093467295640635732169457497605742971103270549453362334627511503479532
0614512253313132149173951047573037131264632794602969991105164153026030462975907050204705740097210492473465174355336963940543553542290995300766543737322770419606174531690095743169811912275244
3646399416912670506230993596603736719777236557669370266315333175903034639712335455243332215160474903922057246179621436054991557912207264005274364129936517770935167371165172532119165634663545
7157334736184276307070927091133024962153207666230251016637025435494370555747129655752670701714474632430304570339729111327727391040061430942947102239976979359571556673223639267519971354602026
3157737951094102063064540596627409410921752521004663137127397257332009373625150633593242119907063133744499552004225796541655057751699575406055405172041060017520455012461494526703629741742754
3679201514145351965145245594136595318171636549549706903279614997360024551381903130610746136677249114591134774095273303536460645647803310454612276270715534177109272745153526366397624621705732
7599614933436955364704972401922502179355732771547374627413434707607779434763117439609632137707042555557425970352443574191026791576667329465414673634042214667093451210987279071477611577253677
2602075949756955355756581051471730527035177914959406037342245237379599513251949357293768517037923400554772223593737013016503063532716003012070434007550235945651760391254035362509955194122631
3561257661722470504716700251669341311394294397051207153768635397190466564239546474949353160753155790533022557966957679301747921305111575739397571340773741062201040740407091001623616379723032
6441226736956536657503122057793995071776114652512443211071537614296096261321275040219902345021141114674727550467555404775172644727659156904512137936944466247094772169770344429409496709622130
2619356031175221776215335497662264270567737173404540634905036496706242000391146541670123705491107115756124271570224516423995729149692440142724940365027205031313965229515137507444919722726313
3430504993751422616257260020266912195712355310167063113946334314993644096712901603722143294974202239437623982654055347646920542736557969156409703006745659119363030667670231440669742516963319
7506443226617963371516012166945571661199793524656044932690626624299643230912717007647995967619367123021357607244649221104220462937272795791276570199097226712702209341905590633512550232795866
1710273596241629110213924551790145752040564992307672791114491126551363744395456914606324435453259312394911422505266832694361654667767714775915302996942609151473919557100644511010741514310339
3407952121317769739693653479077640237126410154049636723232665562237090616532920224729521362712515911736410269090936639232753445347173110969234019957926636407497020079191511103612526060349324
3159354699957359513920062404650962172641701134573192554463534751359330576437776492419007707165592739431307021259676495610127429923912973690135669057332527402919663290754095025423234613030422
0546146709520134560066775011210541963914750305923204979272924186116717445064312975246769293900746349420224907619434659141712306157006622276194799711115737673504396533776265004017720917450170
7592249457762216724103094906570566090447479975494264169054101144354160751579299064267104702099379059340770543450542592270110577236076245209556546171496323699033276729395121203139571915745167
4537101429716621167016266597653549562279124169577979129336306002662547332672963443242959169674320100191691512315549492040477749705090915367137550357443013549972650416205040615704409114342732
7470242107507143416710610914622930019592915039271945522297756223636156021440060292750042270956027736709293432853244323629104744762846997279737374025655711125272699231694793611455724151349272
4619730356543400635707416754361977036627169504690271153629292930324962677574699379409679445642443613924701319196647720766610496367502417524629401163441255647114627732716422177556621104291345
9009771922195342555033114171559077405102921506443537262546925965642556303996055993297117609657154100566042353474329140693202324543048307107407346067093660945454364429765259213167234776503543
6929997616749159500705632272995251753236211967929946920034295990229469544525747711056463725735792723251654167365206659669512222026945207602009504466612111552200350179654335449352344443263154
7474434797574564190539360612736517923402773612327362429252705404626159749725452569175497490932932971601569129370307277344379907714794307059523163016630540463072421154263009620396506171639372
3745151363629095975430416663179061270069674536669904909123702171723330563601732975260951559673534772416527174179312362865016353975472117011934244715316924269573011631165513237369620177444931
4393051360136326625226063527339573297311737599517704712404045260522139346309425446505749962671660631217913102997207399573501435206609561354251370764342330311463051790141552925394285336606222
0011400034766330267732264012450001030193423540690314575614621115161545717164035460676792297575523456310661073710000405769250445941140752071471212953101410594459509517421277503547510526510900
6134403932960393511333559744569574494120306100659444651109914351130419742610266029035057797564616950925242040652979029907030561141339293116496391621711332744130625607616034694049955474401539
3999640140436254500276494317302636645446722731756113961267995532907321059066379551394214406996673003023902147556446011223935553734925519912311255397165055499333715054140916735316122003231037
1537471532319373776369375331995051072432451661092970063659427774103255419972723637650413199509934271430901677004105679257343465792103547713241619754590036604142996343996775029095399153369766
1729691469154377927163010396366253603123750764256520457759791179976932231526703714675651543024359457113324729630741196724420565957320230753423750327236421537314745576574930110017657527096216
9701164570153552709721777954153236794560772214169473231699501470435407247399403560115721775233657425656500306676250145534025103055953325741010532790193259266121913329145140301740077437973044
5201445746190357514646102428637065939201613675230723924471499044551257291656576930559440261027165233132066552270094534272516371992670117341276744152775312727465703366101019439145054934942544
6319027030473303993379259963703512769444907541617613002436124671126075397227349359743019606037565979956649235019451672965406757179341233245460421966693737693745070212493932720475052056596401
1735721339564470271437704075956995174190772707169136021220929559704637016330264150242921717949471369770530105344696497177301965129275757915225276659340019701116065192777725639346561490615915
1393641694057945425302569554470737772210034125149390773565422404414932406559932824055636327632212592620272553024945645443966413762909100554533627102552579757152524667504457375693917046031067
1675750215057713791160636346274157260495266052449045769510956323924069637392013505599162679759640721596226047102167061276794324631205576322057417070337924343335340033204539143046940926531654
6077504553739603767335183436949471614696419549717692275736699757175373904210121472110631053634307056391546711552450777522123570100665713792112347363230954309735011227470702700010561570555291
0714122145799339535231539644150947079226922642755630144476253102047961910330306767556262037352321941119159326223344519574657062791309543912160145664737099016953354145757700003433520911501310
5071232477150026130477392060267242144077043399493200092910441070301291754603660956700947222211304943035059977231073664002404729951902450265029693454916627566679797990112969595969095432023941
9635927974553253573770416000670499120991483424672311935302763627179977465165563633602714992343047140533396453414711144531737727057995977457160615632973512734791997676147553612229129549274351
5157169306452656023215742724122356209736409096757723293935221329253014699153533760272457654226164210739609675417146949746916400260126131944207912749592294623401232640772605770123062236164111
7376002707130340775259290535027074611491305449262349522755409604312120749443061906862924549463147126490346393300732425566331290596276673194205346112567322217152209914281731004741360427671773
2770673426041594063309230329575206929723515671649703409415135354220295333721916915463115971999653412055105525516256707133639320773760477307221934976197927032151774536612236237513167517240621
6512056925141959510170206450074129132731315151435560663012215336319704513928790531957691434791326540744012606391026163729092674546236319092066029172043545622979432411956250250132070338701417
2637063763732595167903316712457909913650144556335554440515723791510950072364255911530462225599524774319545192210755269425446409633412058240273715042363210666932097923667570433952113721637136
3547729292323720974301410443593396369605272642409535742950447714926654916549234545337673395539517545020930746715579419694300650930514190150973514477659222369049695390775223661504919441373661
2765354935045960309052409399333994967435293329643021369492767014237224526735923324354032972442646756337526431976599447270753563764645120593432607414741643906940590042147359120353750451723602
1177195055791461726750824056693251741001512431036196073647914142717296797204147266222594615904324440123700536170531452442559932610663457767210993204366016340407292560597719440463251136440696
9772118155272015015970066550116202631779535056476473254704064514779120943336067632736169394900146452575101540321641004627071026975419193239530312743554122459315272415591742441657722392365173
5637650011226074031293155946216214590793503443952246513436376774137059143795316564517791716710405223527320450561373503267003271304227547233906900413051139509676051022172326706776540914075342
0516007254203979995416645602130657174912914171974992671142721544441976100121239491255435442427912439401956749704416062577161549690647112374555031454044575042691133767409379541551636514401413
1496114470775313994149156419061939051593160569122539297639322594656179334652337595346146034353933912613323247572579651796202644197956592791505119766627962141190499141954321306102445342271129
3942770763474505474314779709394319995951523576593545191429213924190541199506994121145017051935213406761947036593199713973479252727933309475039400739927697690241335357505846545373219455256395
9415719529337431137362927965566794369745039295244797935373125157292011433091766041903024332957217112497476147621759206136941413045021493303740971391531104657532664037633342940119434405565537
2421474699643510104134507602156235954000536372187676763540950974223455133645903929004939910054914975062977044659715297935116974520292093347309433140561475764447279171026752952179355729572164
1134392301012257234925734107613625192207560550703305342592027390004323096213144019141690365042721439297030250610693117601953703750191053227695117356737346791140136675351505132234962042499412
7504920009632499699677161095647050463291667402796915009000474530377314167922721043545603165435441796954146119600169046253253491665704643622727241634761414313924795561046141639143192525223495
6676923557079535526924023259215643416002601270990040744531467561743356293306469624125260506491522359270719245259125470397046635219900529309723147263924140002117221930669302220601522412972521
6260046113162191009962507007700099271742304254712953945114324943521167992421021759465215363992520934396920256211404564400771193603016543549566471552311464077746735614947506062551994229992102
4219527934157007595362565116412423904760290410299527049447444321505734111444515997542957230164966954509112724620443324941547321324264161102909120757652751034452776351142101991451025903616079
3741643772969429451377654504563772907972497000439037799714602039439941192424566430670955526203762062522204422016514939453465510606920447490063542141604559772970003612592601444212514063602755
4424030612725717129910552945197717647320735637663610214223073677646266206009430736244540331025367732567507436027223374163613955359393335070132971603323175230050060562955475096716717594934444
2569646476524069959124145904906506003711796215209412734594093799506992963319750643301192037621011637452100650930009400930794724512359035124654531914130210233797017619152640549265071506273973
9297010911523912209127307032466641149997164756919320699446253114519362197139129412065199212654671703175373702330544904210255425927605357264920109039932023264506390775202459273257521224720619
5307300309953270955713996971942623901062771204252699170014202217037273032450477151029172949327150772423092265722932000255696091285360079027070939502361063326156193263071001519530797440264423
3977225720997116709670663167055967143196596533350341634277391262042971029745323691006301576577695760541216410394005577361371250020263916540673537509725245019076533141610321597674449441313911
5095925501041356000060396705125075752524214421090106720199950512420040411935912310695739353026749556695049015232243056050244703674350953953943639427520337294062113976910327310410790519263939
6259976264531040641666326239364550465230716515410614644463019046679610092643692461255604065795333416709244125935663413543756566025053472945593960932243215117276954056390777464507253158767690
5621333006946930114106971316190551476327349449347907434731074614911957452545700154199612157405219179764591215270700966117715374765979510302934760057623751975040040605699663920157630576246769
