99 548
54545454545454545454545454545454545454545454545454545454545454545454545454545454545454545454545454545454545454545454545454545454545454545454545454545454545454545454545454545454545454545454545454545454545454545454545454545454545454545454545454545454545454545454545454545454545454545454545454545454545454545454545454545454545454545454545454545454545454545454545454545454545454545454545454545454545454545454545454545454545454545454545454545454545454545454545454545454545454545454545454545454545454545454545454545454545454545454545454545454545454545454
45454545454545454545454545454545454545454545454545454545454545454545454545454545454545454545454545454545454545454545454545454545454545454545454545454545454545454545454545454545454545454545454545454545454545454545454545454545454545454545454545454545454545454545454545454545454545454545454545454545454545454545454545454545454545454545454545454545454545454545454545454545454545454545454545454545454545454545454545454545454545454545454545454545454545454545454545454545454545454545454545454545454545454545454545454545454545454545454545454545454545454545
54545454545454545454545454545454545454545454545454545454545454545454545454545454545454545454545454545454545454545454545454545454545454545454545454545454545454545454545454545454545454545454545454545454545454545454545454545454545454545454545454545454545454545454545454545454545454545454545454545454545454545454545454545454545454545454545454545454545454545454545454545454545454545454545454545454545454545454545454545454545454545454545454545454545454545454545454545454545454545454545454545454545454545454545454545454545454545454545454545454545454545454
45454545454545454545454545454545454545454545454545454545454545454545454545454545454545454545454545454545454545454545454545454545454545454545454545454545454545454545454545454545454545454545454545454545454545454545454545454545454545454545454545454545454545454545454545454545454545454545454545454545454545454545454545454545454545454545454545454545454545454545454545454545454545454545454545454545454545454545454545454545454545454545454545454545454545454545454545454545454545454545454545454545454545454545454545454545454545454545454545454545454545454545
54545454545454545454545454545454545454545454545454545454545454545454545454545454545454545454545454545454545454545454545454545454545454545454545454545454545454545454545454545454545454545454545454545454545454545454545454545454545454545454545454545454545454545454545454545454545454545454545454545454545454545454545454545454545454545454545454545454545454545454545454545454545454545454545454545454545454545454545454545454545454545454545454545454545454545454545454545454545454545454545454545454545454545454545454545454545454545454545454545454545454545454
45454545454545454545454545454545454545454545454545454545454545454545454545454545454545454545454545454545454545454545454545454545454545454545454545454545454545454545454545454545454545454545454545454545454545454545454545454545454545454545454545454545454545454545454545454545454545454545454545454545454545454545454545454545454545454545454545454545454545454545454545454545454545454545454545454545454545454545454545454545454545454545454545454545454545454545454545454545454545454545454545454545454545454545454545454545454545454545454545454545454545454545
54545454545454545454545454545454545454545454545454545454545454545454545454545454545454545454545454545454545454545454545454545454545454545454545454545454545454545454545454545454545454545454545454545454545454545454545454545454545454545454545454545454545454545454545454545454545454545454545454545454545454545454545454545454545454545454545454545454545454545454545454545454545454545454545454545454545454545454545454545454545454545454545454545454545454545454545454545454545454545454545454545454545454545454545454545454545454545454545454545454545454545454
45454545454545454545454545454545454545454545454545454545454545454545454545454545454545454545454545454545454545454545454545454545454545454545454545454545454545454545454545454545454545454545454545454545454545454545454545454545454545454545454545454545454545454545454545454545454545454545454545454545454545454545454545454545454545454545454545454545454545454545454545454545454545454545454545454545454545454545454545454545454545454545454545454545454545454545454545454545454545454545454545454545454545454545454545454545454545454545454545454545454545454545
54545454545454545454545454545454545454545454545454545454545454545454545454545454545454545454545454545454545454545454545454545454545454545454545454545454545454545454545454545454545454545454545454545454545454545454545454545454545454545454545454545454545454545454545454545454545454545454545454545454545454545454545454545454545454545454545454545454545454545454545454545454545454545454545454545454545454545454545454545454545454545454545454545454545454545454545454545454545454545454545454545454545454545454545454545454545454545454545454545454545454545454
45454545454545454545454545454545454545454545454545454545454545454545454545454545454545454545454545454545454545454545454545454545454545454545454545454545454545454545454545454545454545454545454545454545454545454545454545454545454545454545454545454545454545454545454545454545454545454545454545454545454545454545454545454545454545454545454545454545454545454545454545454545454545454545454545454545454545454545454545454545454545454545454545454545454545454545454545454545454545454545454545454545454545454545454545454545454545454545454545454545454545454545
54545454545454545454545454545454545454545454545454545454545454545454545454545454545454545454545454545454545454545454545454545454545454545454545454545454545454545454545454545454545454545454545454545454545454545454545454545454545454545454545454545454545454545454545454545454545454545454545454545454545454545454545454545454545454545454545454545454545454545454545454545454545454545454545454545454545454545454545454545454545454545454545454545454545454545454545454545454545454545454545454545454545454545454545454545454545454545454545454545454545454545454
45454545454545454545454545454545454545454545454545454545454545454545454545454545454545454545454545454545454545454545454545454545454545454545454545454545454545454545454545454545454545454545454545454545454545454545454545454545454545454545454545454545454545454545454545454545454545454545454545454545454545454545454545454545454545454545454545454545454545454545454545454545454545454545454545454545454545454545454545454545454545454545454545454545454545454545454545454545454545454545454545454545454545454545454545454545454545454545454545454545454545454545
54545454545454545454545454545454545454545454545454545454545454545454545454545454545454545454545454545454545454545454545454545454545454545454545454545454545454545454545454545454545454545454545454545454545454545454545454545454545454545454545454545454545454545454545454545454545454545454545454545454545454545454545454545454545454545454545454545454545454545454545454545454545454545454545454545454545454545454545454545454545454545454545454545454545454545454545454545454545454545454545454545454545454545454545454545454545454545454545454545454545454545454
45454545454545454545454545454545454545454545454545454545454545454545454545454545454545454545454545454545454545454545454545454545454545454545454545454545454545454545454545454545454545454545454545454545454545454545454545454545454545454545454545454545454545454545454545454545454545454545454545454545454545454545454545454545454545454545454545454545454545454545454545454545454545454545454545454545454545454545454545454545454545454545454545454545454545454545454545454545454545454545454545454545454545454545454545454545454545454545454545454545454545454545
54545454545454545454545454545454545454545454545454545454545454545454545454545454545454545454545454545454545454545454545454545454545454545454545454545454545454545454545454545454545454545454545454545454545454545454545454545454545454545454545454545454545454545454545454545454545454545454545454545454545454545454545454545454545454545454545454545454545454545454545454545454545454545454545454545454545454545454545454545454545454545454545454545454545454545454545454545454545454545454545454545454545454545454545454545454545454545454545454545454545454545454
45454545454545454545454545454545454545454545454545454545454545454545454545454545454545454545454545454545454545454545454545454545454545454545454545454545454545454545454545454545454545454545454545454545454545454545454545454545454545454545454545454545454545454545454545454545454545454545454545454545454545454545454545454545454545454545454545454545454545454545454545454545454545454545454545454545454545454545454545454545454545454545454545454545454545454545454545454545454545454545454545454545454545454545454545454545454545454545454545454545454545454545
54545454545454545454545454545454545454545454545454545454545454545454545454545454545454545454545454545454545454545454545454545454545454545454545454545454545454545454545454545454545454545454545454545454545454545454545454545454545454545454545454545454545454545454545454545454545454545454545454545454545454545454545454545454545454545454545454545454545454545454545454545454545454545454545454545454545454545454545454545454545454545454545454545454545454545454545454545454545454545454545454545454545454545454545454545454545454545454545454545454545454545454
45454545454545454545454545454545454545454545454545454545454545454545454545454545454545454545454545454545454545454545454545454545454545454545454545454545454545454545454545454545454545454545454545454545454545454545454545454545454545454545454545454545454545454545454545454545454545454545454545454545454545454545454545454545454545454545454545454545454545454545454545454545454545454545454545454545454545454545454545454545454545454545454545454545454545454545454545454545454545454545454545454545454545454545454545454545454545454545454545454545454545454545
54545454545454545454545454545454545454545454545454545454545454545454545454545454545454545454545454545454545454545454545454545454545454545454545454545454545454545454545454545454545454545454545454545454545454545454545454545454545454545454545454545454545454545454545454545454545454545454545454545454545454545454545454545454545454545454545454545454545454545454545454545454545454545454545454545454545454545454545454545454545454545454545454545454545454545454545454545454545454545454545454545454545454545454545454545454545454545454545454545454545454545454
45454545454545454545454545454545454545454545454545454545454545454545454545454545454545454545454545454545454545454545454545454545454545454545454545454545454545454545454545454545454545454545454545454545454545454545454545454545454545454545454545454545454545454545454545454545454545454545454545454545454545454545454545454545454545454545454545454545454545454545454545454545454545454545454545454545454545454545454545454545454545454545454545454545454545454545454545454545454545454545454545454545454545454545454545454545454545454545454545454545454545454545
54545454545454545454545454545454545454545454545454545454545454545454545454545454545454545454545454545454545454545454545454545454545454545454545454545454545454545454545454545454545454545454545454545454545454545454545454545454545454545454545454545454545454545454545454545454545454545454545454545454545454545454545454545454545454545454545454545454545454545454545454545454545454545454545454545454545454545454545454545454545454545454545454545454545454545454545454545454545454545454545454545454545454545454545454545454545454545454545454545454545454545454
45454545454545454545454545454545454545454545454545454545454545454545454545454545454545454545454545454545454545454545454545454545454545454545454545454545454545454545454545454545454545454545454545454545454545454545454545454545454545454545454545454545454545454545454545454545454545454545454545454545454545454545454545454545454545454545454545454545454545454545454545454545454545454545454545454545454545454545454545454545454545454545454545454545454545454545454545454545454545454545454545454545454545454545454545454545454545454545454545454545454545454545
54545454545454545454545454545454545454545454545454545454545454545454545454545454545454545454545454545454545454545454545454545454545454545454545454545454545454545454545454545454545454545454545454545454545454545454545454545454545454545454545454545454545454545454545454545454545454545454545454545454545454545454545454545454545454545454545454545454545454545454545454545454545454545454545454545454545454545454545454545454545454545454545454545454545454545454545454545454545454545454545454545454545454545454545454545454545454545454545454545454545454545454
45454545454545454545454545454545454545454545454545454545454545454545454545454545454545454545454545454545454545454545454545454545454545454545454545454545454545454545454545454545454545454545454545454545454545454545454545454545454545454545454545454545454545454545454545454545454545454545454545454545454545454545454545454545454545454545454545454545454545454545454545454545454545454545454545454545454545454545454545454545454545454545454545454545454545454545454545454545454545454545454545454545454545454545454545454545454545454545454545454545454545454545
54545454545454545454545454545454545454545454545454545454545454545454545454545454545454545454545454545454545454545454545454545454545454545454545454545454545454545454545454545454545454545454545454545454545454545454545454545454545454545454545454545454545454545454545454545454545454545454545454545454545454545454545454545454545454545454545454545454545454545454545454545454545454545454545454545454545454545454545454545454545454545454545454545454545454545454545454545454545454545454545454545454545454545454545454545454545454545454545454545454545454545454
45454545454545454545454545454545454545454545454545454545454545454545454545454545454545454545454545454545454545454545454545454545454545454545454545454545454545454545454545454545454545454545454545454545454545454545454545454545454545454545454545454545454545454545454545454545454545454545454545454545454545454545454545454545454545454545454545454545454545454545454545454545454545454545454545454545454545454545454545454545454545454545454545454545454545454545454545454545454545454545454545454545454545454545454545454545454545454545454545454545454545454545
54545454545454545454545454545454545454545454545454545454545454545454545454545454545454545454545454545454545454545454545454545454545454545454545454545454545454545454545454545454545454545454545454545454545454545454545454545454545454545454545454545454545454545454545454545454545454545454545454545454545454545454545454545454545454545454545454545454545454545454545454545454545454545454545454545454545454545454545454545454545454545454545454545454545454545454545454545454545454545454545454545454545454545454545454545454545454545454545454545454545454545454
45454545454545454545454545454545454545454545454545454545454545454545454545454545454545454545454545454545454545454545454545454545454545454545454545454545454545454545454545454545454545454545454545454545454545454545454545454545454545454545454545454545454545454545454545454545454545454545454545454545454545454545454545454545454545454545454545454545454545454545454545454545454545454545454545454545454545454545454545454545454545454545454545454545454545454545454545454545454545454545454545454545454545454545454545454545454545454545454545454545454545454545
54545454545454545454545454545454545454545454545454545454545454545454545454545454545454545454545454545454545454545454545454545454545454545454545454545454545454545454545454545454545454545454545454545454545454545454545454545454545454545454545454545454545454545454545454545454545454545454545454545454545454545454545454545454545454545454545454545454545454545454545454545454545454545454545454545454545454545454545454545454545454545454545454545454545454545454545454545454545454545454545454545454545454545454545454545454545454545454545454545454545454545454
45454545454545454545454545454545454545454545454545454545454545454545454545454545454545454545454545454545454545454545454545454545454545454545454545454545454545454545454545454545454545454545454545454545454545454545454545454545454545454545454545454545454545454545454545454545454545454545454545454545454545454545454545454545454545454545454545454545454545454545454545454545454545454545454545454545454545454545454545454545454545454545454545454545454545454545454545454545454545454545454545454545454545454545454545454545454545454545454545454545454545454545
54545454545454545454545454545454545454545454545454545454545454545454545454545454545454545454545454545454545454545454545454545454545454545454545454545454545454545454545454545454545454545454545454545454545454545454545454545454545454545454545454545454545454545454545454545454545454545454545454545454545454545454545454545454545454545454545454545454545454545454545454545454545454545454545454545454545454545454545454545454545454545454545454545454545454545454545454545454545454545454545454545454545454545454545454545454545454545454545454545454545454545454
45454545454545454545454545454545454545454545454545454545454545454545454545454545454545454545454545454545454545454545454545454545454545454545454545454545454545454545454545454545454545454545454545454545454545454545454545454545454545454545454545454545454545454545454545454545454545454545454545454545454545454545454545454545454545454545454545454545454545454545454545454545454545454545454545454545454545454545454545454545454545454545454545454545454545454545454545454545454545454545454545454545454545454545454545454545454545454545454545454545454545454545
54545454545454545454545454545454545454545454545454545454545454545454545454545454545454545454545454545454545454545454545454545454545454545454545454545454545454545454545454545454545454545454545454545454545454545454545454545454545454545454545454545454545454545454545454545454545454545454545454545454545454545454545454545454545454545454545454545454545454545454545454545454545454545454545454545454545454545454545454545454545454545454545454545454545454545454545454545454545454545454545454545454545454545454545454545454545454545454545454545454545454545454
45454545454545454545454545454545454545454545454545454545454545454545454545454545454545454545454545454545454545454545454545454545454545454545454545454545454545454545454545454545454545454545454545454545454545454545454545454545454545454545454545454545454545454545454545454545454545454545454545454545454545454545454545454545454545454545454545454545454545454545454545454545454545454545454545454545454545454545454545454545454545454545454545454545454545454545454545454545454545454545454545454545454545454545454545454545454545454545454545454545454545454545
54545454545454545454545454545454545454545454545454545454545454545454545454545454545454545454545454545454545454545454545454545454545454545454545454545454545454545454545454545454545454545454545454545454545454545454545454545454545454545454545454545454545454545454545454545454545454545454545454545454545454545454545454545454545454545454545454545454545454545454545454545454545454545454545454545454545454545454545454545454545454545454545454545454545454545454545454545454545454545454545454545454545454545454545454545454545454545454545454545454545454545454
45454545454545454545454545454545454545454545454545454545454545454545454545454545454545454545454545454545454545454545454545454545454545454545454545454545454545454545454545454545454545454545454545454545454545454545454545454545454545454545454545454545454545454545454545454545454545454545454545454545454545454545454545454545454545454545454545454545454545454545454545454545454545454545454545454545454545454545454545454545454545454545454545454545454545454545454545454545454545454545454545454545454545454545454545454545454545454545454545454545454545454545
54545454545454545454545454545454545454545454545454545454545454545454545454545454545454545454545454545454545454545454545454545454545454545454545454545454545454545454545454545454545454545454545454545454545454545454545454545454545454545454545454545454545454545454545454545454545454545454545454545454545454545454545454545454545454545454545454545454545454545454545454545454545454545454545454545454545454545454545454545454545454545454545454545454545454545454545454545454545454545454545454545454545454545454545454545454545454545454545454545454545454545454
45454545454545454545454545454545454545454545454545454545454545454545454545454545454545454545454545454545454545454545454545454545454545454545454545454545454545454545454545454545454545454545454545454545454545454545454545454545454545454545454545454545454545454545454545454545454545454545454545454545454545454545454545454545454545454545454545454545454545454545454545454545454545454545454545454545454545454545454545454545454545454545454545454545454545454545454545454545454545454545454545454545454545454545454545454545454545454545454545454545454545454545
54545454545454545454545454545454545454545454545454545454545454545454545454545454545454545454545454545454545454545454545454545454545454545454545454545454545454545454545454545454545454545454545454545454545454545454545454545454545454545454545454545454545454545454545454545454545454545454545454545454545454545454545454545454545454545454545454545454545454545454545454545454545454545454545454545454545454545454545454545454545454545454545454545454545454545454545454545454545454545454545454545454545454545454545454545454545454545454545454545454545454545454
45454545454545454545454545454545454545454545454545454545454545454545454545454545454545454545454545454545454545454545454545454545454545454545454545454545454545454545454545454545454545454545454545454545454545454545454545454545454545454545454545454545454545454545454545454545454545454545454545454545454545454545454545454545454545454545454545454545454545454545454545454545454545454545454545454545454545454545454545454545454545454545454545454545454545454545454545454545454545454545454545454545454545454545454545454545454545454545454545454545454545454545
54545454545454545454545454545454545454545454545454545454545454545454545454545454545454545454545454545454545454545454545454545454545454545454545454545454545454545454545454545454545454545454545454545454545454545454545454545454545454545454545454545454545454545454545454545454545454545454545454545454545454545454545454545454545454545454545454545454545454545454545454545454545454545454545454545454545454545454545454545454545454545454545454545454545454545454545454545454545454545454545454545454545454545454545454545454545454545454545454545454545454545454
45454545454545454545454545454545454545454545454545454545454545454545454545454545454545454545454545454545454545454545454545454545454545454545454545454545454545454545454545454545454545454545454545454545454545454545454545454545454545454545454545454545454545454545454545454545454545454545454545454545454545454545454545454545454545454545454545454545454545454545454545454545454545454545454545454545454545454545454545454545454545454545454545454545454545454545454545454545454545454545454545454545454545454545454545454545454545454545454545454545454545454545
54545454545454545454545454545454545454545454545454545454545454545454545454545454545454545454545454545454545454545454545454545454545454545454545454545454545454545454545454545454545454545454545454545454545454545454545454545454545454545454545454545454545454545454545454545454545454545454545454545454545454545454545454545454545454545454545454545454545454545454545454545454545454545454545454545454545454545454545454545454545454545454545454545454545454545454545454545454545454545454545454545454545454545454545454545454545454545454545454545454545454545454
45454545454545454545454545454545454545454545454545454545454545454545454545454545454545454545454545454545454545454545454545454545454545454545454545454545454545454545454545454545454545454545454545454545454545454545454545454545454545454545454545454545454545454545454545454545454545454545454545454545454545454545454545454545454545454545454545454545454545454545454545454545454545454545454545454545454545454545454545454545454545454545454545454545454545454545454545454545454545454545454545454545454545454545454545454545454545454545454545454545454545454545
54545454545454545454545454545454545454545454545454545454545454545454545454545454545454545454545454545454545454545454545454545454545454545454545454545454545454545454545454545454545454545454545454545454545454545454545454545454545454545454545454545454545454545454545454545454545454545454545454545454545454545454545454545454545454545454545454545454545454545454545454545454545454545454545454545454545454545454545454545454545454545454545454545454545454545454545454545454545454545454545454545454545454545454545454545454545454545454545454545454545454545454
45454545454545454545454545454545454545454545454545454545454545454545454545454545454545454545454545454545454545454545454545454545454545454545454545454545454545454545454545454545454545454545454545454545454545454545454545454545454545454545454545454545454545454545454545454545454545454545454545454545454545454545454545454545454545454545454545454545454545454545454545454545454545454545454545454545454545454545454545454545454545454545454545454545454545454545454545454545454545454545454545454545454545454545454545454545454545454545454545454545454545454545
54545454545454545454545454545454545454545454545454545454545454545454545454545454545454545454545454545454545454545454545454545454545454545454545454545454545454545454545454545454545454545454545454545454545454545454545454545454545454545454545454545454545454545454545454545454545454545454545454545454545454545454545454545454545454545454545454545454545454545454545454545454545454545454545454545454545454545454545454545454545454545454545454545454545454545454545454545454545454545454545454545454545454545454545454545454545454545454545454545454545454545454
45454545454545454545454545454545454545454545454545454545454545454545454545454545454545454545454545454545454545454545454545454545454545454545454545454545454545454545454545454545454545454545454545454545454545454545454545454545454545454545454545454545454545454545454545454545454545454545454545454545454545454545454545454545454545454545454545454545454545454545454545454545454545454545454545454545454545454545454545454545454545454545454545454545454545454545454545454545454545454545454545454545454545454545454545454545454545454545454545454545454545454545
54545454545454545454545454545454545454545454545454545454545454545454545454545454545454545454545454545454545454545454545454545454545454545454545454545454545454545454545454545454545454545454545454545454545454545454545454545454545454545454545454545454545454545454545454545454545454545454545454545454545454545454545454545454545454545454545454545454545454545454545454545454545454545454545454545454545454545454545454545454545454545454545454545454545454545454545454545454545454545454545454545454545454545454545454545454545454545454545454545454545454545454
45454545454545454545454545454545454545454545454545454545454545454545454545454545454545454545454545454545454545454545454545454545454545454545454545454545454545454545454545454545454545454545454545454545454545454545454545454545454545454545454545454545454545454545454545454545454545454545454545454545454545454545454545454545454545454545454545454545454545454545454545454545454545454545454545454545454545454545454545454545454545454545454545454545454545454545454545454545454545454545454545454545454545454545454545454545454545454545454545454545454545454545
54545454545454545454545454545454545454545454545454545454545454545454545454545454545454545454545454545454545454545454545454545454545454545454545454545454545454545454545454545454545454545454545454545454545454545454545454545454545454545454545454545454545454545454545454545454545454545454545454545454545454545454545454545454545454545454545454545454545454545454545454545454545454545454545454545454545454545454545454545454545454545454545454545454545454545454545454545454545454545454545454545454545454545454545454545454545454545454545454545454545454545454
45454545454545454545454545454545454545454545454545454545454545454545454545454545454545454545454545454545454545454545454545454545454545454545454545454545454545454545454545454545454545454545454545454545454545454545454545454545454545454545454545454545454545454545454545454545454545454545454545454545454545454545454545454545454545454545454545454545454545454545454545454545454545454545454545454545454545454545454545454545454545454545454545454545454545454545454545454545454545454545454545454545454545454545454545454545454545454545454545454545454545454545
54545454545454545454545454545454545454545454545454545454545454545454545454545454545454545454545454545454545454545454545454545454545454545454545454545454545454545454545454545454545454545454545454545454545454545454545454545454545454545454545454545454545454545454545454545454545454545454545454545454545454545454545454545454545454545454545454545454545454545454545454545454545454545454545454545454545454545454545454545454545454545454545454545454545454545454545454545454545454545454545454545454545454545454545454545454545454545454545454545454545454545454
45454545454545454545454545454545454545454545454545454545454545454545454545454545454545454545454545454545454545454545454545454545454545454545454545454545454545454545454545454545454545454545454545454545454545454545454545454545454545454545454545454545454545454545454545454545454545454545454545454545454545454545454545454545454545454545454545454545454545454545454545454545454545454545454545454545454545454545454545454545454545454545454545454545454545454545454545454545454545454545454545454545454545454545454545454545454545454545454545454545454545454545
54545454545454545454545454545454545454545454545454545454545454545454545454545454545454545454545454545454545454545454545454545454545454545454545454545454545454545454545454545454545454545454545454545454545454545454545454545454545454545454545454545454545454545454545454545454545454545454545454545454545454545454545454545454545454545454545454545454545454545454545454545454545454545454545454545454545454545454545454545454545454545454545454545454545454545454545454545454545454545454545454545454545454545454545454545454545454545454545454545454545454545454
45454545454545454545454545454545454545454545454545454545454545454545454545454545454545454545454545454545454545454545454545454545454545454545454545454545454545454545454545454545454545454545454545454545454545454545454545454545454545454545454545454545454545454545454545454545454545454545454545454545454545454545454545454545454545454545454545454545454545454545454545454545454545454545454545454545454545454545454545454545454545454545454545454545454545454545454545454545454545454545454545454545454545454545454545454545454545454545454545454545454545454545
54545454545454545454545454545454545454545454545454545454545454545454545454545454545454545454545454545454545454545454545454545454545454545454545454545454545454545454545454545454545454545454545454545454545454545454545454545454545454545454545454545454545454545454545454545454545454545454545454545454545454545454545454545454545454545454545454545454545454545454545454545454545454545454545454545454545454545454545454545454545454545454545454545454545454545454545454545454545454545454545454545454545454545454545454545454545454545454545454545454545454545454
45454545454545454545454545454545454545454545454545454545454545454545454545454545454545454545454545454545454545454545454545454545454545454545454545454545454545454545454545454545454545454545454545454545454545454545454545454545454545454545454545454545454545454545454545454545454545454545454545454545454545454545454545454545454545454545454545454545454545454545454545454545454545454545454545454545454545454545454545454545454545454545454545454545454545454545454545454545454545454545454545454545454545454545454545454545454545454545454545454545454545454545
54545454545454545454545454545454545454545454545454545454545454545454545454545454545454545454545454545454545454545454545454545454545454545454545454545454545454545454545454545454545454545454545454545454545454545454545454545454545454545454545454545454545454545454545454545454545454545454545454545454545454545454545454545454545454545454545454545454545454545454545454545454545454545454545454545454545454545454545454545454545454545454545454545454545454545454545454545454545454545454545454545454545454545454545454545454545454545454545454545454545454545454
45454545454545454545454545454545454545454545454545454545454545454545454545454545454545454545454545454545454545454545454545454545454545454545454545454545454545454545454545454545454545454545454545454545454545454545454545454545454545454545454545454545454545454545454545454545454545454545454545454545454545454545454545454545454545454545454545454545454545454545454545454545454545454545454545454545454545454545454545454545454545454545454545454545454545454545454545454545454545454545454545454545454545454545454545454545454545454545454545454545454545454545
54545454545454545454545454545454545454545454545454545454545454545454545454545454545454545454545454545454545454545454545454545454545454545454545454545454545454545454545454545454545454545454545454545454545454545454545454545454545454545454545454545454545454545454545454545454545454545454545454545454545454545454545454545454545454545454545454545454545454545454545454545454545454545454545454545454545454545454545454545454545454545454545454545454545454545454545454545454545454545454545454545454545454545454545454545454545454545454545454545454545454545454
45454545454545454545454545454545454545454545454545454545454545454545454545454545454545454545454545454545454545454545454545454545454545454545454545454545454545454545454545454545454545454545454545454545454545454545454545454545454545454545454545454545454545454545454545454545454545454545454545454545454545454545454545454545454545454545454545454545454545454545454545454545454545454545454545454545454545454545454545454545454545454545454545454545454545454545454545454545454545454545454545454545454545454545454545454545454545454545454545454545454545454545
54545454545454545454545454545454545454545454545454545454545454545454545454545454545454545454545454545454545454545454545454545454545454545454545454545454545454545454545454545454545454545454545454545454545454545454545454545454545454545454545454545454545454545454545454545454545454545454545454545454545454545454545454545454545454545454545454545454545454545454545454545454545454545454545454545454545454545454545454545454545454545454545454545454545454545454545454545454545454545454545454545454545454545454545454545454545454545454545454545454545454545454
45454545454545454545454545454545454545454545454545454545454545454545454545454545454545454545454545454545454545454545454545454545454545454545454545454545454545454545454545454545454545454545454545454545454545454545454545454545454545454545454545454545454545454545454545454545454545454545454545454545454545454545454545454545454545454545454545454545454545454545454545454545454545454545454545454545454545454545454545454545454545454545454545454545454545454545454545454545454545454545454545454545454545454545454545454545454545454545454545454545454545454545
54545454545454545454545454545454545454545454545454545454545454545454545454545454545454545454545454545454545454545454545454545454545454545454545454545454545454545454545454545454545454545454545454545454545454545454545454545454545454545454545454545454545454545454545454545454545454545454545454545454545454545454545454545454545454545454545454545454545454545454545454545454545454545454545454545454545454545454545454545454545454545454545454545454545454545454545454545454545454545454545454545454545454545454545454545454545454545454545454545454545454545454
45454545454545454545454545454545454545454545454545454545454545454545454545454545454545454545454545454545454545454545454545454545454545454545454545454545454545454545454545454545454545454545454545454545454545454545454545454545454545454545454545454545454545454545454545454545454545454545454545454545454545454545454545454545454545454545454545454545454545454545454545454545454545454545454545454545454545454545454545454545454545454545454545454545454545454545454545454545454545454545454545454545454545454545454545454545454545454545454545454545454545454545
54545454545454545454545454545454545454545454545454545454545454545454545454545454545454545454545454545454545454545454545454545454545454545454545454545454545454545454545454545454545454545454545454545454545454545454545454545454545454545454545454545454545454545454545454545454545454545454545454545454545454545454545454545454545454545454545454545454545454545454545454545454545454545454545454545454545454545454545454545454545454545454545454545454545454545454545454545454545454545454545454545454545454545454545454545454545454545454545454545454545454545454
45454545454545454545454545454545454545454545454545454545454545454545454545454545454545454545454545454545454545454545454545454545454545454545454545454545454545454545454545454545454545454545454545454545454545454545454545454545454545454545454545454545454545454545454545454545454545454545454545454545454545454545454545454545454545454545454545454545454545454545454545454545454545454545454545454545454545454545454545454545454545454545454545454545454545454545454545454545454545454545454545454545454545454545454545454545454545454545454545454545454545454545
54545454545454545454545454545454545454545454545454545454545454545454545454545454545454545454545454545454545454545454545454545454545454545454545454545454545454545454545454545454545454545454545454545454545454545454545454545454545454545454545454545454545454545454545454545454545454545454545454545454545454545454545454545454545454545454545454545454545454545454545454545454545454545454545454545454545454545454545454545454545454545454545454545454545454545454545454545454545454545454545454545454545454545454545454545454545454545454545454545454545454545454
45454545454545454545454545454545454545454545454545454545454545454545454545454545454545454545454545454545454545454545454545454545454545454545454545454545454545454545454545454545454545454545454545454545454545454545454545454545454545454545454545454545454545454545454545454545454545454545454545454545454545454545454545454545454545454545454545454545454545454545454545454545454545454545454545454545454545454545454545454545454545454545454545454545454545454545454545454545454545454545454545454545454545454545454545454545454545454545454545454545454545454545
54545454545454545454545454545454545454545454545454545454545454545454545454545454545454545454545454545454545454545454545454545454545454545454545454545454545454545454545454545454545454545454545454545454545454545454545454545454545454545454545454545454545454545454545454545454545454545454545454545454545454545454545454545454545454545454545454545454545454545454545454545454545454545454545454545454545454545454545454545454545454545454545454545454545454545454545454545454545454545454545454545454545454545454545454545454545454545454545454545454545454545454
45454545454545454545454545454545454545454545454545454545454545454545454545454545454545454545454545454545454545454545454545454545454545454545454545454545454545454545454545454545454545454545454545454545454545454545454545454545454545454545454545454545454545454545454545454545454545454545454545454545454545454545454545454545454545454545454545454545454545454545454545454545454545454545454545454545454545454545454545454545454545454545454545454545454545454545454545454545454545454545454545454545454545454545454545454545454545454545454545454545454545454545
54545454545454545454545454545454545454545454545454545454545454545454545454545454545454545454545454545454545454545454545454545454545454545454545454545454545454545454545454545454545454545454545454545454545454545454545454545454545454545454545454545454545454545454545454545454545454545454545454545454545454545454545454545454545454545454545454545454545454545454545454545454545454545454545454545454545454545454545454545454545454545454545454545454545454545454545454545454545454545454545454545454545454545454545454545454545454545454545454545454545454545454
45454545454545454545454545454545454545454545454545454545454545454545454545454545454545454545454545454545454545454545454545454545454545454545454545454545454545454545454545454545454545454545454545454545454545454545454545454545454545454545454545454545454545454545454545454545454545454545454545454545454545454545454545454545454545454545454545454545454545454545454545454545454545454545454545454545454545454545454545454545454545454545454545454545454545454545454545454545454545454545454545454545454545454545454545454545454545454545454545454545454545454545
54545454545454545454545454545454545454545454545454545454545454545454545454545454545454545454545454545454545454545454545454545454545454545454545454545454545454545454545454545454545454545454545454545454545454545454545454545454545454545454545454545454545454545454545454545454545454545454545454545454545454545454545454545454545454545454545454545454545454545454545454545454545454545454545454545454545454545454545454545454545454545454545454545454545454545454545454545454545454545454545454545454545454545454545454545454545454545454545454545454545454545454
45454545454545454545454545454545454545454545454545454545454545454545454545454545454545454545454545454545454545454545454545454545454545454545454545454545454545454545454545454545454545454545454545454545454545454545454545454545454545454545454545454545454545454545454545454545454545454545454545454545454545454545454545454545454545454545454545454545454545454545454545454545454545454545454545454545454545454545454545454545454545454545454545454545454545454545454545454545454545454545454545454545454545454545454545454545454545454545454545454545454545454545
54545454545454545454545454545454545454545454545454545454545454545454545454545454545454545454545454545454545454545454545454545454545454545454545454545454545454545454545454545454545454545454545454545454545454545454545454545454545454545454545454545454545454545454545454545454545454545454545454545454545454545454545454545454545454545454545454545454545454545454545454545454545454545454545454545454545454545454545454545454545454545454545454545454545454545454545454545454545454545454545454545454545454545454545454545454545454545454545454545454545454545454
45454545454545454545454545454545454545454545454545454545454545454545454545454545454545454545454545454545454545454545454545454545454545454545454545454545454545454545454545454545454545454545454545454545454545454545454545454545454545454545454545454545454545454545454545454545454545454545454545454545454545454545454545454545454545454545454545454545454545454545454545454545454545454545454545454545454545454545454545454545454545454545454545454545454545454545454545454545454545454545454545454545454545454545454545454545454545454545454545454545454545454545
54545454545454545454545454545454545454545454545454545454545454545454545454545454545454545454545454545454545454545454545454545454545454545454545454545454545454545454545454545454545454545454545454545454545454545454545454545454545454545454545454545454545454545454545454545454545454545454545454545454545454545454545454545454545454545454545454545454545454545454545454545454545454545454545454545454545454545454545454545454545454545454545454545454545454545454545454545454545454545454545454545454545454545454545454545454545454545454545454545454545454545454
45454545454545454545454545454545454545454545454545454545454545454545454545454545454545454545454545454545454545454545454545454545454545454545454545454545454545454545454545454545454545454545454545454545454545454545454545454545454545454545454545454545454545454545454545454545454545454545454545454545454545454545454545454545454545454545454545454545454545454545454545454545454545454545454545454545454545454545454545454545454545454545454545454545454545454545454545454545454545454545454545454545454545454545454545454545454545454545454545454545454545454545
54545454545454545454545454545454545454545454545454545454545454545454545454545454545454545454545454545454545454545454545454545454545454545454545454545454545454545454545454545454545454545454545454545454545454545454545454545454545454545454545454545454545454545454545454545454545454545454545454545454545454545454545454545454545454545454545454545454545454545454545454545454545454545454545454545454545454545454545454545454545454545454545454545454545454545454545454545454545454545454545454545454545454545454545454545454545454545454545454545454545454545454
45454545454545454545454545454545454545454545454545454545454545454545454545454545454545454545454545454545454545454545454545454545454545454545454545454545454545454545454545454545454545454545454545454545454545454545454545454545454545454545454545454545454545454545454545454545454545454545454545454545454545454545454545454545454545454545454545454545454545454545454545454545454545454545454545454545454545454545454545454545454545454545454545454545454545454545454545454545454545454545454545454545454545454545454545454545454545454545454545454545454545454545
54545454545454545454545454545454545454545454545454545454545454545454545454545454545454545454545454545454545454545454545454545454545454545454545454545454545454545454545454545454545454545454545454545454545454545454545454545454545454545454545454545454545454545454545454545454545454545454545454545454545454545454545454545454545454545454545454545454545454545454545454545454545454545454545454545454545454545454545454545454545454545454545454545454545454545454545454545454545454545454545454545454545454545454545454545454545454545454545454545454545454545454
45454545454545454545454545454545454545454545454545454545454545454545454545454545454545454545454545454545454545454545454545454545454545454545454545454545454545454545454545454545454545454545454545454545454545454545454545454545454545454545454545454545454545454545454545454545454545454545454545454545454545454545454545454545454545454545454545454545454545454545454545454545454545454545454545454545454545454545454545454545454545454545454545454545454545454545454545454545454545454545454545454545454545454545454545454545454545454545454545454545454545454545
54545454545454545454545454545454545454545454545454545454545454545454545454545454545454545454545454545454545454545454545454545454545454545454545454545454545454545454545454545454545454545454545454545454545454545454545454545454545454545454545454545454545454545454545454545454545454545454545454545454545454545454545454545454545454545454545454545454545454545454545454545454545454545454545454545454545454545454545454545454545454545454545454545454545454545454545454545454545454545454545454545454545454545454545454545454545454545454545454545454545454545454
45454545454545454545454545454545454545454545454545454545454545454545454545454545454545454545454545454545454545454545454545454545454545454545454545454545454545454545454545454545454545454545454545454545454545454545454545454545454545454545454545454545454545454545454545454545454545454545454545454545454545454545454545454545454545454545454545454545454545454545454545454545454545454545454545454545454545454545454545454545454545454545454545454545454545454545454545454545454545454545454545454545454545454545454545454545454545454545454545454545454545454545
54545454545454545454545454545454545454545454545454545454545454545454545454545454545454545454545454545454545454545454545454545454545454545454545454545454545454545454545454545454545454545454545454545454545454545454545454545454545454545454545454545454545454545454545454545454545454545454545454545454545454545454545454545454545454545454545454545454545454545454545454545454545454545454545454545454545454545454545454545454545454545454545454545454545454545454545454545454545454545454545454545454545454545454545454545454545454545454545454545454545454545454
45454545454545454545454545454545454545454545454545454545454545454545454545454545454545454545454545454545454545454545454545454545454545454545454545454545454545454545454545454545454545454545454545454545454545454545454545454545454545454545454545454545454545454545454545454545454545454545454545454545454545454545454545454545454545454545454545454545454545454545454545454545454545454545454545454545454545454545454545454545454545454545454545454545454545454545454545454545454545454545454545454545454545454545454545454545454545454545454545454545454545454545
54545454545454545454545454545454545454545454545454545454545454545454545454545454545454545454545454545454545454545454545454545454545454545454545454545454545454545454545454545454545454545454545454545454545454545454545454545454545454545454545454545454545454545454545454545454545454545454545454545454545454545454545454545454545454545454545454545454545454545454545454545454545454545454545454545454545454545454545454545454545454545454545454545454545454545454545454545454545454545454545454545454545454545454545454545454545454545454545454545454545454545454
45454545454545454545454545454545454545454545454545454545454545454545454545454545454545454545454545454545454545454545454545454545454545454545454545454545454545454545454545454545454545454545454545454545454545454545454545454545454545454545454545454545454545454545454545454545454545454545454545454545454545454545454545454545454545454545454545454545454545454545454545454545454545454545454545454545454545454545454545454545454545454545454545454545454545454545454545454545454545454545454545454545454545454545454545454545454545454545454545454545454545454545
54545454545454545454545454545454545454545454545454545454545454545454545454545454545454545454545454545454545454545454545454545454545454545454545454545454545454545454545454545454545454545454545454545454545454545454545454545454545454545454545454545454545454545454545454545454545454545454545454545454545454545454545454545454545454545454545454545454545454545454545454545454545454545454545454545454545454545454545454545454545454545454545454545454545454545454545454545454545454545454545454545454545454545454545454545454545454545454545454545454545454545454
45454545454545454545454545454545454545454545454545454545454545454545454545454545454545454545454545454545454545454545454545454545454545454545454545454545454545454545454545454545454545454545454545454545454545454545454545454545454545454545454545454545454545454545454545454545454545454545454545454545454545454545454545454545454545454545454545454545454545454545454545454545454545454545454545454545454545454545454545454545454545454545454545454545454545454545454545454545454545454545454545454545454545454545454545454545454545454545454545454545454545454545
54545454545454545454545454545454545454545454545454545454545454545454545454545454545454545454545454545454545454545454545454545454545454545454545454545454545454545454545454545454545454545454545454545454545454545454545454545454545454545454545454545454545454545454545454545454545454545454545454545454545454545454545454545454545454545454545454545454545454545454545454545454545454545454545454545454545454545454545454545454545454545454545454545454545454545454545454545454545454545454545454545454545454545454545454545454545454545454545454545454545454545454
45454545454545454545454545454545454545454545454545454545454545454545454545454545454545454545454545454545454545454545454545454545454545454545454545454545454545454545454545454545454545454545454545454545454545454545454545454545454545454545454545454545454545454545454545454545454545454545454545454545454545454545454545454545454545454545454545454545454545454545454545454545454545454545454545454545454545454545454545454545454545454545454545454545454545454545454545454545454545454545454545454545454545454545454545454545454545454545454545454545454545454545
54545454545454545454545454545454545454545454545454545454545454545454545454545454545454545454545454545454545454545454545454545454545454545454545454545454545454545454545454545454545454545454545454545454545454545454545454545454545454545454545454545454545454545454545454545454545454545454545454545454545454545454545454545454545454545454545454545454545454545454545454545454545454545454545454545454545454545454545454545454545454545454545454545454545454545454545454545454545454545454545454545454545454545454545454545454545454545454545454545454545454545454
45454545454545454545454545454545454545454545454545454545454545454545454545454545454545454545454545454545454545454545454545454545454545454545454545454545454545454545454545454545454545454545454545454545454545454545454545454545454545454545454545454545454545454545454545454545454545454545454545454545454545454545454545454545454545454545454545454545454545454545454545454545454545454545454545454545454545454545454545454545454545454545454545454545454545454545454545454545454545454545454545454545454545454545454545454545454545454545454545454545454545454545
54545454545454545454545454545454545454545454545454545454545454545454545454545454545454545454545454545454545454545454545454545454545454545454545454545454545454545454545454545454545454545454545454545454545454545454545454545454545454545454545454545454545454545454545454545454545454545454545454545454545454545454545454545454545454545454545454545454545454545454545454545454545454545454545454545454545454545454545454545454545454545454545454545454545454545454545454545454545454545454545454545454545454545454545454545454545454545454545454545454545454545454
45454545454545454545454545454545454545454545454545454545454545454545454545454545454545454545454545454545454545454545454545454545454545454545454545454545454545454545454545454545454545454545454545454545454545454545454545454545454545454545454545454545454545454545454545454545454545454545454545454545454545454545454545454545454545454545454545454545454545454545454545454545454545454545454545454545454545454545454545454545454545454545454545454545454545454545454545454545454545454545454545454545454545454545454545454545454545454545454545454545454545454545
54545454545454545454545454545454545454545454545454545454545454545454545454545454545454545454545454545454545454545454545454545454545454545454545454545454545454545454545454545454545454545454545454545454545454545454545454545454545454545454545454545454545454545454545454545454545454545454545454545454545454545454545454545454545454545454545454545454545454545454545454545454545454545454545454545454545454545454545454545454545454545454545454545454545454545454545454545454545454545454545454545454545454545454545454545454545454545454545454545454545454545454
