5219
299 2382 2
299 3910 2
3465 299 2
1443 299 2
299 2776 2
299 493 2
2700 299 2
1165 299 2
299 53 2
299 1710 2
299 4432 2
1737 299 2
299 3199 2
4175 299 2
4987 299 2
54 299 2
299 4628 2
822 299 2
299 4064 2
299 4179 2
299 4664 2
2938 299 2
1053 299 2
299 4437 2
2432 299 2
299 284 2
4835 299 2
299 1183 2
2621 299 2
299 5178 2
299 2956 2
846 299 2
2317 299 2
851 299 2
2047 299 2
299 409 2
299 2130 2
299 2094 2
299 2083 2
299 3126 2
1480 299 2
299 2569 2
299 3312 2
299 1698 2
4229 299 2
299 3242 2
774 299 2
299 4334 2
536 299 2
4758 299 2
4756 299 2
299 3716 2
2462 299 2
1244 299 2
299 3231 2
299 784 2
299 1232 2
5008 299 2
2889 299 2
299 1479 2
151 299 2
299 39 2
299 4176 2
299 792 2
299 3453 2
2536 299 2
299 3105 2
1512 299 2
299 4714 2
4801 299 2
954 299 2
299 2268 2
299 3964 2
299 853 2
299 3554 2
4402 299 2
299 5073 2
299 379 2
868 299 2
299 1084 2
3331 299 2
299 3987 2
1028 299 2
299 4 2
299 1651 2
299 713 2
4516 299 2
59 299 2
262 299 2
299 3323 2
2998 299 2
4073 299 2
492 299 2
299 5141 2
299 2098 2
299 2276 2
1414 299 2
5070 299 2
4021 299 2
299 3806 2
299 2783 2
1329 299 2
1630 299 2
299 1079 2
299 1171 2
299 1371 2
3922 299 2
299 206 2
299 12 2
1482 299 2
299 2014 2
299 196 2
5125 299 2
1967 299 2
299 2036 2
283 299 2
299 2166 2
758 299 2
4925 299 2
299 2845 2
299 1867 2
299 753 2
575 299 2
299 3144 2
299 1840 2
299 534 2
2020 299 2
1634 299 2
1735 299 2
299 1661 2
299 3023 2
800 299 2
1031 299 2
2566 299 2
299 10 2
299 2263 2
299 2312 2
3299 299 2
299 3407 2
1836 299 2
299 4550 2
3559 299 2
1797 299 2
2143 299 2
299 4323 2
299 4589 2
299 4612 2
1708 299 2
299 4143 2
299 2601 2
299 2105 2
299 3832 2
299 3644 2
299 3020 2
3673 299 2
4422 299 2
299 3521 2
562 299 2
3941 299 2
299 1179 2
299 4886 2
2540 299 2
299 2808 2
4312 299 2
2598 299 2
299 582 2
773 299 2
299 2421 2
299 3178 2
1117 299 2
3558 299 2
299 1679 2
299 1933 2
299 1881 2
299 4630 2
2244 299 2
299 3229 2
3542 299 2
3604 299 2
1346 299 2
1841 299 2
299 75 2
2076 299 2
299 5137 2
299 1261 2
299 3516 2
299 3859 2
3704 299 2
299 3226 2
2605 299 2
299 2695 2
751 299 2
1004 299 2
3451 299 2
501 299 2
4309 299 2
299 1716 2
299 3933 2
299 2756 2
1427 299 2
299 2329 2
299 1508 2
3452 299 2
299 569 2
299 2892 2
299 4204 2
2524 299 2
2739 299 2
299 4434 2
299 3942 2
4818 299 2
299 5131 2
1201 299 2
3033 299 2
299 5120 2
299 4409 2
299 2431 2
299 1355 2
4959 299 2
1493 299 2
1338 299 2
299 4293 2
3707 299 2
299 4798 2
299 5028 2
299 1709 2
299 877 2
1297 299 2
299 899 2
299 4117 2
4997 299 2
3681 299 2
299 558 2
299 4648 2
299 3517 2
299 3336 2
299 1333 2
299 844 2
2206 299 2
5097 299 2
299 1491 2
2211 299 2
299 1019 2
299 438 2
4090 299 2
299 2673 2
2584 299 2
299 2885 2
296 299 2
1890 299 2
299 3082 2
1552 299 2
1381 299 2
299 3931 2
5143 299 2
299 4104 2
299 3136 2
299 821 2
299 4231 2
299 875 2
3774 299 2
299 338 2
299 5187 2
2884 299 2
500 299 2
3003 299 2
299 2918 2
1939 299 2
299 129 2
484 299 2
3610 299 2
1220 299 2
4576 299 2
3978 299 2
299 4127 2
299 2614 2
4423 299 2
3736 299 2
3328 299 2
3028 299 2
776 299 2
2724 299 2
673 299 2
5168 299 2
2334 299 2
299 1074 2
3335 299 2
299 3662 2
2723 299 2
299 5194 2
299 1594 2
299 3539 2
1736 299 2
299 3598 2
299 1509 2
4000 299 2
299 2896 2
4200 299 2
3251 299 2
299 2630 2
4081 299 2
299 1404 2
299 3916 2
299 4899 2
299 123 2
4054 299 2
299 4788 2
299 3396 2
4775 299 2
2057 299 2
1699 299 2
299 1370 2
299 207 2
2543 299 2
299 371 2
299 5018 2
3802 299 2
3804 299 2
3320 299 2
2644 299 2
4857 299 2
2447 299 2
1657 299 2
299 3224 2
1945 299 2
1313 299 2
299 2856 2
1178 299 2
299 2243 2
3957 299 2
3650 299 2
299 4263 2
299 2681 2
299 1675 2
623 299 2
258 299 2
299 3073 2
299 5029 2
2855 299 2
299 1889 2
299 2817 2
299 2370 2
299 3095 2
299 1520 2
4330 299 2
480 299 2
299 3322 2
299 4687 2
299 3635 2
299 3937 2
3797 299 2
955 299 2
299 1111 2
299 723 2
299 5148 2
4198 299 2
1599 299 2
61 299 2
1379 299 2
299 4032 2
299 4837 2
3269 299 2
299 3256 2
299 4050 2
299 1450 2
299 3523 2
299 4685 2
4930 299 2
939 299 2
299 1764 2
1198 299 2
208 299 2
299 44 2
4020 299 2
827 299 2
2084 299 2
4431 299 2
299 667 2
970 299 2
5113 299 2
1773 299 2
2092 299 2
453 299 2
299 4479 2
299 4846 2
299 1761 2
299 4686 2
3908 299 2
3850 299 2
299 848 2
299 5042 2
4354 299 2
299 4820 2
299 1667 2
1391 299 2
4518 299 2
299 3506 2
299 2188 2
299 1130 2
299 2674 2
4218 299 2
1581 299 2
3476 299 2
3467 299 2
299 1372 2
1304 299 2
299 3402 2
3442 299 2
706 299 2
1340 299 2
299 5166 2
913 299 2
3334 299 2
299 1910 2
4310 299 2
4640 299 2
4150 299 2
2692 299 2
299 4227 2
299 3143 2
299 2936 2
4285 299 2
1819 299 2
3703 299 2
2409 299 2
2742 299 2
4863 299 2
299 1219 2
4643 299 2
5132 299 2
299 1980 2
299 235 2
299 2992 2
1918 299 2
1008 299 2
299 398 2
299 3044 2
3281 299 2
299 3216 2
299 1374 2
299 4622 2
299 5081 2
4691 299 2
1878 299 2
299 545 2
299 4526 2
1025 299 2
299 4100 2
299 4960 2
2367 299 2
1785 299 2
1929 299 2
3682 299 2
299 1685 2
299 2504 2
299 2423 2
299 2733 2
299 1556 2
299 1572 2
5201 299 2
1331 299 2
299 102 2
299 1891 2
299 3525 2
299 663 2
299 439 2
1686 299 2
299 587 2
299 1539 2
299 1927 2
299 1527 2
3115 299 2
299 3202 2
1266 299 2
2023 299 2
299 4062 2
299 746 2
2809 299 2
299 26 2
4403 299 2
40 299 2
299 1999 2
2554 299 2
1114 299 2
1741 299 2
4610 299 2
4895 299 2
299 2729 2
299 5123 2
299 993 2
299 5160 2
299 124 2
299 1704 2
139 299 2
2863 299 2
299 797 2
2974 299 2
3139 299 2
5061 299 2
3472 299 2
3357 299 2
299 642 2
299 3535 2
299 1516 2
3191 299 2
299 1905 2
2745 299 2
108 299 2
299 3605 2
299 4461 2
2339 299 2
340 299 2
1994 299 2
3470 299 2
299 826 2
299 3387 2
1066 299 2
299 5056 2
231 299 2
299 2064 2
3858 299 2
299 4132 2
299 1086 2
299 3974 2
299 3121 2
299 1602 2
4822 299 2
299 791 2
3274 299 2
413 299 2
2944 299 2
299 370 2
299 4337 2
299 100 2
881 299 2
195 299 2
299 4332 2
1672 299 2
581 299 2
299 3091 2
299 5192 2
299 2515 2
299 2517 2
1549 299 2
299 5219 2
299 165 2
299 3060 2
299 420 2
3771 299 2
299 1795 2
299 1912 2
1902 299 2
299 4012 2
4551 299 2
299 3237 2
299 2563 2
299 1411 2
299 3386 2
299 1937 2
486 299 2
4252 299 2
2272 299 2
2688 299 2
4316 299 2
4710 299 2
299 416 2
2307 299 2
2749 299 2
4391 299 2
1047 299 2
299 1311 2
2927 299 2
299 2534 2
299 1532 2
299 4174 2
682 299 2
1558 299 2
299 411 2
4666 299 2
299 793 2
174 299 2
2725 299 2
4564 299 2
299 3781 2
299 2975 2
3743 299 2
4539 299 2
299 2184 2
2269 299 2
2304 299 2
2622 299 2
1483 299 2
299 232 2
1032 299 2
299 1258 2
299 1422 2
3500 299 2
253 299 2
4018 299 2
299 4460 2
1898 299 2
4722 299 2
5038 299 2
299 3099 2
5069 299 2
299 4266 2
299 3022 2
299 3730 2
299 699 2
299 2041 2
4906 299 2
1718 299 2
1951 299 2
3671 299 2
2228 299 2
299 4392 2
3619 299 2
299 1553 2
299 4071 2
4078 299 2
299 72 2
299 2847 2
299 4858 2
172 299 2
299 392 2
299 4888 2
4168 299 2
299 4221 2
3491 299 2
299 883 2
299 3510 2
299 1344 2
4572 299 2
299 3861 2
299 3098 2
299 1612 2
4996 299 2
2275 299 2
299 4396 2
2322 299 2
299 1030 2
343 299 2
299 615 2
7 299 2
299 3809 2
299 3903 2
299 1580 2
624 299 2
2049 299 2
299 3031 2
46 299 2
2810 299 2
4569 299 2
2958 299 2
1433 299 2
4076 299 2
2718 299 2
299 69 2
1174 299 2
1446 299 2
299 3728 2
299 3477 2
4668 299 2
299 3043 2
299 836 2
299 2572 2
201 299 2
299 2043 2
1054 299 2
299 1283 2
2514 299 2
2281 299 2
299 2600 2
2309 299 2
299 2613 2
1485 299 2
299 2837 2
3347 299 2
299 3552 2
226 299 2
299 2087 2
3502 299 2
4831 299 2
3917 299 2
2173 299 2
153 299 2
299 3714 2
1334 299 2
4919 299 2
299 1935 2
3332 299 2
299 2310 2
1637 299 2
4757 299 2
4574 299 2
2320 299 2
4468 299 2
3009 299 2
299 2825 2
4464 299 2
5200 299 2
299 3878 2
2417 299 2
299 2921 2
299 4362 2
444 299 2
299 841 2
451 299 2
299 3059 2
299 887 2
299 3794 2
299 4976 2
299 2055 2
423 299 2
299 3113 2
299 4051 2
299 4103 2
299 833 2
299 2897 2
4282 299 2
299 2486 2
299 731 2
299 4733 2
2606 299 2
2251 299 2
299 221 2
299 619 2
299 3142 2
299 1777 2
3232 299 2
299 213 2
299 2152 2
4197 299 2
591 299 2
4178 299 2
429 299 2
299 305 2
299 2474 2
3047 299 2
1497 299 2
4099 299 2
299 4709 2
3864 299 2
299 4876 2
3778 299 2
1628 299 2
299 3653 2
1744 299 2
299 4861 2
299 1277 2
299 4923 2
299 224 2
299 4182 2
2636 299 2
2574 299 2
299 1923 2
299 2568 2
3990 299 2
299 311 2
299 1202 2
299 532 2
244 299 2
95 299 2
1424 299 2
2732 299 2
1288 299 2
299 556 2
1613 299 2
4256 299 2
299 4232 2
3265 299 2
299 113 2
299 2446 2
299 665 2
4864 299 2
1808 299 2
5084 299 2
922 299 2
2764 299 2
403 299 2
1692 299 2
554 299 2
299 3418 2
299 1088 2
162 299 2
299 2336 2
3180 299 2
2997 299 2
3248 299 2
299 599 2
3364 299 2
299 1278 2
299 1545 2
3592 299 2
3991 299 2
2960 299 2
254 299 2
299 4716 2
2341 299 2
299 219 2
34 299 2
299 4926 2
3327 299 2
299 2708 2
1993 299 2
2125 299 2
299 3247 2
299 3381 2
299 2318 2
299 649 2
4033 299 2
299 2476 2
299 1223 2
299 4372 2
3221 299 2
299 3642 2
299 4522 2
5129 299 2
4826 299 2
3993 299 2
3001 299 2
299 3930 2
481 299 2
299 4438 2
299 2774 2
1872 299 2
4013 299 2
299 2717 2
4779 299 2
299 3435 2
299 978 2
2838 299 2
299 4360 2
956 299 2
299 919 2
92 299 2
299 2056 2
3773 299 2
1946 299 2
299 3107 2
299 2038 2
299 1325 2
3560 299 2
299 4759 2
299 353 2
50 299 2
299 2363 2
299 4225 2
299 1099 2
1543 299 2
299 5210 2
2364 299 2
279 299 2
4656 299 2
4505 299 2
2003 299 2
299 3555 2
2120 299 2
4142 299 2
299 1006 2
299 2333 2
299 3302 2
735 299 2
299 4146 2
299 5177 2
3305 299 2
299 1029 2
299 171 2
1771 299 2
27 299 2
299 2721 2
4234 299 2
299 1309 2
299 3597 2
299 4358 2
5010 299 2
299 1013 2
1068 299 2
1561 299 2
299 1678 2
299 477 2
4920 299 2
299 3433 2
299 4525 2
3757 299 2
1215 299 2
3852 299 2
299 983 2
299 2424 2
994 299 2
299 3741 2
4379 299 2
5033 299 2
299 594 2
4900 299 2
299 4286 2
5115 299 2
299 5197 2
4426 299 2
2969 299 2
4003 299 2
299 3052 2
3882 299 2
299 1601 2
62 299 2
299 1401 2
2220 299 2
3595 299 2
299 3984 2
299 2460 2
299 1896 2
299 3066 2
299 2502 2
214 299 2
299 1238 2
4445 299 2
299 4497 2
299 3912 2
2239 299 2
495 299 2
764 299 2
299 2044 2
299 4120 2
299 830 2
3520 299 2
1270 299 2
299 1720 2
299 2442 2
299 644 2
299 1862 2
299 5204 2
299 2352 2
60 299 2
299 3943 2
2270 299 2
299 5017 2
143 299 2
299 157 2
299 3271 2
2706 299 2
2455 299 2
299 3805 2
3236 299 2
4827 299 2
1789 299 2
4713 299 2
299 1614 2
299 1459 2
1975 299 2
299 2655 2
299 2111 2
299 63 2
302 299 2
299 3579 2
249 299 2
299 3827 2
459 299 2
299 3731 2
299 446 2
299 4369 2
299 1733 2
3245 299 2
4783 299 2
4080 299 2
1835 299 2
2617 299 2
299 3104 2
299 4411 2
299 4291 2
2168 299 2
299 1362 2
299 4578 2
299 3163 2
299 4489 2
2737 299 2
1373 299 2
4506 299 2
5086 299 2
4070 299 2
3109 299 2
508 299 2
299 4029 2
1597 299 2
299 4500 2
299 4059 2
2000 299 2
299 1723 2
299 308 2
299 222 2
1137 299 2
1279 299 2
299 2890 2
2518 299 2
251 299 2
4096 299 2
585 299 2
5145 299 2
299 2645 2
3667 299 2
4841 299 2
299 2682 2
3660 299 2
49 299 2
299 512 2
862 299 2
3696 299 2
3690 299 2
2893 299 2
3723 299 2
4027 299 2
3294 299 2
182 299 2
299 1968 2
299 3902 2
299 521 2
580 299 2
3447 299 2
4891 299 2
3695 299 2
1925 299 2
299 4511 2
2747 299 2
176 299 2
299 3608 2
299 356 2
915 299 2
299 4584 2
299 2567 2
3285 299 2
299 2916 2
299 3352 2
1778 299 2
4694 299 2
299 3409 2
4124 299 2
4760 299 2
299 3833 2
1633 299 2
1254 299 2
5199 299 2
299 2913 2
299 2365 2
566 299 2
3923 299 2
2597 299 2
299 3152 2
831 299 2
987 299 2
3631 299 2
299 2011 2
4157 299 2
299 5040 2
4469 299 2
1286 299 2
3618 299 2
299 2935 2
3380 299 2
1560 299 2
1536 299 2
4763 299 2
3742 299 2
299 2024 2
1830 299 2
299 2042 2
4912 299 2
2942 299 2
518 299 2
2824 299 2
4474 299 2
299 727 2
3244 299 2
3458 299 2
422 299 2
299 1837 2
299 3114 2
299 1455 2
1644 299 2
299 873 2
4352 299 2
299 3977 2
299 3950 2
930 299 2
299 1958 2
2818 299 2
299 3085 2
299 2260 2
4088 299 2
299 2457 2
1540 299 2
299 2714 2
299 3909 2
3490 299 2
3042 299 2
299 2403 2
4488 299 2
299 2010 2
346 299 2
1209 299 2
3489 299 2
4596 299 2
3577 299 2
4935 299 2
76 299 2
299 3670 2
299 2527 2
1551 299 2
264 299 2
299 4682 2
299 3847 2
1876 299 2
299 2200 2
299 4004 2
1824 299 2
431 299 2
299 984 2
299 3213 2
525 299 2
3962 299 2
1478 299 2
299 4897 2
299 2198 2
299 1660 2
3313 299 2
2858 299 2
5099 299 2
299 293 2
5130 299 2
299 2694 2
299 2060 2
299 259 2
299 5045 2
467 299 2
299 3646 2
5176 299 2
4279 299 2
2162 299 2
299 2264 2
3501 299 2
299 2899 2
3079 299 2
299 652 2
299 4617 2
4345 299 2
299 3448 2
299 1360 2
980 299 2
299 4202 2
299 414 2
4541 299 2
299 770 2
299 2469 2
4838 299 2
299 3813 2
299 1062 2
328 299 2
299 2593 2
3844 299 2
3475 299 2
299 2558 2
299 2061 2
4678 299 2
4613 299 2
299 726 2
299 4966 2
3928 299 2
299 778 2
299 2979 2
2182 299 2
299 655 2
2048 299 2
299 4031 2
299 1895 2
299 1917 2
299 1751 2
2777 299 2
4442 299 2
3748 299 2
299 4542 2
299 1361 2
299 3841 2
4433 299 2
299 3389 2
1453 299 2
299 1052 2
19 299 2
299 5213 2
1616 299 2
299 5175 2
3206 299 2
299 3488 2
299 4272 2
299 1280 2
299 230 2
299 636 2
3361 299 2
299 4043 2
2991 299 2
299 4331 2
2660 299 2
3613 299 2
299 5134 2
299 3288 2
299 1396 2
3384 299 2
943 299 2
4961 299 2
299 3967 2
299 2761 2
3239 299 2
1942 299 2
1865 299 2
299 1804 2
1151 299 2
299 2985 2
299 2158 2
1568 299 2
299 2034 2
299 5083 2
299 28 2
299 3205 2
514 299 2
2135 299 2
299 5076 2
3086 299 2
3553 299 2
299 2988 2
299 1189 2
3590 299 2
299 3088 2
299 4797 2
299 265 2
3528 299 2
561 299 2
299 4723 2
3077 299 2
2819 299 2
2796 299 2
3509 299 2
3739 299 2
4114 299 2
299 478 2
523 299 2
4606 299 2
3851 299 2
3658 299 2
2501 299 2
299 4898 2
2678 299 2
4370 299 2
299 3772 2
3005 299 2
4882 299 2
3338 299 2
5104 299 2
299 3982 2
1348 299 2
2443 299 2
2734 299 2
645 299 2
2498 299 2
1964 299 2
299 3580 2
299 256 2
389 299 2
299 4764 2
299 4342 2
299 3568 2
299 2689 2
4879 299 2
299 215 2
3997 299 2
4910 299 2
2631 299 2
2413 299 2
2355 299 2
299 3201 2
2274 299 2
1103 299 2
3654 299 2
299 1206 2
32 299 2
299 1766 2
4356 299 2
299 1438 2
2207 299 2
4728 299 2
299 5164 2
2571 299 2
2321 299 2
1141 299 2
1983 299 2
299 2609 2
2795 299 2
1714 299 2
618 299 2
299 3035 2
299 1470 2
2873 299 2
2690 299 2
299 242 2
299 2298 2
299 4404 2
299 3938 2
3292 299 2
1432 299 2
2349 299 2
299 5206 2
299 1796 2
1886 299 2
299 3057 2
299 745 2
299 2252 2
299 3395 2
299 674 2
299 1725 2
299 4115 2
299 5047 2
483 299 2
299 4508 2
299 4089 2
299 1158 2
299 924 2
2628 299 2
3655 299 2
288 299 2
299 2414 2
299 737 2
299 339 2
491 299 2
299 931 2
299 1717 2
299 180 2
4154 299 2
299 1921 2
299 2570 2
2903 299 2
2151 299 2
4201 299 2
299 3498 2
299 876 2
2868 299 2
299 3718 2
299 4167 2
299 4030 2
299 3050 2
1934 299 2
299 131 2
299 2859 2
299 4969 2
299 1535 2
3376 299 2
299 1494 2
299 45 2
299 1555 2
299 4989 2
2945 299 2
4393 299 2
299 3911 2
2096 299 2
299 1772 2
950 299 2
5052 299 2
3307 299 2
299 3431 2
2854 299 2
299 2965 2
323 299 2
2026 299 2
299 2002 2
299 4483 2
299 3456 2
299 3643 2
299 3848 2
3867 299 2
299 1009 2
299 2012 2
299 3289 2
299 5092 2
299 3494 2
3599 299 2
299 4955 2
299 3069 2
299 656 2
417 299 2
4164 299 2
299 1730 2
299 4638 2
299 4271 2
299 3358 2
1398 299 2
299 966 2
299 1472 2
4883 299 2
5021 299 2
4931 299 2
299 3951 2
299 2437 2
3102 299 2
5159 299 2
362 299 2
4834 299 2
299 3011 2
299 1711 2
2530 299 2
1873 299 2
2496 299 2
1518 299 2
3394 299 2
4049 299 2
149 299 2
3257 299 2
299 3412 2
299 238 2
299 3408 2
4744 299 2
299 3659 2
3103 299 2
299 1571 2
299 2399 2
3378 299 2
299 1784 2
299 4688 2
1739 299 2
299 1291 2
299 3699 2
3918 299 2
1554 299 2
299 2811 2
55 299 2
299 1461 2
1156 299 2
2767 299 2
2171 299 2
299 179 2
299 2648 2
299 57 2
3436 299 2
4521 299 2
299 2215 2
2015 299 2
299 2456 2
299 1475 2
299 835 2
3434 299 2
3321 299 2
299 4602 2
653 299 2
299 4441 2
299 13 2
2053 299 2
299 616 2
299 4223 2
299 3148 2
299 5090 2
2941 299 2
299 1131 2
3588 299 2
5053 299 2
4211 299 2
1327 299 2
299 3812 2
2337 299 2
299 3438 2
3866 299 2
299 4973 2
299 4410 2
299 1101 2
4747 299 2
1335 299 2
2464 299 2
299 3819 2
299 524 2
1885 299 2
299 1783 2
66 299 2
852 299 2
4721 299 2
228 299 2
93 299 2
2548 299 2
5013 299 2
299 5157 2
2065 299 2
5205 299 2
299 2844 2
299 2187 2
299 3094 2
779 299 2
1870 299 2
538 299 2
2828 299 2
3414 299 2
299 1798 2
299 1588 2
299 1791 2
3524 299 2
1143 299 2
299 2906 2
2066 299 2
3944 299 2
3720 299 2
299 4333 2
299 1208 2
3007 299 2
4222 299 2
299 269 2
4896 299 2
299 5180 2
2225 299 2
3920 299 2
1229 299 2
299 1193 2
4193 299 2
4607 299 2
299 2976 2
299 4084 2
1073 299 2
299 3593 2
5146 299 2
342 299 2
3345 299 2
4350 299 2
299 813 2
3986 299 2
299 3037 2
299 1110 2
4435 299 2
2759 299 2
4972 299 2
2192 299 2
299 2787 2
299 3547 2
299 2 2
461 299 2
946 299 2
299 117 2
299 448 2
4079 299 2
137 299 2
299 2416 2
299 2232 2
2923 299 2
299 1276 2
299 5108 2
4774 299 2
299 4048 2
299 3989 2
299 3924 2
349 299 2
299 4702 2
4975 299 2
299 4845 2
4224 299 2
299 1057 2
676 299 2
4655 299 2
299 4228 2
4943 299 2
299 3149 2
1022 299 2
3278 299 2
240 299 2
299 4260 2
3192 299 2
299 4583 2
341 299 2
503 299 2
1166 299 2
1240 299 2
299 1382 2
1635 299 2
299 2576 2
299 4877 2
299 3980 2
299 3106 2
299 4621 2
1995 299 2
105 299 2
299 1072 2
299 3165 2
299 3581 2
299 216 2
299 3401 2
3034 299 2
299 4675 2
4571 299 2
4261 299 2
299 365 2
299 2696 2
299 4514 2
3614 299 2
299 507 2
2389 299 2
299 824 2
299 3606 2
628 299 2
299 4965 2
299 2585 2
299 1377 2
4381 299 2
4892 299 2
1096 299 2
3183 299 2
2741 299 2
299 3392 2
3368 299 2
4025 299 2
3087 299 2
2792 299 2
2175 299 2
4041 299 2
299 4962 2
299 351 2
4237 299 2
864 299 2
299 1598 2
299 3722 2
4166 299 2
299 3019 2
3789 299 2
299 2786 2
299 2867 2
384 299 2
299 4743 2
1122 299 2
299 2943 2
299 24 2
299 688 2
3807 299 2
4793 299 2
1447 299 2
590 299 2
671 299 2
299 4796 2
299 3763 2
299 4878 2
4547 299 2
299 3533 2
1626 299 2
94 299 2
299 5091 2
814 299 2
4593 299 2
299 2544 2
5117 299 2
4792 299 2
299 3875 2
299 2952 2
299 1249 2
692 299 2
299 2445 2
299 3622 2
1985 299 2
299 4778 2
893 299 2
526 299 2
299 4608 2
1093 299 2
4196 299 2
299 4597 2
299 4513 2
2234 299 2
900 299 2
2981 299 2
299 3755 2
3210 299 2
299 3301 2
4374 299 2
3297 299 2
299 4752 2
1700 299 2
3186 299 2
432 299 2
3612 299 2
869 299 2
299 2772 2
299 1537 2
299 2299 2
299 4216 2
299 5124 2
104 299 2
299 426 2
155 299 2
299 2332 2
2335 299 2
5127 299 2
734 299 2
1577 299 2
299 3601 2
299 683 2
1045 299 2
4028 299 2
299 5170 2
4816 299 2
299 4737 2
2905 299 2
299 2989 2
299 1669 2
4840 299 2
2877 299 2
299 2067 2
299 4833 2
2973 299 2
299 1682 2
299 1118 2
2410 299 2
485 299 2
299 2987 2
299 2537 2
299 812 2
3616 299 2
4022 299 2
4001 299 2
4625 299 2
299 2319 2
188 299 2
299 1815 2
299 2851 2
299 2653 2
299 1105 2
299 5054 2
3385 299 2
3428 299 2
3446 299 2
299 3865 2
299 3808 2
299 1674 2
2132 299 2
299 2375 2
299 4787 2
299 1245 2
299 934 2
5088 299 2
1729 299 2
299 2532 2
58 299 2
2134 299 2
2962 299 2
2433 299 2
299 140 2
598 299 2
236 299 2
1159 299 2
2676 299 2
299 4019 2
299 329 2
1884 299 2
299 3261 2
4657 299 2
67 299 2
4815 299 2
299 4616 2
4951 299 2
299 2253 2
4745 299 2
567 299 2
1521 299 2
3405 299 2
1557 299 2
1969 299 2
4243 299 2
299 1147 2
299 4642 2
741 299 2
309 299 2
299 3587 2
299 880 2
419 299 2
299 227 2
299 3678 2
299 771 2
2573 299 2
299 2141 2
3282 299 2
299 5135 2
577 299 2
2545 299 2
2852 299 2
299 4611 2
1120 299 2
299 3300 2
442 299 2
299 3815 2
299 1916 2
3995 299 2
4199 299 2
1367 299 2
1496 299 2
2459 299 2
3074 299 2
2670 299 2
299 3556 2
4457 299 2
2775 299 2
299 187 2
299 3228 2
3266 299 2
299 1930 2
299 2595 2
1991 299 2
1563 299 2
299 173 2
1247 299 2
1996 299 2
299 3596 2
299 3966 2
4251 299 2
299 832 2
3445 299 2
299 4692 2
2963 299 2
3744 299 2
299 3569 2
299 4308 2
470 299 2
3193 299 2
1650 299 2
4741 299 2
2148 299 2
3374 299 2
1139 299 2
3638 299 2
1662 299 2
557 299 2
299 272 2
299 3096 2
299 4259 2
299 3391 2
299 3314 2
299 3021 2
4629 299 2
2199 299 2
299 1523 2
299 4205 2
299 1318 2
299 463 2
299 5048 2
299 4767 2
299 2643 2
3657 299 2
3363 299 2
299 4875 2
148 299 2
299 2578 2
239 299 2
4673 299 2
4258 299 2
299 2440 2
299 5067 2
3382 299 2
299 4944 2
299 2266 2
3770 299 2
299 3895 2
299 440 2
4158 299 2
4916 299 2
1273 299 2
299 2972 2
299 3935 2
3125 299 2
1040 299 2
1782 299 2
2948 299 2
299 3063 2
299 489 2
2875 299 2
3706 299 2
299 553 2
708 299 2
299 3439 2
299 321 2
299 1324 2
299 2315 2
4131 299 2
4305 299 2
5002 299 2
299 1619 2
2726 299 2
299 3377 2
299 3726 2
299 3351 2
299 1078 2
3782 299 2
4720 299 2
64 299 2
299 882 2
299 1268 2
299 4667 2
299 2781 2
2666 299 2
299 4247 2
299 2505 2
2005 299 2
1687 299 2
1502 299 2
299 33 2
299 5055 2
299 418 2
1213 299 2
3131 299 2
299 4339 2
299 3636 2
5107 299 2
299 2832 2
299 2640 2
4693 299 2
4940 299 2
299 1412 2
299 3927 2
5066 299 2
118 299 2
299 3185 2
299 1938 2
299 3238 2
5077 299 2
299 4382 2
2300 299 2
3083 299 2
1974 299 2
2013 299 2
299 840 2
717 299 2
333 299 2
3119 299 2
2955 299 2
476 299 2
299 1077 2
299 1123 2
299 4823 2
299 1185 2
3817 299 2
2248 299 2
2273 299 2
299 4504 2
2779 299 2
2302 299 2
299 4129 2
466 299 2
299 918 2
299 1375 2
299 2216 2
299 220 2
999 299 2
299 1883 2
1603 299 2
407 299 2
299 3017 2
299 2149 2
2909 299 2
299 4135 2
4183 299 2
299 4524 2
299 806 2
299 1302 2
2027 299 2
5184 299 2
2282 299 2
299 1757 2
299 3664 2
299 3046 2
299 3168 2
299 3128 2
299 889 2
299 3249 2
299 884 2
299 949 2
299 4467 2
130 299 2
299 202 2
464 299 2
299 3013 2
299 2099 2
299 337 2
299 56 2
1500 299 2
299 1487 2
299 4830 2
42 299 2
897 299 2
25 299 2
2369 299 2
299 2052 2
1823 299 2
299 2978 2
3578 299 2
4594 299 2
394 299 2
515 299 2
4169 299 2
83 299 2
299 1727 2
299 4958 2
2071 299 2
299 920 2
3677 299 2
925 299 2
299 4755 2
4937 299 2
1693 299 2
299 1081 2
4633 299 2
4568 299 2
952 299 2
1947 299 2
3508 299 2
1990 299 2
359 299 2
578 299 2
2542 299 2
3786 299 2
752 299 2
299 2702 2
3482 299 2
299 1221 2
629 299 2
299 3241 2
3880 299 2
1269 299 2
299 3820 2
299 4549 2
3801 299 2
3526 299 2
5100 299 2
299 794 2
762 299 2
3751 299 2
672 299 2
5071 299 2
2193 299 2
299 2390 2
299 1419 2
299 2535 2
632 299 2
299 1801 2
1177 299 2
299 2189 2
299 2634 2
299 4986 2
2458 299 2
299 387 2
299 450 2
299 1091 2
299 965 2
299 1977 2
3474 299 2
159 299 2
425 299 2
4458 299 2
756 299 2
1253 299 2
4934 299 2
299 3884 2
2842 299 2
299 781 2
4298 299 2
3759 299 2
299 1664 2
4695 299 2
299 1263 2
2295 299 2
299 1955 2
2820 299 2
4847 299 2
277 299 2
299 583 2
621 299 2
299 245 2
299 1793 2
4141 299 2
2930 299 2
3223 299 2
1234 299 2
3798 299 2
299 1853 2
2797 299 2
4061 299 2
299 2822 2
5094 299 2
1457 299 2
299 3929 2
3141 299 2
299 1513 2
2229 299 2
5006 299 2
299 1135 2
2853 299 2
299 601 2
299 5001 2
299 4472 2
299 1418 2
299 3497 2
299 2072 2
299 160 2
299 1632 2
299 634 2
299 3511 2
2658 299 2
5162 299 2
299 3371 2
5214 299 2
1134 299 2
2387 299 2
299 1251 2
775 299 2
3329 299 2
982 299 2
299 3856 2
2235 299 2
299 1583 2
2805 299 2
299 2394 2
299 2529 2
299 714 2
3457 299 2
661 299 2
299 725 2
299 3522 2
299 4672 2
299 1924 2
1593 299 2
299 2340 2
299 2391 2
3803 299 2
1786 299 2
299 1252 2
299 3072 2
299 4044 2
4038 299 2
3340 299 2
1449 299 2
696 299 2
3793 299 2
5186 299 2
299 4662 2
299 3862 2
299 3818 2
4523 299 2
299 2791 2
3255 299 2
299 809 2
299 127 2
5138 299 2
299 4329 2
2857 299 2
299 1721 2
3529 299 2
299 1142 2
299 1000 2
299 4066 2
2672 299 2
4889 299 2
3485 299 2
299 2480 2
299 2589 2
933 299 2
780 299 2
299 5167 2
299 4947 2
299 2686 2
299 1747 2
4390 299 2
4217 299 2
4968 299 2
4706 299 2
299 2213 2
299 693 2
811 299 2
299 327 2
2451 299 2
460 299 2
299 74 2
299 733 2
2259 299 2
4781 299 2
299 698 2
2422 299 2
1752 299 2
3887 299 2
299 1811 2
41 299 2
299 1788 2
3828 299 2
299 2886 2
742 299 2
299 2164 2
4753 299 2
4658 299 2
455 299 2
2615 299 2
3124 299 2
299 1349 2
1981 299 2
299 1848 2
1566 299 2
4109 299 2
2928 299 2
299 3303 2
1625 299 2
1970 299 2
299 2209 2
891 299 2
372 299 2
4009 299 2
1587 299 2
299 5195 2
4385 299 2
2556 299 2
299 3372 2
299 2778 2
299 3325 2
299 4909 2
2586 299 2
530 299 2
2381 299 2
299 595 2
86 299 2
299 2950 2
4963 299 2
299 1330 2
299 2434 2
3513 299 2
2683 299 2
550 299 2
299 498 2
299 3200 2
3462 299 2
299 3776 2
299 4519 2
1507 299 2
4280 299 2
299 2616 2
988 299 2
299 4250 2
3421 299 2
2082 299 2
2129 299 2
299 2331 2
1456 299 2
299 1573 2
299 4067 2
299 1056 2
299 5105 2
1314 299 2
3346 299 2
944 299 2
299 3140 2
299 2910 2
299 3250 2
299 3188 2
1489 299 2
203 299 2
3934 299 2
1781 299 2
299 2420 2
299 2667 2
2619 299 2
1753 299 2
299 1659 2
299 4631 2
299 4480 2
299 5207 2
2937 299 2
3012 299 2
5150 299 2
299 286 2
3900 299 2
2074 299 2
539 299 2
1976 299 2
4213 299 2
299 850 2
299 4929 2
299 2951 2
888 299 2
299 1345 2
299 2580 2
2051 299 2
5065 299 2
1911 299 2
299 1383 2
1646 299 2
299 2393 2
4647 299 2
2712 299 2
3758 299 2
299 765 2
1 299 2
979 299 2
299 5126 2
4058 299 2
299 1035 2
2870 299 2
1779 299 2
4903 299 2
3745 299 2
2372 299 2
5144 299 2
986 299 2
299 1538 2
299 2506 2
299 3863 2
597 299 2
299 818 2
299 2780 2
299 3406 2
299 4024 2
299 1550 2
4854 299 2
3684 299 2
299 4085 2
1638 299 2
4306 299 2
3692 299 2
299 3737 2
552 299 2
2914 299 2
299 1643 2
1316 299 2
299 613 2
1691 299 2
1180 299 2
2345 299 2
4128 299 2
1600 299 2
2208 299 2
299 1018 2
3212 299 2
2204 299 2
299 2698 2
299 3600 2
1492 299 2
299 5034 2
434 299 2
4856 299 2
299 1640 2
3561 299 2
299 520 2
299 5202 2
4614 299 2
754 299 2
4634 299 2
299 3290 2
299 4343 2
299 1207 2
299 1591 2
3101 299 2
490 299 2
802 299 2
299 2970 2
299 4717 2
299 2707 2
299 997 2
3463 299 2
299 4811 2
3220 299 2
299 1961 2
299 2834 2
299 2662 2
299 789 2
4751 299 2
299 3156 2
551 299 2
299 3422 2
299 4582 2
1987 299 2
299 1444 2
4836 299 2
299 2685 2
3343 299 2
299 2404 2
299 386 2
299 3705 2
299 1064 2
2898 299 2
1877 299 2
2142 299 2
4739 299 2
299 1838 2
299 3219 2
111 299 2
299 4008 2
299 1259 2
299 3174 2
299 4349 2
299 4136 2
299 744 2
299 1468 2
299 3145 2
299 2876 2
299 3045 2
2933 299 2
299 3566 2
3947 299 2
4696 299 2
3081 299 2
3471 299 2
5179 299 2
5012 299 2
4627 299 2
1210 299 2
3896 299 2
299 4274 2
299 2846 2
299 3834 2
299 295 2
299 3582 2
2699 299 2
2680 299 2
299 3466 2
299 2103 2
1940 299 2
4376 299 2
299 1882 2
299 4092 2
4035 299 2
1352 299 2
1410 299 2
2784 299 2
456 299 2
299 572 2
4155 299 2
299 4380 2
4387 299 2
2592 299 2
299 2757 2
5063 299 2
3753 299 2
217 299 2
299 2508 2
1832 299 2
299 2816 2
299 3369 2
1113 299 2
1435 299 2
4144 299 2
299 564 2
299 2031 2
1366 299 2
1267 299 2
299 110 2
299 4922 2
2874 299 2
972 299 2
299 517 2
299 3998 2
299 4974 2
4190 299 2
299 5039 2
299 681 2
299 2590 2
1430 299 2
299 1351 2
299 3461 2
299 307 2
4554 299 2
299 947 2
299 4719 2
299 1434 2
299 270 2
299 1767 2
299 1953 2
2008 299 2
299 929 2
299 4264 2
4439 299 2
299 1941 2
299 2961 2
299 1607 2
299 3897 2
299 529 2
4130 299 2
299 2596 2
299 1218 2
299 3970 2
299 4985 2
299 5151 2
5046 299 2
299 509 2
299 845 2
299 1125 2
299 2748 2
299 2539 2
4315 299 2
1673 299 2
299 1746 2
299 3235 2
3837 299 2
299 1336 2
4689 299 2
299 317 2
3585 299 2
1998 299 2
3661 299 2
1301 299 2
2901 299 2
299 4181 2
299 4949 2
299 856 2
299 4210 2
2490 299 2
299 4153 2
299 1484 2
3053 299 2
299 1913 2
1303 299 2
1719 299 2
299 357 2
391 299 2
299 2122 2
299 287 2
3146 299 2
3766 299 2
299 2154 2
479 299 2
299 2472 2
299 20 2
299 2160 2
1420 299 2
5211 299 2
299 4800 2
299 4813 2
4750 299 2
1168 299 2
299 4110 2
299 4249 2
299 3157 2
743 299 2
299 1608 2
2146 299 2
3796 299 2
299 3194 2
3891 299 2
1636 299 2
4748 299 2
299 2439 2
299 938 2
163 299 2
402 299 2
299 829 2
1203 299 2
2720 299 2
4536 299 2
902 299 2
1750 299 2
299 3355 2
299 2314 2
299 1562 2
5153 299 2
3641 299 2
299 2117 2
299 1476 2
299 3973 2
344 299 2
299 1843 2
299 612 2
2931 299 2
299 381 2
299 1041 2
2233 299 2
299 2137 2
299 4946 2
299 4490 2
1732 299 2
299 16 2
299 4670 2
299 1378 2
299 2180 2
299 3543 2
299 1127 2
299 133 2
299 325 2
126 299 2
334 299 2
299 3246 2
299 3854 2
5142 299 2
1128 299 2
2019 299 2
2657 299 2
299 571 2
299 1490 2
299 2924 2
1829 299 2
1548 299 2
299 3615 2
2512 299 2
3410 299 2
669 299 2
2242 299 2
299 2397 2
299 1162 2
4881 299 2
299 3169 2
299 3112 2
299 679 2
299 4452 2
2581 299 2
694 299 2
299 1760 2
3710 299 2
2316 299 2
299 3752 2
2450 299 2
3988 299 2
660 299 2
299 2521 2
299 3016 2
2625 299 2
299 3133 2
1075 299 2
299 4151 2
299 194 2
3868 299 2
299 3078 2
299 5 2
1806 299 2
1822 299 2
120 299 2
299 4462 2
4824 299 2
299 576 2
299 586 2
299 3881 2
3404 299 2
299 1452 2
3901 299 2
299 1353 2
299 3607 2
299 3573 2
1343 299 2
3959 299 2
2088 299 2
299 2155 2
299 4235 2
4294 299 2
299 3860 2
1611 299 2
299 257 2
299 3708 2
78 299 2
299 2109 2
299 4545 2
299 3691 2
838 299 2
2509 299 2
299 1090 2
299 638 2
4430 299 2
273 299 2
3481 299 2
4603 299 2
299 1973 2
299 2140 2
299 2378 2
299 2801 2
299 537 2
299 152 2
299 3968 2
3602 299 2
4665 299 2
299 1813 2
299 4795 2
299 4684 2
823 299 2
299 3339 2
4954 299 2
474 299 2
299 3415 2
299 4829 2
299 5209 2
299 144 2
2419 299 2
3611 299 2
4852 299 2
3076 299 2
4644 299 2
4060 299 2
271 299 2
299 2831 2
299 4055 2
145 299 2
560 299 2
4346 299 2
299 47 2
596 299 2
2964 299 2
2236 299 2
2555 299 2
2289 299 2
299 2915 2
1308 299 2
299 4650 2
299 4777 2
299 5198 2
592 299 2
5118 299 2
103 299 2
299 4546 2
4938 299 2
299 2727 2
1749 299 2
299 967 2
299 2186 2
299 1116 2
299 4839 2
299 5043 2
299 1954 2
5196 299 2
912 299 2
299 2150 2
299 3637 2
299 3055 2
2473 299 2
299 3791 2
1405 299 2
299 2785 2
3785 299 2
299 945 2
3189 299 2
299 1265 2
299 1439 2
1108 299 2
299 1423 2
299 5158 2
4502 299 2
299 2957 2
299 4399 2
2179 299 2
299 1224 2
1326 299 2
299 315 2
299 5000 2
299 4477 2
996 299 2
299 2677 2
4254 299 2
299 690 2
1949 299 2
358 299 2
5133 299 2
5109 299 2
299 4735 2
299 914 2
299 2668 2
3694 299 2
299 2017 2
4624 299 2
299 2123 2
1689 299 2
2342 299 2
299 4579 2
1195 299 2
3750 299 2
5111 299 2
4139 299 2
299 4646 2
299 2815 2
5035 299 2
1802 299 2
299 4491 2
299 2306 2
299 1026 2
2159 299 2
1070 299 2
1629 299 2
299 4160 2
23 299 2
3624 299 2
942 299 2
1442 299 2
299 2328 2
299 1677 2
4794 299 2
2290 299 2
1436 299 2
299 2715 2
3120 299 2
299 1926 2
299 662 2
1121 299 2
299 2966 2
299 5049 2
4239 299 2
3536 299 2
568 299 2
299 4267 2
299 3892 2
299 2836 2
299 5154 2
299 2765 2
3679 299 2
3468 299 2
1738 299 2
2344 299 2
1570 299 2
299 2240 2
4149 299 2
1763 299 2
299 4492 2
4463 299 2
299 4936 2
2185 299 2
299 4619 2
2354 299 2
299 1347 2
3843 299 2
170 299 2
299 3440 2
299 2059 2
292 299 2
1863 299 2
299 2722 2
3872 299 2
2754 299 2
299 1486 2
299 3725 2
1082 299 2
579 299 2
299 1014 2
299 1546 2
1390 299 2
2730 299 2
299 4707 2
4373 299 2
299 488 2
3090 299 2
3698 299 2
299 4676 2
360 299 2
4501 299 2
4407 299 2
299 4401 2
3393 299 2
299 291 2
299 3093 2
4180 299 2
1356 299 2
2418 299 2
2366 299 2
700 299 2
3765 299 2
299 3222 2
4978 299 2
299 2503 2
299 1501 2
4736 299 2
299 1800 2
35 299 2
299 3609 2
299 4436 2
299 3921 2
299 5122 2
3545 299 2
299 4368 2
299 3310 2
2492 299 2
299 4320 2
299 4026 2
2449 299 2
299 998 2
299 4851 2
299 2145 2
2181 299 2
847 299 2
299 4253 2
1817 299 2
738 299 2
736 299 2
299 3135 2
2291 299 2
5004 299 2
299 3634 2
299 3068 2
2062 299 2
350 299 2
1609 299 2
976 299 2
2491 299 2
299 3010 2
299 2174 2
1576 299 2
299 760 2
1063 299 2
4042 299 2
299 4140 2
2594 299 2
31 299 2
299 588 2
1756 299 2
2126 299 2
299 5128 2
2396 299 2
763 299 2
1415 299 2
299 4365 2
3764 299 2
299 2701 2
658 299 2
299 3871 2
299 36 2
299 4790 2
299 4355 2
299 4939 2
299 3116 2
299 2798 2
299 1713 2
299 1231 2
299 4548 2
1683 299 2
299 4553 2
299 1604 2
3459 299 2
299 3227 2
4812 299 2
299 2297 2
749 299 2
299 828 2
1759 299 2
299 4311 2
299 1124 2
4046 299 2
3319 299 2
2296 299 2
299 604 2
4887 299 2
975 299 2
299 4585 2
3306 299 2
191 299 2
299 1856 2
435 299 2
4121 299 2
299 2495 2
1585 299 2
4510 299 2
299 4598 2
299 4359 2
3885 299 2
299 3965 2
2271 299 2
299 4138 2
4942 299 2
1621 299 2
541 299 2
299 4994 2
299 2482 2
299 3779 2
3039 299 2
299 1906 2
299 540 2
299 4588 2
1982 299 2
299 2230 2
299 1188 2
2866 299 2
299 870 2
995 299 2
299 14 2
299 4245 2
299 4364 2
3946 299 2
2904 299 2
147 299 2
960 299 2
2478 299 2
299 4307 2
299 1893 2
299 465 2
3430 299 2
5190 299 2
2128 299 2
2507 299 2
299 668 2
2740 299 2
1408 299 2
2704 299 2
299 4933 2
890 299 2
3633 299 2
107 299 2
1728 299 2
2106 299 2
4924 299 2
299 4456 2
2564 299 2
3538 299 2
4917 299 2
4907 299 2
299 3567 2
4941 299 2
299 819 2
299 2760 2
299 989 2
908 299 2
1228 299 2
2528 299 2
958 299 2
2427 299 2
299 85 2
2511 299 2
299 898 2
872 299 2
299 2429 2
4995 299 2
3775 299 2
299 1385 2
4377 299 2
299 4082 2
299 4659 2
2709 299 2
299 223 2
299 2407 2
1233 299 2
2562 299 2
2993 299 2
4300 299 2
3111 299 2
390 299 2
299 1262 2
3551 299 2
1357 299 2
2799 299 2
3373 299 2
299 3507 2
299 3181 2
3147 299 2
299 1589 2
299 1181 2
1514 299 2
299 2079 2
299 1021 2
1574 299 2
299 1544 2
21 299 2
299 3177 2
299 2684 2
2475 299 2
4832 299 2
299 289 2
2788 299 2
1136 299 2
299 385 2
299 936 2
299 395 2
1743 299 2
2883 299 2
2194 299 2
299 1354 2
299 2007 2
299 916 2
299 1899 2
299 1069 2
299 4570 2
3420 299 2
1212 299 2
299 3795 2
299 4450 2
3268 299 2
299 2226 2
2782 299 2
2697 299 2
4765 299 2
299 369 2
941 299 2
299 1148 2
299 1584 2
1504 299 2
299 3729 2
2046 299 2
299 1956 2
299 4170 2
2205 299 2
299 3668 2
299 4866 2
1755 299 2
299 2603 2
299 212 2
2881 299 2
299 2069 2
4632 299 2
299 4191 2
299 1909 2
3735 299 2
1133 299 2
299 4421 2
299 4740 2
2237 299 2
3092 299 2
299 1287 2
299 3767 2
1827 299 2
299 1055 2
299 1126 2
3562 299 2
299 183 2
436 299 2
4732 299 2
299 4326 2
299 759 2
299 331 2
1284 299 2
299 2541 2
4047 299 2
2762 299 2
1745 299 2
299 3788 2
703 299 2
299 3711 2
3279 299 2
3857 299 2
299 4366 2
2751 299 2
299 2705 2
574 299 2
3211 299 2
2954 299 2
319 299 2
299 2136 2
299 313 2
3002 299 2
299 854 2
299 2602 2
299 373 2
299 798 2
299 860 2
299 43 2
3874 299 2
2411 299 2
622 299 2
299 5089 2
299 5193 2
299 3253 2
405 299 2
299 718 2
299 2338 2
1175 299 2
299 4481 2
299 494 2
3432 299 2
1680 299 2
299 4641 2
3304 299 2
299 68 2
299 991 2
299 472 2
399 299 2
4626 299 2
299 2531 2
299 1850 2
4967 299 2
197 299 2
3574 299 2
299 5075 2
3469 299 2
788 299 2
299 3065 2
299 3632 2
299 2879 2
1473 299 2
299 406 2
299 4810 2
1043 299 2
2161 299 2
299 4341 2
299 4185 2
299 404 2
299 3734 2
299 3164 2
4874 299 2
3676 299 2
299 1701 2
3365 299 2
3110 299 2
3724 299 2
299 136 2
1498 299 2
299 3544 2
299 2526 2
2925 299 2
299 4663 2
299 4766 2
3623 299 2
299 1140 2
299 4677 2
299 225 2
299 1972 2
3583 299 2
299 2324 2
4384 299 2
299 1454 2
299 2738 2
5007 299 2
4413 299 2
3311 299 2
299 1154 2
1792 299 2
299 1703 2
299 5011 2
299 1421 2
1145 299 2
299 4556 2
4601 299 2
299 3754 2
299 555 2
1648 299 2
2073 299 2
299 4242 2
299 911 2
1715 299 2
1042 299 2
1173 299 2
299 234 2
1059 299 2
299 1758 2
2247 299 2
4890 299 2
4116 299 2
299 3397 2
299 2070 2
1365 299 2
2467 299 2
3814 299 2
2588 299 2
299 99 2
4870 299 2
1776 299 2
2659 299 2
299 2488 2
2093 299 2
3108 299 2
640 299 2
299 796 2
299 874 2
299 1115 2
2362 299 2
299 1769 2
299 263 2
2533 299 2
299 2156 2
299 1642 2
2821 299 2
247 299 2
299 4389 2
2308 299 2
1992 299 2
299 3298 2
2587 299 2
299 2841 2
299 3936 2
299 3531 2
1402 299 2
3790 299 2
4415 299 2
1144 299 2
299 2549 2
299 4814 2
299 4998 2
299 5203 2
4928 299 2
2773 299 2
299 1305 2
299 4083 2
3746 299 2
301 299 2
299 3367 2
1787 299 2
299 2380 2
4789 299 2
299 3425 2
375 299 2
299 4645 2
2871 299 2
299 1734 2
299 510 2
4807 299 2
378 299 2
52 299 2
299 1290 2
2280 299 2
1834 299 2
299 3171 2
299 974 2
299 2977 2
299 1119 2
299 5085 2
299 626 2
299 1931 2
937 299 2
2353 299 2
299 1339 2
4860 299 2
3360 299 2
299 1722 2
4731 299 2
2833 299 2
299 4363 2
1092 299 2
299 4515 2
3548 299 2
299 4932 2
2357 299 2
2254 299 2
513 299 2
2864 299 2
299 84 2
1235 299 2
299 2980 2
299 4770 2
299 2804 2
299 430 2
299 1681 2
5036 299 2
299 3914 2
299 3330 2
2144 299 2
299 3939 2
3648 299 2
2465 299 2
4195 299 2
3665 299 2
299 1676 2
299 3879 2
299 48 2
299 4086 2
2907 299 2
299 3478 2
716 299 2
5161 299 2
299 1089 2
4466 299 2
4470 299 2
299 3154 2
299 1150 2
299 4507 2
299 260 2
299 1264 2
299 3130 2
299 1810 2
299 3492 2
3493 299 2
299 2108 2
4984 299 2
3417 299 2
299 3564 2
1227 299 2
112 299 2
685 299 2
1149 299 2
707 299 2
299 4255 2
2089 299 2
299 4982 2
1012 299 2
2649 299 2
299 4014 2
299 4873 2
299 3 2
299 2415 2
192 299 2
3041 299 2
299 2551 2
4494 299 2
51 299 2
3836 299 2
299 2830 2
2561 299 2
2201 299 2
299 2959 2
4620 299 2
4586 299 2
903 299 2
299 71 2
4303 299 2
3824 299 2
299 1649 2
299 641 2
3829 299 2
299 4953 2
299 3483 2
299 2806 2
3151 299 2
299 97 2
299 1236 2
4443 299 2
299 677 2
299 4894 2
396 299 2
299 2716 2
299 3534 2
3225 299 2
3505 299 2
299 3070 2
1044 299 2
1152 299 2
4486 299 2
299 4425 2
4186 299 2
299 2629 2
1828 299 2
4057 299 2
3166 299 2
299 1506 2
3985 299 2
299 1163 2
299 2113 2
5024 299 2
4534 299 2
1845 299 2
248 299 2
299 473 2
3940 299 2
299 2485 2
8 299 2
1226 299 2
299 5139 2
299 2656 2
299 4449 2
299 2346 2
964 299 2
299 4338 2
5079 299 2
299 205 2
299 4964 2
299 4671 2
299 4230 2
2494 299 2
299 1363 2
1100 299 2
299 1971 2
299 4566 2
299 3429 2
299 1957 2
5212 299 2
299 4821 2
299 5009 2
299 4447 2
5031 299 2
299 1965 2
299 4288 2
299 125 2
3584 299 2
299 3411 2
4189 299 2
299 2693 2
299 4292 2
1299 299 2
1190 299 2
5216 299 2
2633 299 2
299 2891 2
3123 299 2
299 1196 2
2238 299 2
1024 299 2
299 2763 2
2814 299 2
3727 299 2
3992 299 2
299 4281 2
4299 299 2
729 299 2
299 4901 2
299 274 2
2262 299 2
299 720 2
1441 299 2
2516 299 2
299 2104 2
4322 299 2
299 106 2
290 299 2
4590 299 2
2926 299 2
3792 299 2
299 3100 2
299 2880 2
2221 299 2
299 324 2
531 299 2
299 1809 2
299 1818 2
697 299 2
299 1413 2
3326 299 2
680 299 2
200 299 2
299 3532 2
299 3259 2
4971 299 2
299 1067 2
487 299 2
299 4573 2
299 2908 2
299 2091 2
299 1321 2
299 559 2
1948 299 2
299 4983 2
299 2258 2
299 3768 2
299 4335 2
299 1547 2
2651 299 2
2575 299 2
3214 299 2
4284 299 2
299 3403 2
4699 299 2
299 2768 2
299 3217 2
1531 299 2
299 266 2
3721 299 2
299 2949 2
299 1814 2
3056 299 2
825 299 2
299 80 2
5032 299 2
299 4006 2
275 299 2
299 2004 2
299 4015 2
1620 299 2
1665 299 2
2922 299 2
299 2953 2
449 299 2
3122 299 2
299 977 2
299 4635 2
299 326 2
5218 299 2
299 5023 2
910 299 2
299 795 2
647 299 2
299 2278 2
299 2373 2
299 4429 2
299 1015 2
299 4869 2
4484 299 2
5016 299 2
299 3341 2
299 4314 2
299 4577 2
4340 299 2
443 299 2
1167 299 2
4742 299 2
88 299 2
299 855 2
4746 299 2
299 175 2
1658 299 2
299 5181 2
299 4102 2
3316 299 2
299 4499 2
1952 299 2
299 241 2
2520 299 2
1656 299 2
447 299 2
299 3672 2
299 3825 2
2758 299 2
1076 299 2
299 5095 2
4591 299 2
299 1458 2
299 428 2
299 314 2
299 4674 2
4045 299 2
730 299 2
3958 299 2
4095 299 2
3348 299 2
299 1618 2
299 2325 2
1857 299 2
4849 299 2
3161 299 2
299 3117 2
299 2691 2
2124 299 2
299 1854 2
839 299 2
299 2463 2
299 1517 2
299 2100 2
299 724 2
299 268 2
299 2827 2
3769 299 2
1524 299 2
4749 299 2
299 3626 2
1627 299 2
2731 299 2
3870 299 2
299 5112 2
299 4726 2
2118 299 2
299 2398 2
3621 299 2
3905 299 2
4212 299 2
299 4034 2
299 1007 2
81 299 2
299 4357 2
1320 299 2
1920 299 2
2224 299 2
3170 299 2
299 5189 2
2661 299 2
299 3629 2
4992 299 2
299 1780 2
2986 299 2
299 728 2
1389 299 2
299 3669 2
177 299 2
1295 299 2
299 2794 2
5087 299 2
299 1963 2
4173 299 2
3948 299 2
299 620 2
704 299 2
299 4615 2
312 299 2
299 2994 2
4448 299 2
299 408 2
2497 299 2
3800 299 2
5096 299 2
1011 299 2
299 4053 2
299 5082 2
299 905 2
1061 299 2
299 1332 2
1192 299 2
1871 299 2
2039 299 2
3915 299 2
299 3198 2
1724 299 2
299 785 2
158 299 2
4727 299 2
1186 299 2
4065 299 2
4791 299 2
3576 299 2
614 299 2
280 299 2
3586 299 2
5149 299 2
5003 299 2
2138 299 2
299 4557 2
4927 299 2
810 299 2
299 2261 2
4094 299 2
299 3184 2
1663 299 2
299 3398 2
299 4991 2
299 1519 2
299 2750 2
299 3399 2
299 3620 2
3956 299 2
2385 299 2
3118 299 2
5217 299 2
1592 299 2
299 4562 2
299 4540 2
299 2753 2
630 299 2
4069 299 2
1393 299 2
4233 299 2
2133 299 2
2471 299 2
299 4859 2
299 2454 2
299 1978 2
299 4395 2
1997 299 2
299 2097 2
299 3479 2
299 4145 2
299 4419 2
3075 299 2
299 4273 2
299 5030 2
5208 299 2
299 2163 2
4405 299 2
299 4560 2
527 299 2
299 1807 2
299 1023 2
1387 299 2
299 2425 2
2001 299 2
304 299 2
2579 299 2
454 299 2
2361 299 2
3994 299 2
299 2560 2
4561 299 2
299 3080 2
299 712 2
3693 299 2
2650 299 2
299 2107 2
3308 299 2
4148 299 2
299 2746 2
299 2392 2
1416 299 2
3234 299 2
1323 299 2
299 3480 2
990 299 2
299 1176 2
299 3487 2
807 299 2
1702 299 2
299 1138 2
299 2639 2
4782 299 2
1281 299 2
90 299 2
4669 299 2
299 3230 2
299 29 2
1770 299 2
1315 299 2
132 299 2
299 3849 2
299 923 2
606 299 2
4680 299 2
3342 299 2
783 299 2
3027 299 2
2388 299 2
607 299 2
777 299 2
2610 299 2
299 4712 2
1358 299 2
299 1274 2
299 1342 2
1610 299 2
2110 299 2
299 5068 2
299 4605 2
299 121 2
1471 299 2
299 1846 2
299 1740 2
705 299 2
2626 299 2
299 4520 2
299 298 2
4769 299 2
204 299 2
968 299 2
299 1821 2
971 299 2
299 3277 2
2177 299 2
299 4108 2
2525 299 2
2119 299 2
299 768 2
2663 299 2
299 3907 2
299 115 2
1407 299 2
4637 299 2
544 299 2
2408 299 2
1255 299 2
4420 299 2
1474 299 2
299 4325 2
643 299 2
364 299 2
4348 299 2
299 4163 2
1892 299 2
4317 299 2
2112 299 2
4581 299 2
299 602 2
3379 299 2
299 2033 2
3630 299 2
299 2095 2
4948 299 2
299 2559 2
299 4016 2
299 3280 2
299 885 2
3890 299 2
299 1944 2
1803 299 2
299 4378 2
299 4122 2
299 2217 2
4002 299 2
1623 299 2
299 2202 2
1376 299 2
516 299 2
5051 299 2
299 5058 2
1097 299 2
2812 299 2
299 3172 2
299 3354 2
2078 299 2
299 1670 2
4297 299 2
1085 299 2
299 4386 2
1256 299 2
2203 299 2
4214 299 2
299 1230 2
299 401 2
4327 299 2
299 4304 2
299 2848 2
573 299 2
299 2646 2
2608 299 2
4459 299 2
299 1428 2
808 299 2
299 499 2
657 299 2
3416 299 2
3014 299 2
299 4575 2
299 2912 2
89 299 2
299 715 2
1522 299 2
4119 299 2
1359 299 2
502 299 2
299 1525 2
1246 299 2
299 3176 2
299 722 2
299 2996 2
782 299 2
281 299 2
299 4771 2
871 299 2
3683 299 2
3594 299 2
2286 299 2
300 299 2
4715 299 2
3719 299 2
299 4703 2
299 648 2
3240 299 2
299 4074 2
299 2611 2
3209 299 2
3839 299 2
1868 299 2
82 299 2
3762 299 2
299 1844 2
299 2607 2
299 2939 2
2287 299 2
4134 299 2
1959 299 2
1037 299 2
299 3243 2
299 2412 2
4383 299 2
4529 299 2
4248 299 2
299 3888 2
299 5191 2
299 3953 2
299 4302 2
2679 299 2
299 4724 2
299 3049 2
3546 299 2
299 1897 2
711 299 2
299 1106 2
299 3337 2
299 522 2
4853 299 2
2728 299 2
299 1578 2
299 457 2
3519 299 2
299 2755 2
299 1440 2
299 1157 2
799 299 2
211 299 2
3158 299 2
299 3344 2
4118 299 2
1907 299 2
1712 299 2
299 1590 2
1094 299 2
2468 299 2
299 4580 2
299 940 2
299 3760 2
299 565 2
701 299 2
299 352 2
299 5188 2
4862 299 2
1726 299 2
299 4075 2
299 3025 2
4010 299 2
2920 299 2
969 299 2
1606 299 2
3067 299 2
299 3291 2
299 4240 2
299 1652 2
299 3284 2
299 2139 2
1615 299 2
299 4565 2
299 4011 2
299 184 2
299 803 2
299 1260 2
4087 299 2
1668 299 2
299 2086 2
3195 299 2
2453 299 2
198 299 2
299 2671 2
299 3926 2
1460 299 2
3390 299 2
299 15 2
1386 299 2
299 1762 2
299 1322 2
299 3000 2
299 376 2
2929 299 2
2934 299 2
299 5015 2
1986 299 2
299 2241 2
299 332 2
299 1900 2
437 299 2
4701 299 2
383 299 2
299 5102 2
299 98 2
299 3137 2
2359 299 2
299 1312 2
1622 299 2
1542 299 2
2045 299 2
299 1204 2
4623 299 2
482 299 2
4276 299 2
299 2360 2
4636 299 2
1050 299 2
1293 299 2
299 4244 2
299 4980 2
299 2599 2
2305 299 2
299 721 2
299 4455 2
299 895 2
4454 299 2
1429 299 2
299 4453 2
299 2887 2
299 3484 2
299 11 2
299 5147 2
299 1216 2
3649 299 2
1205 299 2
4618 299 2
4113 299 2
3061 299 2
4290 299 2
299 3295 2
4805 299 2
4268 299 2
610 299 2
299 3826 2
161 299 2
299 3756 2
2265 299 2
1239 299 2
299 1950 2
299 2793 2
3129 299 2
3904 299 2
299 1285 2
299 354 2
4111 299 2
299 4587 2
4530 299 2
3627 299 2
4828 299 2
2256 299 2
299 1187 2
299 3040 2
4353 299 2
886 299 2
299 2550 2
299 2379 2
4885 299 2
178 299 2
169 299 2
5078 299 2
299 1153 2
299 1403 2
299 2245 2
3006 299 2
299 142 2
282 299 2
299 3557 2
2022 299 2
299 4257 2
299 2547 2
299 2196 2
5136 299 2
2157 299 2
2703 299 2
299 2638 2
2172 299 2
299 2246 2
2829 299 2
3816 299 2
4241 299 2
299 4683 2
299 367 2
299 1241 2
299 4768 2
299 639 2
299 146 2
299 2807 2
1129 299 2
3450 299 2
1688 299 2
299 1400 2
299 2115 2
299 3689 2
299 1866 2
2347 299 2
255 299 2
299 1530 2
299 892 2
299 1417 2
299 1027 2
4762 299 2
299 1565 2
299 3811 2
299 757 2
1880 299 2
2481 299 2
299 322 2
4653 299 2
299 2477 2
377 299 2
299 5169 2
3955 299 2
299 1825 2
3952 299 2
299 2386 2
380 299 2
4424 299 2
299 3625 2
299 650 2
299 3359 2
3455 299 2
299 2170 2
299 1671 2
299 2426 2
3898 299 2
299 3008 2
299 2710 2
299 4567 2
4921 299 2
2054 299 2
299 686 2
1445 299 2
299 2484 2
299 4098 2
299 3675 2
4681 299 2
299 4097 2
299 87 2
299 750 2
299 4809 2
299 1748 2
276 299 2
299 3196 2
299 3960 2
233 299 2
2267 299 2
4269 299 2
896 299 2
4660 299 2
299 3443 2
299 2713 2
299 2183 2
299 609 2
787 299 2
299 2218 2
3437 299 2
3272 299 2
1161 299 2
4592 299 2
1842 299 2
299 3258 2
4207 299 2
816 299 2
299 5215 2
299 2719 2
2483 299 2
3038 299 2
2167 299 2
2279 299 2
299 1298 2
1107 299 2
299 4661 2
878 299 2
666 299 2
299 2351 2
299 2090 2
4394 299 2
4843 299 2
3688 299 2
299 1060 2
299 3663 2
299 4194 2
299 5163 2
1095 299 2
299 109 2
608 299 2
299 867 2
2735 299 2
299 5059 2
2802 299 2
1488 299 2
299 77 2
299 3203 2
299 4988 2
299 119 2
299 3419 2
299 761 2
299 4599 2
2101 299 2
1742 299 2
299 4498 2
4172 299 2
1033 299 2
4101 299 2
299 2191 2
299 5156 2
1847 299 2
3713 299 2
299 3877 2
299 2283 2
1774 299 2
299 4786 2
299 4428 2
5182 299 2
4040 299 2
299 1541 2
299 4865 2
299 190 2
299 3444 2
299 2919 2
299 3424 2
299 3732 2
2035 299 2
299 2257 2
299 5041 2
1696 299 2
3518 299 2
299 4417 2
4336 299 2
299 589 2
4301 299 2
299 506 2
299 3127 2
299 5110 2
299 2430 2
299 5044 2
299 2311 2
299 4005 2
299 1569 2
3276 299 2
167 299 2
299 3215 2
4842 299 2
1310 299 2
4528 299 2
1666 299 2
229 299 2
1426 299 2
299 1380 2
1080 299 2
1211 299 2
4187 299 2
4125 299 2
1102 299 2
3167 299 2
678 299 2
18 299 2
547 299 2
299 1466 2
299 164 2
299 2940 2
299 1237 2
299 2604 2
299 1146 2
1605 299 2
299 2861 2
2766 299 2
1833 299 2
4708 299 2
299 1282 2
299 318 2
299 3064 2
2902 299 2
2032 299 2
3686 299 2
299 368 2
3356 299 2
2489 299 2
299 772 2
299 2077 2
2029 299 2
299 2384 2
299 2669 2
299 2021 2
4979 299 2
2435 299 2
3179 299 2
299 815 2
299 424 2
299 4913 2
4725 299 2
299 3975 2
299 504 2
299 4496 2
181 299 2
299 2642 2
299 593 2
3855 299 2
2882 299 2
299 3514 2
299 1915 2
299 116 2
299 4563 2
4868 299 2
1394 299 2
1431 299 2
3685 299 2
5020 299 2
299 4270 2
299 3263 2
2878 299 2
299 820 2
299 4902 2
4063 299 2
299 837 2
299 901 2
299 1272 2
299 1564 2
981 299 2
299 584 2
299 306 2
299 1109 2
299 691 2
299 382 2
4808 299 2
961 299 2
294 299 2
2770 299 2
299 237 2
299 865 2
299 2466 2
299 3058 2
299 2982 2
3787 299 2
299 3830 2
1887 299 2
4761 299 2
842 299 2
1010 299 2
299 138 2
299 5074 2
3899 299 2
299 400 2
5165 299 2
1849 299 2
299 1768 2
1875 299 2
299 355 2
4806 299 2
299 921 2
4487 299 2
3270 299 2
299 2350 2
4532 299 2
4152 299 2
2769 299 2
299 805 2
299 3971 2
299 4077 2
4476 299 2
2080 299 2
299 4482 2
3810 299 2
299 3375 2
906 299 2
4159 299 2
299 2292 2
299 894 2
3889 299 2
299 3207 2
299 1559 2
2131 299 2
299 4416 2
2374 299 2
766 299 2
957 299 2
299 2487 2
299 1002 2
2030 299 2
299 335 2
2803 299 2
141 299 2
299 786 2
299 4440 2
299 5080 2
2513 299 2
299 3441 2
4738 299 2
299 1567 2
299 543 2
299 2711 2
4318 299 2
299 4651 2
299 2519 2
299 2377 2
3783 299 2
3869 299 2
4319 299 2
299 4105 2
3575 299 2
299 2900 2
299 3846 2
299 732 2
2591 299 2
1903 299 2
3979 299 2
3549 299 2
2197 299 2
625 299 2
299 2635 2
150 299 2
4871 299 2
859 299 2
3054 299 2
299 101 2
299 2583 2
299 1639 2
817 299 2
299 3709 2
299 635 2
299 4690 2
1399 299 2
2752 299 2
299 617 2
4208 299 2
3747 299 2
299 4698 2
299 3838 2
2323 299 2
299 2223 2
299 9 2
348 299 2
299 1919 2
299 1191 2
4977 299 2
299 4893 2
299 5026 2
299 2946 2
546 299 2
834 299 2
2085 299 2
299 904 2
5116 299 2
2025 299 2
1894 299 2
4952 299 2
2040 299 2
2028 299 2
299 388 2
2552 299 2
299 879 2
1155 299 2
299 166 2
299 1831 2
299 1104 2
3150 299 2
299 2826 2
2620 299 2
1901 299 2
3353 299 2
5072 299 2
299 1812 2
299 1225 2
299 3155 2
5173 299 2
299 2285 2
3454 299 2
299 3645 2
4321 299 2
299 38 2
3981 299 2
299 2493 2
299 2114 2
299 2006 2
299 3886 2
3512 299 2
299 4844 2
299 471 2
299 2470 2
1989 299 2
1368 299 2
4106 299 2
4296 299 2
3370 299 2
299 496 2
2195 299 2
5174 299 2
299 1038 2
299 4804 2
2395 299 2
299 4848 2
299 863 2
320 299 2
4908 299 2
4802 299 2
299 2009 2
633 299 2
299 3071 2
4537 299 2
299 973 2
299 1451 2
299 2068 2
299 4478 2
299 3084 2
299 3187 2
3286 299 2
299 1684 2
1596 299 2
299 3651 2
299 1250 2
299 2147 2
3701 299 2
299 3845 2
299 2637 2
299 5019 2
299 2063 2
2438 299 2
299 5183 2
299 1805 2
299 3530 2
3153 299 2
3317 299 2
1003 299 2
4236 299 2
299 2984 2
299 4388 2
3182 299 2
2116 299 2
299 4471 2
299 1464 2
299 3252 2
299 2348 2
2990 299 2
4328 299 2
299 4533 2
684 299 2
299 2652 2
397 299 2
299 3894 2
4133 299 2
4639 299 2
3563 299 2
3925 299 2
299 4156 2
299 3570 2
4872 299 2
299 3603 2
1731 299 2
299 2546 2
299 3296 2
299 1395 2
5185 299 2
299 2577 2
299 1511 2
299 30 2
2995 299 2
2358 299 2
299 1943 2
299 4344 2
243 299 2
5119 299 2
4772 299 2
2947 299 2
1112 299 2
299 4184 2
299 1384 2
5152 299 2
299 1697 2
1851 299 2
866 299 2
299 366 2
497 299 2
2557 299 2
299 468 2
299 4652 2
299 1826 2
2862 299 2
2190 299 2
3004 299 2
3647 299 2
1820 299 2
299 1705 2
861 299 2
1317 299 2
299 3853 2
3400 299 2
3427 299 2
299 122 2
299 3656 2
2869 299 2
299 1816 2
1888 299 2
299 4535 2
73 299 2
299 5155 2
299 3515 2
299 2293 2
299 412 2
3036 299 2
747 299 2
4884 299 2
1477 299 2
299 3089 2
1922 299 2
299 3571 2
299 1579 2
345 299 2
299 246 2
427 299 2
948 299 2
299 4123 2
299 3260 2
2968 299 2
299 3715 2
299 3893 2
2050 299 2
299 2500 2
299 3062 2
299 4945 2
1289 299 2
299 154 2
3996 299 2
299 4509 2
299 1194 2
299 1199 2
962 299 2
299 4278 2
299 415 2
299 3527 2
441 299 2
2212 299 2
299 2479 2
1388 299 2
299 4705 2
299 3913 2
3333 299 2
299 528 2
2016 299 2
299 4704 2
299 710 2
299 3413 2
2971 299 2
361 299 2
299 4091 2
299 2839 2
1341 299 2
299 4203 2
475 299 2
4970 299 2
1904 299 2
2222 299 2
299 3160 2
299 193 2
299 3383 2
299 3449 2
299 3190 2
3018 299 2
299 1765 2
299 1048 2
4850 299 2
4126 299 2
4956 299 2
4981 299 2
299 4825 2
2860 299 2
299 2326 2
299 4451 2
2018 299 2
299 858 2
687 299 2
992 299 2
299 2227 2
299 3550 2
299 210 2
2214 299 2
299 3842 2
3218 299 2
393 299 2
3999 299 2
299 1046 2
4220 299 2
953 299 2
336 299 2
299 1087 2
2624 299 2
299 719 2
299 1914 2
3674 299 2
4444 299 2
299 2522 2
5114 299 2
2647 299 2
4295 299 2
252 299 2
299 2675 2
299 4427 2
299 4418 2
299 4990 2
4023 299 2
299 3969 2
299 4697 2
299 3283 2
299 1049 2
299 1469 2
299 3740 2
1292 299 2
4734 299 2
611 299 2
654 299 2
299 2368 2
1437 299 2
2178 299 2
3749 299 2
299 4503 2
3486 299 2
299 3504 2
299 4512 2
1624 299 2
299 330 2
4093 299 2
1653 299 2
3733 299 2
1017 299 2
299 651 2
299 4555 2
1655 299 2
299 1160 2
4784 299 2
299 2538 2
1016 299 2
299 2771 2
299 1988 2
299 1641 2
299 1575 2
299 4412 2
299 1462 2
299 3639 2
299 928 2
563 299 2
4465 299 2
299 4649 2
299 4017 2
299 17 2
299 2744 2
70 299 2
299 927 2
1409 299 2
3426 299 2
299 1306 2
1928 299 2
299 3687 2
299 4238 2
299 4361 2
299 2582 2
299 3780 2
299 1058 2
5098 299 2
299 4068 2
199 299 2
5101 299 2
299 1864 2
299 3473 2
299 3565 2
4324 299 2
299 1448 2
299 4679 2
3423 299 2
299 2037 2
3835 299 2
3350 299 2
3831 299 2
1184 299 2
299 1463 2
299 2641 2
299 1647 2
4780 299 2
299 1481 2
299 4819 2
5093 299 2
1962 299 2
299 1217 2
299 168 2
4776 299 2
3175 299 2
2165 299 2
4905 299 2
3032 299 2
1690 299 2
299 2840 2
4400 299 2
4289 299 2
4037 299 2
4914 299 2
299 2789 2
5037 299 2
299 285 2
299 4246 2
299 631 2
185 299 2
2743 299 2
1337 299 2
299 3589 2
857 299 2
804 299 2
4287 299 2
3540 299 2
2632 299 2
299 2400 2
299 114 2
4188 299 2
299 4999 2
267 299 2
4137 299 2
1397 299 2
299 1932 2
1275 299 2
299 2383 2
2565 299 2
2402 299 2
2499 299 2
299 421 2
4347 299 2
299 1465 2
299 3051 2
4544 299 2
299 1170 2
299 1775 2
1248 299 2
299 96 2
1071 299 2
299 2081 2
299 3324 2
3024 299 2
299 1510 2
299 4219 2
2058 299 2
4517 299 2
3162 299 2
2800 299 2
2327 299 2
535 299 2
299 3029 2
299 519 2
299 2444 2
299 3702 2
755 299 2
2127 299 2
299 3972 2
2219 299 2
299 4559 2
363 299 2
299 4957 2
452 299 2
299 3318 2
1499 299 2
462 299 2
299 37 2
2169 299 2
3197 299 2
739 299 2
2102 299 2
1467 299 2
299 3976 2
299 156 2
299 570 2
2255 299 2
3652 299 2
299 1869 2
299 303 2
299 1182 2
347 299 2
299 959 2
299 4162 2
299 3503 2
1020 299 2
4950 299 2
4277 299 2
3949 299 2
2250 299 2
299 4007 2
1005 299 2
299 2865 2
299 2736 2
1406 299 2
299 3822 2
299 3617 2
299 5106 2
2356 299 2
299 4918 2
4215 299 2
299 1695 2
299 2917 2
299 548 2
299 2888 2
299 4817 2
5050 299 2
299 4177 2
1036 299 2
600 299 2
299 1859 2
299 4915 2
3963 299 2
299 3700 2
4729 299 2
1908 299 2
299 3293 2
1595 299 2
299 3097 2
299 410 2
3906 299 2
299 2813 2
646 299 2
926 299 2
4171 299 2
5103 299 2
299 849 2
1790 299 2
299 5062 2
3983 299 2
299 3273 2
1533 299 2
4543 299 2
250 299 2
4414 299 2
3275 299 2
299 3876 2
299 310 2
4609 299 2
1214 299 2
134 299 2
3048 299 2
299 907 2
299 2301 2
299 3932 2
299 2612 2
299 1706 2
1936 299 2
91 299 2
1874 299 2
4052 299 2
4206 299 2
3499 299 2
299 4036 2
299 3873 2
299 2176 2
3680 299 2
1979 299 2
299 3761 2
1858 299 2
1654 299 2
299 935 2
299 4711 2
299 769 2
533 299 2
299 4313 2
299 2823 2
299 4265 2
2288 299 2
299 4209 2
299 2406 2
4161 299 2
3132 299 2
3628 299 2
3464 299 2
740 299 2
1098 299 2
2448 299 2
299 659 2
4803 299 2
299 4911 2
299 4107 2
4351 299 2
3883 299 2
299 1879 2
65 299 2
299 2654 2
3026 299 2
299 4408 2
2664 299 2
1243 299 2
299 695 2
2436 299 2
299 801 2
458 299 2
299 4165 2
299 2461 2
299 79 2
299 1505 2
299 316 2
299 2687 2
4371 299 2
4473 299 2
843 299 2
299 1586 2
299 702 2
1369 299 2
4283 299 2
299 2553 2
299 1319 2
299 4056 2
2405 299 2
3315 299 2
909 299 2
951 299 2
1307 299 2
299 2999 2
299 3262 2
299 3233 2
5005 299 2
299 4397 2
299 603 2
1200 299 2
3821 299 2
2343 299 2
4754 299 2
299 1051 2
3460 299 2
299 605 2
299 2075 2
3738 299 2
3173 299 2
299 1645 2
1839 299 2
1034 299 2
4262 299 2
2665 299 2
1984 299 2
299 3919 2
299 2510 2
299 1631 2
299 1694 2
299 2911 2
299 1300 2
299 1515 2
1852 299 2
299 4072 2
299 209 2
4538 299 2
299 2618 2
22 299 2
299 932 2
1197 299 2
2153 299 2
299 3309 2
2303 299 2
2441 299 2
299 3349 2
299 511 2
5014 299 2
2849 299 2
299 5057 2
299 2932 2
5025 299 2
299 5027 2
3134 299 2
299 4531 2
963 299 2
299 1855 2
3840 299 2
3541 299 2
299 135 2
299 4192 2
1364 299 2
299 2967 2
299 128 2
2452 299 2
299 2790 2
5140 299 2
189 299 2
299 2627 2
299 2330 2
2277 299 2
299 3015 2
4112 299 2
4730 299 2
299 3287 2
299 261 2
4406 299 2
299 4275 2
5171 299 2
3697 299 2
1257 299 2
299 1065 2
1001 299 2
1328 299 2
2872 299 2
299 2623 2
299 2284 2
1350 299 2
3030 299 2
4367 299 2
1582 299 2
4799 299 2
1707 299 2
299 2371 2
299 1503 2
299 433 2
299 4904 2
186 299 2
299 6 2
299 4495 2
299 790 2
3717 299 2
374 299 2
299 3388 2
299 3640 2
917 299 2
3591 299 2
299 3823 2
2294 299 2
299 5064 2
3954 299 2
299 5060 2
299 5022 2
689 299 2
985 299 2
299 4446 2
3254 299 2
299 675 2
4147 299 2
549 299 2
299 2850 2
299 2983 2
1169 299 2
299 4375 2
299 1960 2
4604 299 2
2376 299 2
1534 299 2
299 3264 2
299 1172 2
748 299 2
299 2313 2
299 2895 2
469 299 2
299 4485 2
1083 299 2
299 709 2
4226 299 2
299 1794 2
2428 299 2
4527 299 2
4993 299 2
299 664 2
2210 299 2
3495 299 2
299 1132 2
2523 299 2
1799 299 2
299 542 2
3961 299 2
2401 299 2
299 3366 2
4398 299 2
3537 299 2
505 299 2
4595 299 2
3496 299 2
767 299 2
4700 299 2
4785 299 2
4654 299 2
2121 299 2
1754 299 2
299 1242 2
5121 299 2
299 4493 2
299 3572 2
4855 299 2
2249 299 2
3208 299 2
299 1425 2
1526 299 2
299 2843 2
299 3784 2
2835 299 2
299 3267 2
299 3204 2
1296 299 2
299 278 2
3777 299 2
4867 299 2
299 5172 2
299 1860 2
4558 299 2
3799 299 2
299 4880 2
1271 299 2
299 1528 2
299 4718 2
3712 299 2
299 2894 2
299 1861 2
4773 299 2
1529 299 2
299 3945 2
299 445 2
4600 299 2
1222 299 2
299 1617 2
299 637 2
3362 299 2
299 1495 2
4039 299 2
3159 299 2
299 3138 2
2231 299 2
299 1392 2
4475 299 2
1039 299 2
218 299 2
1164 299 2
627 299 2
4552 299 2
297 299 2
299 1294 2
299 3666 2
670 299 2
1966 299 2
