3638
964 421 2
2957 421 2
2957 73 2
2826 73 2
2848 2826 2
3614 2848 2
3614 710 2
710 3164 2
3164 3249 2
3249 2209 2
2209 414 2
1507 414 2
1507 1069 2
2017 1069 2
2017 3178 2
3178 2112 2
2768 2112 2
2768 2971 2
2971 576 2
576 1384 2
2253 1384 2
1983 2253 2
1983 2315 2
2315 2966 2
2966 2764 2
143 2764 2
143 2543 2
3526 2543 2
2902 3526 2
2902 364 2
1190 364 2
1190 3139 2
3139 1215 2
1928 1215 2
1217 1928 2
2676 1217 2
46 2676 2
2748 46 2
1128 2748 2
3292 1128 2
3292 907 2
2989 907 2
1655 2989 2
3224 1655 2
3224 3413 2
688 3413 2
688 1575 2
2644 1575 2
2644 130 2
309 130 2
2185 309 2
2185 2096 2
2096 2779 2
2779 1248 2
1248 2228 2
2228 417 2
417 2240 2
2240 1084 2
3442 1084 2
3442 1105 2
1105 2893 2
2893 1971 2
3082 1971 2
3082 140 2
140 133 2
133 3500 2
3500 1813 2
1813 1118 2
1118 501 2
501 91 2
3092 91 2
3092 2719 2
2719 640 2
640 3527 2
3611 3527 2
3611 2859 2
2859 699 2
699 3103 2
3172 3103 2
296 3172 2
296 3334 2
3334 211 2
211 3094 2
3094 1849 2
2734 1849 2
240 2734 2
2972 240 2
2972 1528 2
2561 1528 2
2561 2130 2
2130 742 2
742 1639 2
1639 1182 2
1182 2418 2
2418 3559 2
3211 3559 2
233 3211 2
181 233 2
181 2691 2
2691 1396 2
2445 1396 2
908 2445 2
908 448 2
448 310 2
3626 310 2
1164 3626 2
1570 1164 2
1570 2707 2
2746 2707 2
2746 1142 2
1142 3423 2
3423 1375 2
1416 1375 2
1177 1416 2
502 1177 2
502 534 2
534 1017 2
2498 1017 2
216 2498 2
216 1220 2
3254 1220 2
3254 2843 2
2843 2399 2
260 2399 2
1398 260 2
2481 1398 2
2481 2881 2
104 2881 2
2947 104 2
2947 2798 2
2798 325 2
959 325 2
959 2280 2
2438 2280 2
2438 1133 2
1133 1732 2
1732 2034 2
3525 2034 2
148 3525 2
148 2340 2
2340 1951 2
1951 805 2
805 2099 2
3561 2099 2
388 3561 2
1034 388 2
1034 1083 2
1083 190 2
2020 190 2
941 2020 2
3272 941 2
3272 1663 2
1663 2510 2
1461 2510 2
1209 1461 2
1362 1209 2
1362 209 2
220 209 2
335 220 2
278 335 2
278 2296 2
2296 2330 2
2330 1283 2
1283 3430 2
1780 3430 2
3539 1780 2
287 3539 2
475 287 2
2083 475 2
1485 2083 2
1485 2987 2
2987 727 2
2832 727 2
2005 2832 2
2187 2005 2
2187 3101 2
3101 2285 2
2285 2281 2
1167 2281 2
2049 1167 2
2704 2049 2
2704 1077 2
738 1077 2
3506 738 2
3506 2246 2
2246 1819 2
2436 1819 2
1859 2436 2
2464 1859 2
2464 3523 2
2327 3523 2
1852 2327 2
329 1852 2
329 1206 2
701 1206 2
1056 701 2
1056 3219 2
3219 2320 2
2320 1898 2
3520 1898 2
2715 3520 2
2715 321 2
321 1740 2
3277 1740 2
3277 2546 2
2546 139 2
2214 139 2
1723 2214 2
2642 1723 2
251 2642 2
1225 251 2
1225 1972 2
2406 1972 2
2299 2406 2
479 2299 2
479 1783 2
928 1783 2
2269 928 2
2269 968 2
968 2076 2
2076 1635 2
2807 1635 2
1493 2807 2
1493 1415 2
521 1415 2
521 3263 2
3006 3263 2
3006 1678 2
1826 1678 2
1025 1826 2
1025 1009 2
1009 2599 2
77 2599 2
77 2111 2
2111 2019 2
101 2019 2
1102 101 2
1102 2739 2
162 2739 2
162 2638 2
2592 2638 2
2592 2086 2
1513 2086 2
1513 1809 2
1809 2039 2
2931 2039 2
2931 598 2
2793 598 2
3051 2793 2
2451 3051 2
3157 2451 2
2044 3157 2
3570 2044 2
924 3570 2
924 2223 2
2223 2909 2
2909 472 2
472 74 2
891 74 2
2037 891 2
1694 2037 2
1694 2286 2
3038 2286 2
3038 841 2
925 841 2
925 1607 2
458 1607 2
458 3395 2
3395 551 2
990 551 2
2531 990 2
1098 2531 2
1098 445 2
756 445 2
1042 756 2
1042 717 2
3054 717 2
3054 2477 2
2477 1290 2
1290 2944 2
2944 2196 2
2196 2828 2
2828 374 2
1127 374 2
3451 1127 2
3607 3451 2
3607 1095 2
3328 1095 2
3010 3328 2
623 3010 2
19 623 2
19 850 2
3050 850 2
3050 2937 2
762 2937 2
762 2301 2
2301 1013 2
1013 2501 2
1180 2501 2
2974 1180 2
173 2974 2
1052 173 2
643 1052 2
2803 643 2
1409 2803 2
1409 1722 2
1722 3085 2
3085 2613 2
3632 2613 2
3632 1425 2
1107 1425 2
2109 1107 2
2305 2109 2
1117 2305 2
2785 1117 2
2544 2785 2
2544 1596 2
1596 3637 2
3634 3637 2
1944 3634 2
434 1944 2
434 2386 2
2386 476 2
476 798 2
798 487 2
2122 487 2
2122 70 2
70 3488 2
3488 1580 2
1282 1580 2
1282 656 2
2153 656 2
1638 2153 2
1638 3340 2
3340 590 2
590 1265 2
1265 1138 2
1138 72 2
3414 72 2
3414 2551 2
2551 3548 2
3582 3548 2
3491 3582 2
3491 942 2
942 2257 2
642 2257 2
1576 642 2
1576 3324 2
3324 895 2
895 8 2
2679 8 2
2679 661 2
661 2697 2
2697 1449 2
3382 1449 2
3382 2545 2
2545 3437 2
1757 3437 2
630 1757 2
734 630 2
734 1754 2
1303 1754 2
1303 1973 2
33 1973 2
3235 33 2
3235 1402 2
1402 2362 2
3518 2362 2
1302 3518 2
383 1302 2
2127 383 2
2127 1847 2
1645 1847 2
1645 3512 2
1465 3512 2
559 1465 2
559 2276 2
2524 2276 2
1213 2524 2
1213 79 2
1149 79 2
1149 1932 2
3314 1932 2
3029 3314 2
2347 3029 2
2347 3377 2
3377 615 2
3021 615 2
1505 3021 2
1505 2025 2
2025 3197 2
1837 3197 2
684 1837 2
461 684 2
461 1702 2
3308 1702 2
3308 2001 2
1759 2001 2
1280 1759 2
1804 1280 2
3458 1804 2
3458 687 2
687 566 2
566 3013 2
3013 1564 2
1564 1134 2
1134 1391 2
1391 3163 2
3163 1306 2
1306 673 2
673 2557 2
2534 2557 2
2534 2945 2
2526 2945 2
3553 2526 2
98 3553 2
2590 98 2
2590 3628 2
167 3628 2
167 2287 2
913 2287 2
913 469 2
221 469 2
726 221 2
726 1995 2
1995 1455 2
3228 1455 2
1798 3228 2
2756 1798 2
2756 1489 2
902 1489 2
902 3448 2
237 3448 2
237 3497 2
3497 217 2
217 119 2
119 398 2
398 1392 2
2789 1392 2
706 2789 2
706 1243 2
1243 1901 2
105 1901 2
973 105 2
1261 973 2
1261 3039 2
3575 3039 2
3575 271 2
222 271 2
767 222 2
767 2736 2
3356 2736 2
3356 1200 2
1200 2612 2
136 2612 2
136 2282 2
2718 2282 2
2718 1354 2
1354 2827 2
248 2827 2
2338 248 2
2338 1383 2
2888 1383 2
1438 2888 2
2021 1438 2
2021 1140 2
2714 1140 2
2714 137 2
1560 137 2
1630 1560 2
689 1630 2
689 1252 2
1556 1252 2
1556 3354 2
3354 1797 2
1797 1011 2
2831 1011 2
915 2831 2
3471 915 2
3471 2900 2
2900 2009 2
1366 2009 2
1366 1949 2
1949 234 2
2955 234 2
2955 3422 2
3422 399 2
399 1677 2
1677 1374 2
2010 1374 2
2010 2507 2
3396 2507 2
1578 3396 2
1578 344 2
2594 344 2
2552 2594 2
2552 1440 2
1440 419 2
419 245 2
245 1878 2
1878 2689 2
2689 890 2
890 572 2
572 304 2
1760 304 2
1760 757 2
1810 757 2
876 1810 2
876 3294 2
2123 3294 2
2123 517 2
517 2332 2
342 2332 2
342 520 2
520 1019 2
1019 171 2
171 2794 2
2968 2794 2
2968 341 2
341 2777 2
3600 2777 2
3600 1234 2
1234 2234 2
2234 3173 2
3173 3326 2
2701 3326 2
577 2701 2
577 2466 2
2466 3435 2
971 3435 2
971 613 2
613 56 2
836 56 2
836 1651 2
2115 1651 2
1359 2115 2
3532 1359 2
634 3532 2
1525 634 2
1525 2749 2
2749 1695 2
1695 376 2
2116 376 2
3209 2116 2
2693 3209 2
2693 1889 2
236 1889 2
1998 236 2
1998 2896 2
2085 2896 2
2085 1960 2
1960 3125 2
1667 3125 2
95 1667 2
95 2784 2
2784 2383 2
2383 704 2
23 704 2
3428 23 2
3428 1884 2
249 1884 2
249 2751 2
2751 769 2
769 3307 2
1203 3307 2
1854 1203 2
1854 3357 2
3357 1617 2
1043 1617 2
1966 1043 2
2981 1966 2
996 2981 2
1080 996 2
3350 1080 2
797 3350 2
797 603 2
3558 603 2
2003 3558 2
2003 312 2
1644 312 2
3349 1644 2
2447 3349 2
3492 2447 2
3492 2863 2
361 2863 2
361 3089 2
3089 825 2
825 758 2
3152 758 2
3152 3167 2
1041 3167 2
2212 1041 2
2212 2661 2
2661 2761 2
3176 2761 2
3176 2177 2
2177 2490 2
3511 2490 2
3511 1941 2
1941 2876 2
1937 2876 2
1937 2432 2
1697 2432 2
1697 2361 2
2361 3252 2
3252 1735 2
1735 2571 2
2571 291 2
291 2623 2
2623 759 2
2905 759 2
2905 2366 2
2470 2366 2
2470 3297 2
1990 3297 2
1990 2783 2
852 2783 2
852 102 2
102 1892 2
1892 22 2
1027 22 2
3097 1027 2
1340 3097 2
454 1340 2
454 3387 2
3387 2726 2
2726 1916 2
1916 1230 2
1230 1620 2
2630 1620 2
3531 2630 2
3531 368 2
368 2160 2
2160 201 2
1896 201 2
1896 3214 2
413 3214 2
413 3327 2
3327 2624 2
2624 3330 2
3330 682 2
2254 682 2
39 2254 2
418 39 2
418 360 2
2250 360 2
2250 349 2
349 1212 2
3361 1212 2
3361 1382 2
3301 1382 2
384 3301 2
384 1828 2
1456 1828 2
1593 1456 2
3432 1593 2
897 3432 2
3244 897 2
1535 3244 2
1535 125 2
125 923 2
1497 923 2
2006 1497 2
2139 2006 2
2139 1033 2
1033 3617 2
3617 2012 2
1594 2012 2
1594 84 2
134 84 2
134 588 2
3563 588 2
3563 2365 2
2120 2365 2
2988 2120 2
1832 2988 2
3317 1832 2
3317 471 2
1162 471 2
3507 1162 2
3507 3293 2
3293 1500 2
1224 1500 2
1224 1484 2
1484 2504 2
1970 2504 2
938 1970 2
1299 938 2
1299 1435 2
1435 2904 2
2304 2904 2
2304 1882 2
1882 505 2
505 3567 2
3516 3567 2
3516 5 2
5 1394 2
1348 1394 2
1348 1812 2
3280 1812 2
3280 1911 2
1911 3496 2
3496 602 2
602 3598 2
2290 3598 2
2290 2787 2
2787 2342 2
862 2342 2
2767 862 2
2767 3231 2
3231 1571 2
1571 3160 2
2293 3160 2
2293 3168 2
397 3168 2
397 38 2
198 38 2
2625 198 2
2625 2745 2
2745 15 2
15 1610 2
2294 1610 2
2294 452 2
452 2628 2
2628 438 2
438 1380 2
833 1380 2
1994 833 2
2205 1994 2
2205 183 2
2899 183 2
2899 568 2
678 568 2
975 678 2
975 2180 2
2180 224 2
2684 224 2
1241 2684 2
1241 2791 2
3145 2791 2
3099 3145 2
3099 1581 2
1581 775 2
1537 775 2
735 1537 2
1900 735 2
2158 1900 2
2158 1244 2
1244 1355 2
2483 1355 2
3240 2483 2
2712 3240 2
3536 2712 2
3536 783 2
783 337 2
985 337 2
985 3151 2
3151 1001 2
60 1001 2
60 3208 2
3342 3208 2
766 3342 2
766 81 2
3329 81 2
1434 3329 2
359 1434 2
359 2080 2
2665 2080 2
2665 1772 2
1772 1650 2
1481 1650 2
789 1481 2
1708 789 2
2570 1708 2
2570 3278 2
2348 3278 2
425 2348 2
425 2591 2
2934 2591 2
2934 11 2
3528 11 2
3528 823 2
823 3216 2
3216 1062 2
1062 3058 2
3638 3058 2
3281 3638 2
89 3281 2
331 89 2
331 573 2
573 2077 2
2077 1267 2
1267 1195 2
1195 3016 2
3016 3321 2
3321 1377 2
2919 1377 2
2919 37 2
3048 37 2
389 3048 2
389 2980 2
2505 2980 2
2505 2866 2
1629 2866 2
529 1629 2
529 2210 2
2583 2210 2
592 2583 2
592 1613 2
1613 3372 2
3372 2031 2
2031 1736 2
2850 1736 2
2778 2850 2
262 2778 2
262 2499 2
2499 1770 2
1770 837 2
837 316 2
316 1353 2
1353 2135 2
1706 2135 2
1706 548 2
548 1051 2
1051 2967 2
2967 675 2
675 94 2
94 2511 2
2511 3452 2
778 3452 2
3291 778 2
2434 3291 2
1704 2434 2
1704 2219 2
490 2219 2
3184 490 2
3083 3184 2
3083 1431 2
1431 2307 2
2858 2307 2
2858 1529 2
2518 1529 2
3353 2518 2
3353 1864 2
3494 1864 2
3494 885 2
885 1171 2
1046 1171 2
1046 422 2
422 3402 2
3402 646 2
646 2683 2
974 2683 2
1048 974 2
1048 213 2
3072 213 2
3072 2063 2
3589 2063 2
3589 3434 2
2969 3434 2
1689 2969 2
2609 1689 2
1123 2609 2
1123 2635 2
2635 2950 2
50 2950 2
620 50 2
2837 620 2
2181 2837 2
2181 771 2
1156 771 2
1156 128 2
1089 128 2
1089 1545 2
347 1545 2
2960 347 2
2960 2833 2
2833 268 2
268 2780 2
2437 2780 2
1943 2437 2
3347 1943 2
1258 3347 2
1258 1976 2
1588 1976 2
3147 1588 2
1068 3147 2
1068 2567 2
2567 596 2
596 1946 2
1946 3493 2
3466 3493 2
3466 545 2
1473 545 2
1473 3335 2
3335 1363 2
2075 1363 2
2308 2075 2
2308 1845 2
1845 3323 2
3037 3323 2
770 3037 2
770 896 2
2741 896 2
176 2741 2
176 3150 2
3150 1554 2
2291 1554 2
2291 832 2
1124 832 2
1124 2984 2
2984 2982 2
1718 2982 2
2525 1718 2
3487 2525 2
1627 3487 2
1627 743 2
743 1800 2
1800 3379 2
1686 3379 2
2289 1686 2
1508 2289 2
1508 491 2
2882 491 2
2882 1121 2
2230 1121 2
2230 610 2
610 2991 2
2991 3074 2
3481 3074 2
3481 1899 2
1899 2646 2
2952 2646 2
2952 2385 2
2385 2663 2
912 2663 2
912 3364 2
3190 3364 2
99 3190 2
2171 99 2
2171 3084 2
3084 2920 2
3510 2920 2
3510 2124 2
2124 3227 2
1152 3227 2
1152 3009 2
3009 3154 2
145 3154 2
145 519 2
26 519 2
26 2189 2
1675 2189 2
228 1675 2
228 1831 2
1831 999 2
3180 999 2
3180 2528 2
2528 649 2
82 649 2
1018 82 2
1018 1871 2
2376 1871 2
2376 3096 2
1337 3096 2
87 1337 2
1539 87 2
1539 106 2
106 3591 2
3591 2885 2
2885 1284 2
2497 1284 2
2497 1187 2
1187 760 2
760 564 2
429 564 2
1927 429 2
1232 1927 2
302 1232 2
962 302 2
962 1411 2
1411 2404 2
2462 2404 2
2462 2292 2
1040 2292 2
2943 1040 2
2907 2943 2
686 2907 2
3515 686 2
3515 2547 2
1527 2547 2
3142 1527 2
2321 3142 2
2321 3313 2
3313 768 2
768 1709 2
1989 1709 2
1989 1743 2
1743 107 2
1250 107 2
2699 1250 2
2699 189 2
2856 189 2
2862 2856 2
2862 2222 2
2222 1698 2
1698 2996 2
1823 2996 2
1823 1143 2
2475 1143 2
2475 1660 2
1660 1682 2
1682 2577 2
2595 2577 2
2595 2411 2
3162 2411 2
3162 1863 2
3127 1863 2
3127 2720 2
2720 2776 2
2776 3 2
2601 3 2
3408 2601 2
3408 851 2
3547 851 2
3547 3573 2
3573 1430 2
2422 1430 2
2830 2422 2
2830 870 2
870 1909 2
1909 1585 2
1585 553 2
1076 553 2
1076 2668 2
2668 1469 2
1568 1469 2
326 1568 2
326 2620 2
2602 2620 2
2962 2602 2
2962 828 2
828 594 2
945 594 2
945 2218 2
2218 1464 2
1194 1464 2
799 1194 2
1902 799 2
3412 1902 2
3412 3362 2
2360 3362 2
2360 356 2
356 2431 2
2431 1130 2
1130 3146 2
3146 2519 2
3590 2519 2
3590 920 2
920 1131 2
3117 1131 2
3117 901 2
617 901 2
617 3388 2
3388 1546 2
1546 1108 2
1108 2985 2
2248 2985 2
2248 1151 2
3024 1151 2
3542 3024 2
3238 3542 2
3238 2131 2
724 2131 2
2959 724 2
2959 2930 2
2942 2930 2
918 2942 2
918 2159 2
665 2159 2
665 3181 2
1707 3181 2
3126 1707 2
2728 3126 2
2834 2728 2
2834 2427 2
1111 2427 2
540 1111 2
540 802 2
802 874 2
874 1070 2
1070 1153 2
3366 1153 2
3366 2410 2
2410 1626 2
515 1626 2
3374 515 2
3374 168 2
567 168 2
1249 567 2
1249 146 2
146 172 2
172 3105 2
3105 2836 2
2836 658 2
1389 658 2
1389 720 2
2311 720 2
2311 3592 2
3592 3043 2
3043 1245 2
1240 1245 2
3318 1240 2
1524 3318 2
315 1524 2
1364 315 2
1364 2023 2
2023 663 2
663 1342 2
934 1342 2
934 3002 2
3133 3002 2
3012 3133 2
3012 1147 2
3407 1147 2
1624 3407 2
1624 2358 2
2358 1653 2
396 1653 2
396 2677 2
1767 2677 2
1752 1767 2
1912 1752 2
1577 1912 2
412 1577 2
2622 412 2
2622 3221 2
3221 2708 2
2708 970 2
597 970 2
3315 597 2
3315 1006 2
1441 1006 2
2215 1441 2
1609 2215 2
2326 1609 2
3368 2326 2
2948 3368 2
2948 528 2
2298 528 2
1436 2298 2
1680 1436 2
1680 1562 2
2520 1562 2
3415 2520 2
844 3415 2
535 844 2
786 535 2
786 169 2
169 3124 2
1295 3124 2
629 1295 2
3454 629 2
3454 697 2
697 1721 2
2686 1721 2
2686 1094 2
1094 323 2
2022 323 2
2022 1372 2
1372 2906 2
206 2906 2
206 522 2
522 1853 2
1253 1853 2
2341 1253 2
2341 1603 2
2046 1603 2
2046 3495 2
3495 549 2
2476 549 2
2476 910 2
910 303 2
1207 303 2
1530 1207 2
1530 88 2
88 1619 2
1619 144 2
144 3193 2
3193 2013 2
3257 2013 2
3257 3136 2
3102 3136 2
3102 1840 2
1840 2657 2
2657 357 2
357 157 2
157 2459 2
416 2459 2
416 3262 2
3262 63 2
63 1993 2
1993 748 2
2444 748 2
2444 2226 2
2226 606 2
1148 606 2
716 1148 2
992 716 2
992 2618 2
2097 2618 2
3061 2097 2
718 3061 2
718 2469 2
883 2469 2
3339 883 2
160 3339 2
160 2133 2
2133 1099 2
2150 1099 2
2150 1113 2
2155 1113 2
2155 3572 2
3242 3572 2
1198 3242 2
1198 790 2
722 790 2
2087 722 2
2087 650 2
650 3560 2
983 3560 2
983 2585 2
2585 2258 2
2527 2258 2
2963 2527 2
1379 2963 2
1379 1318 2
2129 1318 2
2619 2129 2
2619 3360 2
3360 1003 2
1003 2808 2
2808 1155 2
1155 1652 2
1652 2614 2
2614 1301 2
1301 1414 2
1414 401 2
608 401 2
386 608 2
2976 386 2
2976 108 2
2908 108 2
2247 2908 2
952 2247 2
955 952 2
2244 955 2
2846 2244 2
2846 2637 2
1168 2637 2
1168 1032 2
1032 1494 2
264 1494 2
264 1479 2
1479 2914 2
2914 1608 2
1608 683 2
9 683 2
1930 9 2
1930 1 2
313 1 2
313 922 2
922 696 2
696 667 2
1848 667 2
1480 1848 2
1480 3309 2
3309 343 2
2819 343 2
3550 2819 2
3550 1218 2
1218 2026 2
570 2026 2
3159 570 2
1471 3159 2
932 1471 2
932 544 2
544 1856 2
3080 1856 2
252 3080 2
2723 252 2
2723 3424 2
3424 62 2
1817 62 2
463 1817 2
2100 463 2
2100 993 2
993 3188 2
3188 1714 2
1714 1104 2
215 1104 2
2825 215 2
2443 2825 2
2443 2107 2
2107 3603 2
464 3603 2
464 2191 2
2191 1745 2
1745 2479 2
660 2479 2
660 1231 2
366 1231 2
1483 366 2
2758 1483 2
1352 2758 2
1381 1352 2
3490 1381 2
579 3490 2
2356 579 2
420 2356 2
420 690 2
1114 690 2
601 1114 2
607 601 2
3625 607 2
3625 652 2
652 1336 2
1336 474 2
2161 474 2
2161 1509 2
1509 1891 2
1891 1894 2
2192 1894 2
1397 2192 2
1397 3143 2
3143 666 2
666 3045 2
1216 3045 2
353 1216 2
353 462 2
1289 462 2
1841 1289 2
2072 1841 2
1368 2072 2
3078 1368 2
3078 1074 2
1074 288 2
288 814 2
814 730 2
730 2221 2
53 2221 2
1204 53 2
3119 1204 2
3119 1755 2
2346 1755 2
1875 2346 2
1875 761 2
1873 761 2
1873 1378 2
1378 2047 2
948 2047 2
732 948 2
732 1641 2
1641 3630 2
3630 1860 2
1860 1907 2
2818 1907 2
2555 2818 2
2555 282 2
282 482 2
482 129 2
129 1211 2
3298 1211 2
3298 2649 2
2649 1065 2
1065 3222 2
65 3222 2
297 65 2
297 518 2
2288 518 2
3610 2288 2
927 3610 2
2027 927 2
279 2027 2
1985 279 2
3421 1985 2
3421 1647 2
2810 1647 2
638 2810 2
619 638 2
619 1999 2
1999 3251 2
2773 3251 2
2773 1699 2
1699 1981 2
1981 1955 2
1955 3049 2
3049 439 2
1361 439 2
1361 1417 2
2898 1417 2
2379 2898 2
2379 351 2
3322 351 2
3322 1086 2
1086 1024 2
1024 456 2
2698 456 2
2698 2136 2
3631 2136 2
2641 3631 2
3605 2641 2
3605 2478 2
3141 2478 2
3612 3141 2
3612 3302 2
1720 3302 2
1720 1227 2
1227 1000 2
1000 3341 2
1073 3341 2
1073 2284 2
495 2284 2
495 2631 2
2631 622 2
3503 622 2
3503 3476 2
3476 3057 2
2056 3057 2
2056 1988 2
3223 1988 2
3040 3223 2
477 3040 2
1486 477 2
1486 708 2
708 679 2
2164 679 2
2164 2870 2
2870 3336 2
574 3336 2
849 574 2
1373 849 2
1373 1825 2
1825 818 2
818 2176 2
2176 403 2
2954 403 2
1002 2954 2
3584 1002 2
3584 869 2
113 869 2
113 2566 2
2566 488 2
488 2604 2
2604 3273 2
170 3273 2
170 3401 2
3401 272 2
272 32 2
32 2167 2
2553 2167 2
2696 2553 2
1893 2696 2
1893 530 2
530 565 2
565 2312 2
2312 3202 2
3202 2453 2
3098 2453 2
3098 1917 2
514 1917 2
2267 514 2
2267 958 2
958 3351 2
151 3351 2
151 1715 2
2575 1715 2
2575 2568 2
2568 292 2
292 3155 2
1915 3155 2
177 1915 2
1924 177 2
1924 1181 2
2811 1181 2
2603 2811 2
2603 3409 2
3409 2500 2
2500 1158 2
3204 1158 2
1044 3204 2
1044 984 2
2165 984 2
2640 2165 2
2640 1281 2
1281 2675 2
3375 2675 2
499 3375 2
256 499 2
256 1634 2
1634 2805 2
156 2805 2
1510 156 2
1510 693 2
693 486 2
628 486 2
3258 628 2
1579 3258 2
1957 1579 2
1957 1649 2
1649 2742 2
2742 255 2
255 736 2
736 3580 2
1621 3580 2
2964 1621 2
2964 1512 2
1512 2255 2
2255 840 2
840 3066 2
2695 3066 2
1773 2695 2
1773 3320 2
497 3320 2
1452 497 2
827 1452 2
3070 827 2
1369 3070 2
1369 1488 2
1488 1565 2
465 1565 2
470 465 2
1615 470 2
1615 871 2
3023 871 2
2771 3023 2
2771 2662 2
853 2662 2
853 972 2
2636 972 2
2636 3464 2
131 3464 2
131 1618 2
575 1618 2
575 537 2
537 2032 2
2032 1103 2
1103 437 2
484 437 2
484 1015 2
2090 1015 2
2596 2090 2
2596 1063 2
1063 3629 2
3629 1657 2
1657 3583 2
3268 3583 2
2117 3268 2
1906 2117 2
121 1906 2
121 863 2
2236 863 2
274 2236 2
274 651 2
822 651 2
822 3419 2
3419 205 2
1867 205 2
2463 1867 2
2463 2317 2
2317 1087 2
265 1087 2
2643 265 2
3389 2643 2
2650 3389 2
1842 2650 2
1842 1492 2
2264 1492 2
2264 611 2
611 1020 2
1020 299 2
239 299 2
3206 239 2
1584 3206 2
1584 1688 2
1429 1688 2
2344 1429 2
1806 2344 2
1806 3538 2
3538 2359 2
3165 2359 2
394 3165 2
394 1413 2
1413 1418 2
1418 2041 2
2036 2041 2
3284 2036 2
3075 3284 2
3075 627 2
2237 627 2
2237 2143 2
2713 2143 2
2713 2664 2
3474 2664 2
317 3474 2
2337 317 2
2337 745 2
745 2809 2
2809 2045 2
2840 2045 2
2840 2310 2
2310 2884 2
3128 2884 2
3128 2961 2
318 2961 2
1591 318 2
2104 1591 2
1793 2104 2
1982 1793 2
1982 2763 2
2763 681 2
1897 681 2
1897 1312 2
1312 3499 2
1185 3499 2
1185 2142 2
2897 2142 2
2897 2450 2
2450 267 2
2725 267 2
994 2725 2
994 3325 2
2035 3325 2
1082 2035 2
1082 3014 2
2070 3014 2
371 2070 2
371 1883 2
1514 1883 2
1514 244 2
3073 244 2
1671 3073 2
3477 1671 2
3477 3034 2
2681 3034 2
2681 3615 2
2055 3615 2
3060 2055 2
3060 1807 2
936 1807 2
998 936 2
998 3026 2
1193 3026 2
10 1193 2
10 1595 2
1595 864 2
2008 864 2
2485 2008 2
1476 2485 2
1476 1975 2
1975 2440 2
1541 2440 2
1026 1541 2
1292 1026 2
1292 1004 2
1004 1421 2
109 1421 2
1885 109 2
1885 468 2
1521 468 2
2586 1521 2
67 2586 2
67 2901 2
2901 3020 2
1727 3020 2
914 1727 2
1263 914 2
744 1263 2
744 1953 2
2849 1953 2
3261 2849 2
3198 3261 2
1112 3198 2
1112 954 2
954 54 2
54 2660 2
2660 1913 2
1913 1567 2
1567 777 2
777 569 2
569 324 2
324 2175 2
1317 2175 2
1317 1531 2
1531 2323 2
2323 3118 2
3118 275 2
275 880 2
1376 880 2
2757 1376 2
2757 52 2
52 2538 2
2460 2538 2
2460 3622 2
3622 2225 2
193 2225 2
193 1332 2
2339 1332 2
2339 1408 2
2873 1408 2
2873 2839 2
3574 2839 2
3091 3574 2
3091 1548 2
1548 1237 2
2474 1237 2
432 2474 2
1176 432 2
1711 1176 2
1711 1470 2
1470 1106 2
1106 2000 2
3551 2000 2
2057 3551 2
2057 1014 2
532 1014 2
558 532 2
558 2101 2
3271 2101 2
595 3271 2
595 1474 2
1474 31 2
2154 31 2
2154 1587 2
153 1587 2
153 2242 2
1031 2242 2
3303 1031 2
3171 3303 2
1323 3171 2
1323 1939 2
1939 2729 2
2195 2729 2
2195 307 2
504 307 2
612 504 2
612 2587 2
2587 64 2
64 2979 2
2979 1205 2
385 1205 2
385 1420 2
1420 47 2
2203 47 2
621 2203 2
506 621 2
506 1905 2
1905 2388 2
2388 1590 2
3498 1590 2
2655 3498 2
1451 2655 2
1451 3602 2
1067 3602 2
2488 1067 2
2814 2488 2
3264 2814 2
3264 508 2
508 1325 2
1325 1088 2
1101 1088 2
1101 3132 2
3132 1304 2
1304 3205 2
34 3205 2
2380 34 2
2380 2874 2
90 2874 2
406 90 2
406 2329 2
1298 2329 2
1298 539 2
1724 539 2
1287 1724 2
1287 1737 2
1737 308 2
308 273 2
1665 273 2
1270 1665 2
1270 1419 2
1419 557 2
557 2918 2
2918 1599 2
893 1599 2
2402 893 2
1632 2402 2
1335 1632 2
1335 2098 2
1238 2098 2
1779 1238 2
1779 76 2
314 76 2
314 1936 2
1266 1936 2
1331 1266 2
1331 2817 2
2589 2817 2
3480 2589 2
1371 3480 2
1371 900 2
900 1880 2
966 1880 2
69 966 2
69 2220 2
2220 2259 2
2259 3596 2
3596 2134 2
3504 2134 2
1600 3504 2
1600 2580 2
2217 2580 2
2217 435 2
725 435 2
3571 725 2
3571 187 2
187 355 2
346 355 2
346 2820 2
2820 1857 2
980 1857 2
1174 980 2
1174 3384 2
1334 3384 2
1334 1199 2
230 1199 2
230 1874 2
2374 1874 2
2374 3095 2
3095 2936 2
2262 2936 2
1192 2262 2
283 1192 2
283 485 2
485 2755 2
2755 680 2
2030 680 2
2030 498 2
3044 498 2
3044 1443 2
1820 1443 2
2912 1820 2
2912 1922 2
1922 1319 2
1319 2095 2
2095 1039 2
2274 1039 2
2274 503 2
503 3621 2
3621 1499 2
1499 430 2
430 878 2
24 878 2
3316 24 2
2487 3316 2
1890 2487 2
947 1890 2
1422 947 2
2864 1422 2
1654 2864 2
3601 1654 2
3306 3601 2
3306 2204 2
1189 2204 2
1189 1159 2
2680 1159 2
1495 2680 2
1495 847 2
391 847 2
2322 391 2
2398 2322 2
2398 2829 2
2829 940 2
1064 940 2
1064 872 2
872 3348 2
796 3348 2
796 2278 2
2634 2278 2
2634 3256 2
2530 3256 2
2530 2419 2
1750 2419 2
1750 865 2
2078 865 2
3381 2078 2
3381 2061 2
2061 1058 2
1058 2169 2
2169 1196 2
2508 1196 2
2508 1598 2
817 1598 2
1691 817 2
1691 175 2
175 1733 2
2765 1733 2
2973 2765 2
2973 1968 2
1968 2867 2
2654 2867 2
2654 1683 2
1683 3052 2
3052 2381 2
2381 3455 2
1053 3455 2
1053 294 2
1601 294 2
247 1601 2
723 247 2
723 609 2
3586 609 2
3586 2040 2
2040 3459 2
2369 3459 2
1228 2369 2
1592 1228 2
1592 40 2
40 443 2
443 2062 2
2062 2371 2
3253 2371 2
2632 3253 2
2632 1385 2
1385 2539 2
2539 132 2
132 733 2
733 3288 2
2426 3288 2
2458 2426 2
2458 1563 2
1563 2797 2
2797 516 2
2448 516 2
2448 2141 2
2141 929 2
929 1763 2
1771 1763 2
1771 1316 2
2995 1316 2
2995 270 2
270 180 2
3444 180 2
365 3444 2
2263 365 2
2263 1314 2
1566 1314 2
1566 561 2
2350 561 2
3018 2350 2
3018 808 2
2685 808 2
2685 728 2
728 2363 2
2363 2878 2
3365 2878 2
3365 937 2
937 2468 2
2886 2468 2
2939 2886 2
2108 2939 2
1100 2108 2
1100 3484 2
2607 3484 2
3564 2607 2
3564 1557 2
1557 3015 2
3015 903 2
1260 903 2
2965 1260 2
2965 3233 2
3233 2252 2
2252 3285 2
494 3285 2
3463 494 2
306 3463 2
306 393 2
3461 393 2
3245 3461 2
3245 2513 2
2249 2513 2
2200 2249 2
921 2200 2
921 16 2
16 654 2
654 3031 2
3031 1791 2
2417 1791 2
2417 2737 2
2737 754 2
754 826 2
826 2103 2
2895 2103 2
2895 916 2
916 2390 2
2390 1399 2
496 1399 2
2842 496 2
2842 523 2
523 3079 2
3079 538 2
276 538 2
3265 276 2
3265 2471 2
2471 2869 2
97 2869 2
510 97 2
3541 510 2
3541 3053 2
1446 3053 2
1446 2922 2
2922 2651 2
1459 2651 2
1459 882 2
1085 882 2
1085 917 2
917 1226 2
2421 1226 2
2559 2421 2
2559 1984 2
1984 513 2
513 2429 2
2782 2429 2
2782 298 2
298 149 2
149 829 2
3033 829 2
3033 2548 2
2548 3534 2
3534 963 2
123 963 2
154 123 2
154 457 2
631 457 2
3036 631 2
232 3036 2
232 1543 2
1543 2343 2
2343 2029 2
2029 604 2
1498 604 2
1498 956 2
66 956 2
66 1202 2
647 1202 2
647 1549 2
14 1549 2
14 2173 2
2754 2173 2
3283 2754 2
3283 2702 2
3636 2702 2
3636 547 2
547 1532 2
1532 2502 2
2502 605 2
2156 605 2
2156 3266 2
460 3266 2
3111 460 2
641 3111 2
3380 641 2
581 3380 2
581 4 2
4 3577 2
3577 2822 2
229 2822 2
229 2166 2
2166 1962 2
1962 2093 2
2093 1165 2
2766 1165 2
867 2766 2
2824 867 2
2824 886 2
886 1777 2
1777 2537 2
2537 2801 2
2801 2424 2
2424 3275 2
1146 3275 2
1146 1096 2
1096 2060 2
2060 860 2
860 3485 2
779 3485 2
489 779 2
1958 489 2
1958 812 2
812 3420 2
3250 3420 2
589 3250 2
1178 589 2
3410 1178 2
2615 3410 2
2615 1713 2
1713 3450 2
3450 204 2
204 2606 2
982 2606 2
982 2929 2
2929 1572 2
1572 6 2
6 1161 2
1161 1748 2
27 1748 2
27 1799 2
1799 2157 2
2316 2157 2
2316 2183 2
875 2183 2
2815 875 2
2815 2993 2
2670 2993 2
2670 2256 2
3386 2256 2
3004 3386 2
3004 1172 2
820 1172 2
820 492 2
1923 492 2
2953 1923 2
96 2953 2
96 1305 2
1305 1920 2
953 1920 2
2050 953 2
933 2050 2
933 830 2
750 830 2
750 2110 2
2081 2110 2
2781 2081 2
2781 3130 2
3130 1150 2
1731 1150 2
2071 1731 2
2071 3131 2
3131 1747 2
1747 2730 2
2730 3149 2
3149 781 2
1467 781 2
2414 1467 2
2414 3274 2
2560 3274 2
266 2560 2
266 483 2
483 626 2
626 793 2
2224 793 2
2224 446 2
446 147 2
147 480 2
480 208 2
3032 208 2
3032 3346 2
3346 3022 2
3022 3305 2
2565 3305 2
2565 1622 2
2492 1622 2
1183 2492 2
1183 2387 2
164 2387 2
164 3120 2
3109 3120 2
3109 2598 2
2978 2598 2
2978 378 2
378 45 2
2994 45 2
2994 3446 2
3446 93 2
93 379 2
379 1868 2
1868 3185 2
1010 3185 2
1010 1169 2
1169 3055 2
3055 1636 2
1636 741 2
741 906 2
451 906 2
451 1795 2
1795 1808 2
1808 3027 2
639 3027 2
2172 639 2
2051 2172 2
2051 2562 2
2562 525 2
1387 525 2
1387 624 2
2306 624 2
2314 2306 2
1764 2314 2
1764 2138 2
1021 2138 2
1021 1272 2
1005 1272 2
1005 1256 2
1256 2880 2
873 2880 2
873 555 2
555 377 2
2300 377 2
3071 2300 2
1356 3071 2
120 1356 2
1432 120 2
3581 1432 2
3581 3229 2
3229 500 2
500 390 2
202 390 2
1756 202 2
1787 1756 2
1787 3438 2
3438 1961 2
707 1961 2
707 7 2
2744 7 2
1940 2744 2
1940 447 2
785 447 2
2521 785 2
2521 511 2
511 3479 2
428 3479 2
428 3585 2
3585 1125 2
1125 1550 2
1550 1602 2
1784 1602 2
1784 813 2
2659 813 2
2659 848 2
848 1023 2
1023 2313 2
473 2313 2
473 3213 2
3213 2554 2
2554 2423 2
2423 3619 2
3431 3619 2
370 3431 2
1670 370 2
1670 1881 2
1322 1881 2
1322 2182 2
2182 1116 2
1116 2540 2
2540 655 2
655 2933 2
2933 3134 2
3134 2052 2
711 2052 2
711 1690 2
1690 2208 2
2208 1122 2
1454 1122 2
1454 192 2
995 192 2
2211 995 2
3633 2211 2
3633 694 2
694 1184 2
1184 333 2
333 1235 2
2752 1235 2
2752 1717 2
2 1717 2
600 2 2
600 1785 2
1079 1785 2
1061 1079 2
3076 1061 2
3076 142 2
142 1345 2
1345 339 2
339 3545 2
3545 636 2
636 2997 2
2997 2998 2
1344 2998 2
1119 1344 2
1119 3110 2
1879 3110 2
2506 1879 2
2506 3482 2
3385 3482 2
3385 795 2
795 1201 2
1201 957 2
957 36 2
36 3465 2
3465 1012 2
1012 2666 2
2666 3524 2
1945 3524 2
1945 2391 2
2391 426 2
12 426 2
186 12 2
186 2653 2
2653 2573 2
2573 1637 2
3107 1637 2
481 3107 2
481 3371 2
3623 3371 2
1458 3623 2
2069 1458 2
2600 2069 2
2600 806 2
2769 806 2
2769 1462 2
1462 676 2
676 1778 2
1778 2067 2
2067 350 2
350 3337 2
1872 3337 2
3153 1872 2
3153 3246 2
1597 3246 2
1060 1597 2
1060 2353 2
3618 2353 2
1255 3618 2
1255 2231 2
124 2231 2
55 124 2
55 1956 2
1956 2079 2
3370 2079 2
2549 3370 2
1775 2549 2
749 1775 2
1030 749 2
1160 1030 2
2241 1160 2
2089 2241 2
2089 2325 2
2325 3304 2
3304 2352 2
3439 2352 2
3439 1758 2
1758 3445 2
1552 3445 2
3065 1552 2
3065 2855 2
28 2855 2
2389 28 2
2389 2673 2
3183 2673 2
1468 3183 2
1093 1468 2
1093 3398 2
3398 1979 2
1979 2184 2
2184 3287 2
1326 3287 2
856 1326 2
856 543 2
543 3310 2
409 3310 2
49 409 2
3469 49 2
879 3469 2
879 2082 2
1208 2082 2
1208 1329 2
3187 1329 2
1405 3187 2
2018 1405 2
2018 1761 2
1761 1605 2
1605 150 2
3537 150 2
3537 2465 2
3508 2465 2
2149 3508 2
2149 773 2
773 246 2
3003 246 2
3019 3003 2
2452 3019 2
2556 2452 2
2747 2556 2
2747 2121 2
2066 2121 2
1477 2066 2
1477 2482 2
2482 2199 2
2334 2199 2
2786 2334 2
1765 2786 2
986 1765 2
986 1170 2
1170 1072 2
2271 1072 2
3599 2271 2
3599 3064 2
3064 1751 2
1751 1815 2
1815 372 2
1129 372 2
1129 2812 2
2812 645 2
989 645 2
2132 989 2
1987 2132 2
1427 1987 2
1427 1285 2
1285 1007 2
1007 174 2
112 174 2
834 112 2
2710 834 2
2710 3544 2
3544 3344 2
3344 1490 2
1490 51 2
3505 51 2
3505 1330 2
1330 2355 2
2355 2140 2
2140 225 2
3201 225 2
3201 1914 2
1914 3237 2
2007 3237 2
2007 1221 2
2333 1221 2
2048 2333 2
2940 2048 2
1866 2940 2
1511 1866 2
774 1511 2
1692 774 2
1692 1582 2
1582 1428 2
1696 1428 2
338 1696 2
338 3030 2
3030 2889 2
2889 3295 2
3295 3028 2
3028 257 2
257 1672 2
2652 1672 2
2652 3513 2
3513 1520 2
1520 1022 2
2903 1022 2
1145 2903 2
1145 2879 2
2879 2354 2
20 2354 2
449 20 2
449 254 2
367 254 2
3220 367 2
3220 1310 2
1310 1991 2
1991 2439 2
1730 2439 2
2733 1730 2
1664 2733 2
1664 3088 2
3088 3486 2
3486 1583 2
3062 1583 2
951 3062 2
126 951 2
3530 126 2
3530 2732 2
2732 235 2
235 1918 2
2753 1918 2
792 2753 2
2584 792 2
977 2584 2
3247 977 2
3247 3425 2
1544 3425 2
1544 1606 2
327 1606 2
327 3121 2
3282 3121 2
3282 3236 2
2397 3236 2
2397 1328 2
1328 740 2
740 3035 2
3035 44 2
41 44 2
41 691 2
3467 691 2
3467 1262 2
1229 1262 2
1186 1229 2
3472 1186 2
3472 1081 2
1081 2975 2
3319 2975 2
1769 3319 2
1769 467 2
467 3194 2
2716 3194 2
2716 855 2
855 2844 2
747 2844 2
78 747 2
3232 78 2
3232 2658 2
2658 2949 2
1410 2949 2
1045 1410 2
1786 1045 2
1786 408 2
2319 408 2
25 2319 2
25 788 2
788 2799 2
1888 2799 2
1888 2272 2
672 2272 2
672 552 2
1574 552 2
1574 212 2
1762 212 2
2457 1762 2
2457 2283 2
1365 2283 2
1191 1365 2
1191 1341 2
1341 1277 2
1277 200 2
200 1814 2
1814 1681 2
1681 1506 2
653 1506 2
305 653 2
305 981 2
286 981 2
286 580 2
580 831 2
831 1935 2
2847 1935 2
1741 2847 2
919 1741 2
919 2126 2
3522 2126 2
3522 563 2
677 563 2
2384 677 2
2384 2206 2
2206 158 2
59 158 2
3373 59 2
2854 3373 2
3041 2854 2
3041 1803 2
1803 1534 2
1457 1534 2
1457 2926 2
3311 2926 2
110 3311 2
644 110 2
1712 644 2
1712 161 2
161 2243 2
2243 163 2
2760 163 2
2760 692 2
1827 692 2
2927 1827 2
729 2927 2
1439 729 2
1439 3535 2
122 3535 2
1141 122 2
1141 2605 2
2605 1963 2
1273 1963 2
3243 1273 2
657 3243 2
657 1338 2
1338 909 2
803 909 2
387 803 2
387 2564 2
2564 2986 2
2986 2633 2
845 2633 2
845 1288 2
1288 440 2
440 898 2
2838 898 2
2838 68 2
68 3597 2
3597 2532 2
2532 846 2
3042 846 2
1370 3042 2
1370 2275 2
784 2275 2
784 3376 2
3376 2887 2
2887 2412 2
2412 2687 2
2687 2999 2
2711 2999 2
3367 2711 2
3367 3406 2
3406 752 2
2179 752 2
2179 3218 2
3218 1794 2
1794 2515 2
2515 1766 2
1766 2494 2
2494 3587 2
3587 1029 2
3179 1029 2
3129 3179 2
3200 3129 2
3200 1278 2
1673 1278 2
1673 466 2
466 2092 2
2092 2860 2
904 2860 2
904 1515 2
801 1515 2
3174 801 2
424 3174 2
1210 424 2
2872 1210 2
3392 2872 2
3392 2261 2
2261 976 2
3086 976 2
3086 2118 2
2118 713 2
2915 713 2
2915 2229 2
2750 2229 2
3011 2750 2
3011 1271 2
1271 3352 2
1157 3352 2
3112 1157 2
1472 3112 2
527 1472 2
1137 527 2
1137 3358 2
3405 3358 2
930 3405 2
930 2796 2
3447 2796 2
3447 1877 2
159 1877 2
159 214 2
1269 214 2
1659 1269 2
1659 2394 2
2394 3501 2
2610 3501 2
2610 1343 2
369 1343 2
369 3248 2
3248 3267 2
695 3267 2
584 695 2
1719 584 2
1719 578 2
2467 578 2
591 2467 2
3436 591 2
3436 3008 2
3345 3008 2
2396 3345 2
2396 3355 2
3355 2309 2
2309 2804 2
944 2804 2
2774 944 2
2774 509 2
2454 509 2
2454 1559 2
1559 614 2
614 3138 2
2790 3138 2
2667 2790 2
2667 1259 2
1259 524 2
3478 524 2
3478 2853 2
2853 1136 2
1136 809 2
809 2563 2
2351 2563 2
2351 787 2
2576 787 2
1324 2576 2
737 1324 2
1821 737 2
2579 1821 2
2579 1526 2
1526 210 2
210 3549 2
3549 2574 2
2770 2574 2
2977 2770 2
2977 2861 2
1008 2861 2
2514 1008 2
2514 1604 2
1604 348 2
2735 348 2
2403 2735 2
3521 2403 2
3521 1846 2
1846 2043 2
1776 2043 2
1776 336 2
978 336 2
978 1533 2
1929 1533 2
1097 1929 2
1656 1097 2
1656 1091 2
662 1091 2
290 662 2
2028 290 2
1444 2028 2
1444 3230 2
381 3230 2
2951 381 2
2871 2951 2
3369 2871 2
3369 2792 2
2792 1705 2
1705 395 2
3300 395 2
427 3300 2
427 950 2
1475 950 2
1475 182 2
1078 182 2
1078 2536 2
1824 2536 2
943 1824 2
3566 943 2
1055 3566 2
410 1055 2
410 453 2
373 453 2
373 1996 2
1996 103 2
2841 103 2
3568 2841 2
3215 3568 2
2674 3215 2
2674 1223 2
1223 1669 2
1669 2970 2
1403 2970 2
1403 188 2
188 791 2
152 791 2
152 114 2
114 2890 2
3620 2890 2
3620 2146 2
1517 2146 2
888 1517 2
905 888 2
960 905 2
960 2088 2
2491 2088 2
352 2491 2
2251 352 2
243 2251 2
1887 243 2
1887 3156 2
3156 1233 2
1233 2331 2
1315 2331 2
763 1315 2
763 2042 2
2042 2550 2
3595 2550 2
3289 3595 2
3606 3289 2
1569 3606 2
1360 1569 2
1360 2416 2
2416 2401 2
894 2401 2
894 199 2
3416 199 2
1967 3416 2
1950 1967 2
1614 1950 2
1071 1614 2
3100 1071 2
1768 3100 2
2059 1768 2
2059 411 2
411 858 2
858 2629 2
2629 284 2
2227 284 2
2956 2227 2
2956 967 2
967 1028 2
1028 1977 2
400 1977 2
2611 400 2
2709 2611 2
2709 2894 2
2894 512 2
1811 512 2
1811 3470 2
3391 3470 2
3391 3332 2
3332 86 2
3108 86 2
3108 554 2
250 554 2
2647 250 2
751 2647 2
751 3001 2
1092 3001 2
2608 1092 2
2608 700 2
700 2639 2
1482 2639 2
1327 1482 2
450 1327 2
2235 450 2
1684 2235 2
1254 1684 2
35 1254 2
2802 35 2
2802 2672 2
2672 3557 2
3557 1738 2
1738 824 2
824 2433 2
2433 2024 2
2024 618 2
618 2094 2
2094 3046 2
2512 3046 2
2512 48 2
48 2542 2
2542 441 2
441 3517 2
550 3517 2
550 961 2
961 2626 2
1625 2626 2
1625 2091 2
2413 2091 2
1297 2413 2
2916 1297 2
2916 1313 2
1313 753 2
1386 753 2
1386 3217 2
61 3217 2
926 61 2
926 2297 2
442 2297 2
3483 442 2
2493 3483 2
2493 536 2
772 536 2
226 772 2
226 135 2
3627 135 2
3081 3627 2
3081 2260 2
2260 2033 2
2033 3269 2
1214 3269 2
1214 3509 2
3509 2014 2
1796 2014 2
1239 1796 2
2400 1239 2
1687 2400 2
1687 2541 2
2541 782 2
141 782 2
141 1749 2
1749 3007 2
2875 3007 2
2875 2054 2
2938 2054 2
1947 2938 2
1947 3514 2
3514 2958 2
2958 1286 2
1286 1822 2
2891 1822 2
2891 2775 2
2279 2775 2
2279 3047 2
2762 3047 2
2762 3135 2
2738 3135 2
3182 2738 2
3182 340 2
340 1057 2
293 1057 2
3191 293 2
3489 3191 2
3489 780 2
3411 780 2
3411 2168 2
2168 2420 2
1926 2420 2
1037 1926 2
1037 2357 2
1805 2357 2
1805 2382 2
2868 2382 2
2868 2806 2
1865 2806 2
1865 1555 2
2409 1555 2
2409 2569 2
2569 1293 2
1293 1466 2
1466 3457 2
721 3457 2
721 1144 2
1144 3115 2
3115 1523 2
1523 138 2
138 593 2
593 2461 2
2461 1135 2
3562 1135 2
3562 1700 2
1700 1518 2
731 1518 2
731 3210 2
1643 3210 2
1643 295 2
1120 295 2
3399 1120 2
3399 546 2
546 3025 2
363 3025 2
1648 363 2
2152 1648 2
2152 57 2
1242 57 2
2349 1242 2
2349 1423 2
1423 2377 2
3276 2377 2
3276 1179 2
3122 1179 2
3122 2441 2
2441 3199 2
3199 1321 2
811 1321 2
1844 811 2
1844 3225 2
3225 3552 2
1333 3552 2
1333 2368 2
2992 2368 2
2373 2992 2
3068 2373 2
2759 3068 2
2759 185 2
991 185 2
2207 991 2
2928 2207 2
671 2928 2
671 3616 2
2845 3616 2
2845 2064 2
3426 2064 2
2522 3426 2
3556 2522 2
3556 1035 2
100 1035 2
100 2645 2
2645 2913 2
2232 2913 2
2232 1463 2
1463 253 2
1839 253 2
1839 2038 2
911 2038 2
911 1139 2
571 1139 2
571 3533 2
1075 3533 2
2151 1075 2
2151 2581 2
118 2581 2
1126 118 2
2813 1126 2
1952 2813 2
1952 2194 2
1631 2194 2
178 1631 2
2883 178 2
2883 2074 2
1257 2074 2
1257 2106 2
3234 2106 2
3234 765 2
765 714 2
2058 714 2
2058 1666 2
1666 3290 2
3290 3635 2
3635 1424 2
277 1424 2
322 277 2
1611 322 2
1611 3400 2
3400 3177 2
2277 3177 2
2277 1586 2
1586 560 2
1320 560 2
1320 1661 2
1661 3613 2
1934 3613 2
1934 587 2
1789 587 2
2923 1789 2
2345 2923 2
2345 2145 2
2145 2004 2
3203 2004 2
3203 648 2
197 648 2
197 116 2
2935 116 2
2935 261 2
261 218 2
1701 218 2
2816 1701 2
2816 2924 2
2924 13 2
13 3540 2
3067 3540 2
1734 3067 2
1734 407 2
407 755 2
3195 755 2
3565 3195 2
2795 3565 2
838 2795 2
838 1662 2
1662 2125 2
839 2125 2
839 1676 2
1676 1679 2
1679 3378 2
3378 3331 2
1487 3331 2
3279 1487 2
1942 3279 2
2375 1942 2
1437 2375 2
1437 857 2
2002 857 2
2002 2197 2
2197 715 2
815 715 2
2216 815 2
3449 2216 2
807 3449 2
807 1350 2
2162 1350 2
2162 1358 2
1358 2800 2
2597 2800 2
2503 2597 2
2503 219 2
219 1401 2
1401 2198 2
238 2198 2
238 1744 2
1744 1390 2
1390 2302 2
1561 2302 2
1561 493 2
3555 493 2
1110 3555 2
1110 1788 2
835 1788 2
835 2163 2
2163 2073 2
2073 1268 2
1931 1268 2
1931 1716 2
1716 1834 2
30 1834 2
30 2335 2
2533 2335 2
2533 1830 2
1830 1188 2
3443 1188 2
3443 382 2
382 2011 2
2011 2694 2
2911 2694 2
2911 854 2
854 2364 2
2435 2364 2
2435 935 2
2233 935 2
3087 2233 2
1197 3087 2
1197 2700 2
2700 1616 2
1616 1843 2
166 1843 2
3383 166 2
1703 3383 2
1703 3226 2
3059 3226 2
3059 184 2
2392 184 2
1400 2392 2
1400 1729 2
1729 3299 2
3299 2617 2
2617 1921 2
1921 269 2
1347 269 2
1339 1347 2
625 1339 2
2446 625 2
42 2446 2
42 3259 2
2705 3259 2
2705 2572 2
949 2572 2
866 949 2
1646 866 2
1903 1646 2
1903 402 2
402 2148 2
946 2148 2
1855 946 2
1855 1710 2
3106 1710 2
259 3106 2
3270 259 2
3270 3255 2
2593 3255 2
1059 2593 2
1059 1933 2
1904 1933 2
1516 1904 2
1516 1264 2
3397 1264 2
3397 2582 2
1640 2582 2
1296 1640 2
586 1296 2
586 2266 2
2266 2415 2
2415 2405 2
931 2405 2
931 1833 2
392 1833 2
392 702 2
702 3116 2
674 3116 2
674 3609 2
3609 3433 2
746 3433 2
1351 746 2
2932 1351 2
2917 2932 2
2917 3175 2
3093 3175 2
3093 3593 2
698 3593 2
698 3579 2
3579 155 2
2706 155 2
659 2706 2
659 375 2
3578 375 2
2186 3578 2
2186 117 2
2703 117 2
2703 83 2
1412 83 2
1412 562 2
334 562 2
320 334 2
2743 320 2
2743 842 2
842 2456 2
2456 3427 2
1066 3427 2
1066 1367 2
2372 1367 2
2372 2678 2
2678 2724 2
71 2724 2
71 979 2
1774 979 2
2588 1774 2
2588 3241 2
2535 3241 2
2535 877 2
582 877 2
582 1448 2
1448 1036 2
1642 1036 2
1753 1642 2
1753 2265 2
2265 3588 2
328 3588 2
328 58 2
301 58 2
1870 301 2
165 1870 2
165 2213 2
2213 1426 2
1816 1426 2
3005 1816 2
3005 405 2
405 2178 2
2621 2178 2
633 2621 2
633 2509 2
1633 2509 2
3286 1633 2
1861 3286 2
1861 1460 2
3404 1460 2
1154 3404 2
459 1154 2
2851 459 2
1612 2851 2
969 1612 2
969 1954 2
1954 1502 2
1251 1502 2
3158 1251 2
3158 526 2
1628 526 2
1628 2245 2
2245 2921 2
2113 2921 2
2113 2016 2
2016 1166 2
1050 1166 2
3161 1050 2
1974 3161 2
1862 1974 2
2835 1862 2
2990 2835 2
2990 263 2
1938 263 2
1109 1938 2
1109 3569 2
3212 3569 2
3212 1858 2
1858 1496 2
2516 1496 2
2516 3137 2
1818 3137 2
1307 1818 2
1307 2425 2
1908 2425 2
3063 1908 2
3529 3063 2
3529 241 2
241 2370 2
2523 2370 2
939 2523 2
939 861 2
861 1997 2
1038 1997 2
1038 2823 2
2823 1573 2
1573 2910 2
2910 1450 2
2857 1450 2
1275 2857 2
1275 719 2
1090 719 2
1090 3417 2
3417 2190 2
1558 2190 2
1558 431 2
431 1407 2
2336 1407 2
585 2336 2
2407 585 2
2407 3468 2
3468 1802 2
1802 1406 2
1406 1886 2
21 1886 2
21 1173 2
1173 2430 2
1276 2430 2
1276 3460 2
892 3460 2
3624 892 2
3624 203 2
203 1522 2
3333 1522 2
3333 1274 2
1959 1274 2
1959 115 2
115 1869 2
2170 1869 2
2170 3144 2
444 3144 2
2717 444 2
2393 2717 2
404 2393 2
404 80 2
80 3140 2
3140 17 2
1850 17 2
1850 285 2
285 816 2
816 478 2
2616 478 2
2616 3114 2
3114 1836 2
2727 1836 2
2727 1309 2
1309 2941 2
1726 2941 2
1726 1553 2
712 1553 2
1404 712 2
1404 884 2
884 887 2
2925 887 2
2065 2925 2
43 2065 2
1447 43 2
3462 1447 2
739 3462 2
3359 739 2
127 3359 2
3502 127 2
1049 3502 2
436 1049 2
436 1346 2
1346 207 2
3576 207 2
1792 3576 2
2144 1792 2
1115 2144 2
1115 1175 2
889 1175 2
889 111 2
2578 111 2
280 2578 2
1491 280 2
1491 354 2
354 1453 2
1453 507 2
507 1969 2
1969 3519 2
1222 3519 2
1693 1222 2
1693 415 2
415 2473 2
362 2473 2
1357 362 2
1357 2627 2
2627 2517 2
2270 2517 2
2270 1910 2
810 1910 2
541 810 2
541 599 2
1978 599 2
1978 3148 2
3148 3169 2
3169 1311 2
281 1311 2
2201 281 2
2201 2772 2
2053 2772 2
2486 2053 2
1016 2486 2
776 1016 2
776 1519 2
1519 2367 2
2367 1433 2
1433 3363 2
3363 1246 2
1246 1919 2
1919 3207 2
3207 2324 2
1658 2324 2
3166 1658 2
1746 3166 2
3296 1746 2
3296 1801 2
1801 533 2
533 1835 2
1835 330 2
345 330 2
345 2877 2
1948 2877 2
1948 2238 2
191 2238 2
191 3473 2
3473 3440 2
635 3440 2
3394 635 2
3343 3394 2
1504 3343 2
1504 3338 2
583 3338 2
3543 583 2
3543 2128 2
3123 2128 2
3123 1538 2
2692 1538 2
3453 2692 2
987 3453 2
1501 987 2
1501 709 2
709 2484 2
3554 2484 2
2558 3554 2
2558 2669 2
2669 2449 2
2449 2722 2
2722 3189 2
3189 3090 2
3090 2084 2
2068 2084 2
2068 1925 2
85 1925 2
859 85 2
859 2119 2
988 2119 2
988 1838 2
3186 1838 2
3186 3192 2
2268 3192 2
242 2268 2
2102 242 2
637 2102 2
1540 637 2
2273 1540 2
2202 2273 2
2202 194 2
194 2188 2
2188 764 2
75 764 2
75 703 2
3393 703 2
3393 1829 2
1829 1294 2
1294 2318 2
455 2318 2
196 455 2
899 196 2
556 899 2
669 556 2
1895 669 2
1895 997 2
997 2740 2
3113 2740 2
1674 3113 2
1388 1674 2
1388 2731 2
632 2731 2
632 3196 2
223 3196 2
433 223 2
3429 433 2
2472 3429 2
1986 2472 2
1851 1986 2
1247 1851 2
1247 3403 2
868 3403 2
1965 868 2
1965 311 2
311 2688 2
2688 1395 2
2105 1395 2
2105 231 2
3608 231 2
3608 92 2
18 92 2
18 1782 2
1782 1992 2
1992 1503 2
2174 1503 2
423 2174 2
3260 423 2
3260 195 2
1542 195 2
1542 1589 2
1589 1980 2
1980 2656 2
3077 2656 2
1742 3077 2
1742 3056 2
668 3056 2
668 1291 2
1291 1547 2
2239 1547 2
2239 300 2
300 1163 2
819 1163 2
819 2147 2
2147 2682 2
29 2682 2
29 2690 2
2690 358 2
358 227 2
227 670 2
670 2303 2
2303 2455 2
1236 2455 2
2428 1236 2
1349 2428 2
1349 3000 2
1442 3000 2
542 1442 2
542 380 2
3239 380 2
3239 3475 2
3475 881 2
881 1308 2
1308 2821 2
179 2821 2
179 2865 2
2865 1279 2
1279 2015 2
2015 3441 2
3441 2495 2
2983 2495 2
2983 332 2
332 1781 2
2671 1781 2
2671 3170 2
965 3170 2
965 2648 2
2721 2648 2
2480 2721 2
319 2480 2
843 319 2
843 821 2
3069 821 2
3069 1551 2
1551 1536 2
1047 1536 2
1047 2137 2
2529 2137 2
2529 1478 2
3017 1478 2
1668 3017 2
1445 1668 2
1445 2442 2
3390 2442 2
531 3390 2
531 2114 2
1219 2114 2
804 1219 2
1054 804 2
1790 1054 2
1790 2295 2
2295 2892 2
2892 2328 2
2328 3456 2
3604 3456 2
3604 685 2
2496 685 2
800 2496 2
800 1300 2
664 1300 2
664 289 2
289 1685 2
1393 1685 2
2788 1393 2
2788 2946 2
2489 2946 2
2489 3312 2
3594 3312 2
1132 3594 2
1132 1623 2
1739 1623 2
2852 1739 2
2852 3104 2
2408 3104 2
794 2408 2
794 1876 2
1876 2395 2
2395 3546 2
3546 616 2
2378 616 2
2378 1725 2
3418 1725 2
1728 3418 2
1728 258 2
258 2193 2
705 2193 2
705 1964 2
