6782
6445 642 2
6181 6445 2
2232 6445 2
6445 2189 2
6445 3455 2
2625 6445 2
1053 6445 2
6445 655 2
6445 6193 2
6445 3283 2
3823 6445 2
6445 4295 2
264 6445 2
6445 5026 2
1820 6445 2
951 6445 2
4961 6445 2
6445 4779 2
1596 6445 2
6445 5319 2
2122 6445 2
3289 6445 2
1359 6445 2
6445 2635 2
6445 4764 2
5909 6445 2
6445 4430 2
5476 6445 2
3873 6445 2
6445 2935 2
6445 4234 2
448 6445 2
6445 1358 2
6445 5514 2
6445 806 2
6445 6656 2
2559 6445 2
1706 6445 2
6445 1258 2
3838 6445 2
355 6445 2
6445 5758 2
6445 5679 2
1160 6445 2
2499 6445 2
6445 4962 2
6445 4675 2
6445 6687 2
6445 6116 2
857 6445 2
6445 685 2
6445 2206 2
6445 2786 2
6445 241 2
6445 3762 2
3887 6445 2
49 6445 2
5529 6445 2
1311 6445 2
3548 6445 2
6445 776 2
3813 6445 2
6018 6445 2
6361 6445 2
6445 861 2
290 6445 2
6445 2576 2
4761 6445 2
6445 6043 2
6259 6445 2
6445 3833 2
6445 3959 2
3727 6445 2
6445 2847 2
1411 6445 2
360 6445 2
6172 6445 2
6445 2757 2
5441 6445 2
5266 6445 2
6445 3246 2
3488 6445 2
6445 4084 2
6445 3582 2
6445 5768 2
6445 1558 2
6445 2089 2
6445 710 2
5191 6445 2
6445 866 2
6445 4800 2
6479 6445 2
6445 5492 2
6445 2346 2
6445 4644 2
6445 2115 2
6445 6428 2
4516 6445 2
6445 5910 2
558 6445 2
6445 4078 2
6445 4408 2
6445 2720 2
6445 3147 2
6445 4602 2
6445 5773 2
6445 3195 2
5341 6445 2
4954 6445 2
6445 3749 2
1369 6445 2
935 6445 2
6445 2277 2
696 6445 2
6445 5283 2
4532 6445 2
6445 6097 2
6445 4391 2
6445 3216 2
6445 284 2
3325 6445 2
6445 3935 2
5184 6445 2
6275 6445 2
6445 542 2
6445 4260 2
3869 6445 2
2737 6445 2
6445 5929 2
1704 6445 2
6445 1879 2
1829 6445 2
2802 6445 2
6445 4994 2
6445 421 2
6445 2502 2
6445 4287 2
4028 6445 2
6445 928 2
6445 5605 2
372 6445 2
6464 6445 2
1930 6445 2
6445 3667 2
3227 6445 2
1054 6445 2
881 6445 2
4286 6445 2
5494 6445 2
6445 6508 2
1837 6445 2
3473 6445 2
6445 3804 2
6445 3982 2
6445 1724 2
6522 6445 2
6445 3925 2
5503 6445 2
6445 5138 2
2736 6445 2
6445 5178 2
3029 6445 2
648 6445 2
893 6445 2
6445 2438 2
6445 1379 2
5987 6445 2
6445 2257 2
6445 6245 2
53 6445 2
6445 5860 2
6445 607 2
6445 2041 2
2875 6445 2
6445 4 2
1469 6445 2
4856 6445 2
6445 3204 2
6445 1364 2
6445 2436 2
6445 4176 2
6445 2479 2
6445 2409 2
6445 336 2
2139 6445 2
6188 6445 2
500 6445 2
5069 6445 2
6445 5741 2
6445 5022 2
6445 243 2
6445 3563 2
6445 5732 2
4528 6445 2
6445 2475 2
6031 6445 2
4742 6445 2
6445 2729 2
6445 5993 2
6445 4825 2
3388 6445 2
6445 5703 2
6672 6445 2
6445 2393 2
6445 4559 2
6445 1619 2
6445 629 2
1480 6445 2
945 6445 2
6445 5969 2
6445 6340 2
6445 2902 2
6445 3232 2
6445 377 2
6445 3095 2
6445 3263 2
1030 6445 2
6445 943 2
6445 5531 2
6536 6445 2
6445 2420 2
1153 6445 2
6445 1164 2
6445 3511 2
6445 5411 2
6445 3092 2
1250 6445 2
6445 5754 2
1194 6445 2
6445 1606 2
6445 4038 2
268 6445 2
6199 6445 2
5947 6445 2
6445 5493 2
6445 3590 2
6445 3182 2
4423 6445 2
6445 4867 2
6445 293 2
5892 6445 2
6326 6445 2
911 6445 2
2572 6445 2
4984 6445 2
6445 2473 2
6445 1271 2
6445 248 2
6445 2236 2
2545 6445 2
6445 282 2
913 6445 2
6445 1304 2
6445 2441 2
6445 6531 2
6445 4696 2
6445 4717 2
728 6445 2
6445 5372 2
2205 6445 2
6445 1672 2
3000 6445 2
6445 4213 2
6445 1620 2
6445 2102 2
5861 6445 2
6445 2372 2
6445 2888 2
5666 6445 2
6445 3001 2
6445 775 2
564 6445 2
5094 6445 2
6445 1766 2
6445 6642 2
6445 3239 2
6445 6419 2
736 6445 2
6445 1265 2
6445 1634 2
4143 6445 2
6445 5246 2
5455 6445 2
6090 6445 2
2008 6445 2
2826 6445 2
1294 6445 2
6445 4773 2
2131 6445 2
6445 4452 2
3942 6445 2
5697 6445 2
6445 743 2
4608 6445 2
2467 6445 2
6445 453 2
5945 6445 2
5356 6445 2
203 6445 2
6445 1262 2
1010 6445 2
6445 175 2
1396 6445 2
6384 6445 2
6445 878 2
6445 304 2
6445 172 2
1637 6445 2
6445 2469 2
5161 6445 2
2740 6445 2
6445 3609 2
6445 6702 2
1597 6445 2
6445 5981 2
6445 5343 2
6445 347 2
6445 2120 2
6445 5044 2
2306 6445 2
6445 1189 2
6445 3829 2
6445 1458 2
4251 6445 2
6445 1811 2
223 6445 2
6445 4805 2
6445 3326 2
185 6445 2
4318 6445 2
6693 6445 2
6445 204 2
1669 6445 2
1895 6445 2
4917 6445 2
6445 1314 2
1081 6445 2
526 6445 2
6445 3230 2
780 6445 2
6445 3122 2
6445 985 2
6445 4474 2
1604 6445 2
3578 6445 2
3275 6445 2
1332 6445 2
2463 6445 2
6521 6445 2
6445 5778 2
6445 3055 2
6445 6770 2
5954 6445 2
3616 6445 2
6445 2870 2
227 6445 2
6445 4881 2
6445 2700 2
6445 4716 2
609 6445 2
6445 2877 2
5548 6445 2
5792 6445 2
6742 6445 2
1904 6445 2
6445 6491 2
4872 6445 2
6445 1874 2
6445 2843 2
6445 3130 2
6445 1632 2
6445 3979 2
6655 6445 2
546 6445 2
5 6445 2
6445 2375 2
5930 6445 2
6445 3088 2
2032 6445 2
6445 4351 2
6445 3184 2
3345 6445 2
3312 6445 2
2923 6445 2
6445 322 2
6445 1554 2
6445 785 2
917 6445 2
1771 6445 2
6445 1496 2
4896 6445 2
6445 2366 2
6445 1944 2
3352 6445 2
950 6445 2
3780 6445 2
1322 6445 2
2212 6445 2
6445 541 2
3620 6445 2
6445 4239 2
6445 151 2
1693 6445 2
6445 5824 2
6445 3166 2
6445 4651 2
3850 6445 2
6445 5130 2
6445 2427 2
196 6445 2
6445 4828 2
6445 3355 2
6445 3783 2
6445 2705 2
4701 6445 2
6445 568 2
3007 6445 2
6404 6445 2
6274 6445 2
6445 5709 2
1099 6445 2
6445 5098 2
6445 4266 2
6189 6445 2
6445 1175 2
6445 2192 2
6445 2732 2
3341 6445 2
6355 6445 2
2546 6445 2
1485 6445 2
3867 6445 2
5935 6445 2
2948 6445 2
6445 5693 2
6034 6445 2
6445 2916 2
5793 6445 2
2400 6445 2
6445 4942 2
6445 962 2
6445 709 2
1176 6445 2
5235 6445 2
2416 6445 2
5123 6445 2
4426 6445 2
6445 6525 2
4709 6445 2
6445 2448 2
4854 6445 2
6445 1499 2
5449 6445 2
5015 6445 2
365 6445 2
6445 4317 2
1640 6445 2
2426 6445 2
5066 6445 2
6445 6378 2
771 6445 2
5451 6445 2
485 6445 2
4193 6445 2
232 6445 2
4688 6445 2
4910 6445 2
4796 6445 2
2149 6445 2
5510 6445 2
6649 6445 2
4622 6445 2
6445 2140 2
4133 6445 2
3970 6445 2
819 6445 2
6658 6445 2
6445 4331 2
6445 4916 2
6445 5170 2
3900 6445 2
637 6445 2
6445 6645 2
6445 2162 2
6445 6288 2
5005 6445 2
1676 6445 2
1810 6445 2
189 6445 2
6445 1486 2
6445 4787 2
6445 2179 2
4277 6445 2
5745 6445 2
6445 362 2
6445 4086 2
5437 6445 2
2147 6445 2
6445 4784 2
6445 2831 2
5353 6445 2
6445 3525 2
6445 4202 2
1525 6445 2
6445 6218 2
3945 6445 2
6445 2045 2
6445 2731 2
5730 6445 2
6445 1248 2
2070 6445 2
6445 4840 2
1546 6445 2
4276 6445 2
83 6445 2
6445 4485 2
6445 937 2
6445 618 2
6445 6590 2
6445 5951 2
1337 6445 2
6445 216 2
3702 6445 2
2007 6445 2
3819 6445 2
5456 6445 2
6445 4577 2
5228 6445 2
6007 6445 2
6445 4612 2
920 6445 2
6445 2075 2
3903 6445 2
6445 2361 2
6445 4708 2
1055 6445 2
6445 272 2
5414 6445 2
6278 6445 2
6445 3485 2
3462 6445 2
6445 4703 2
6445 2555 2
6445 3160 2
2804 6445 2
6445 6250 2
6445 26 2
3504 6445 2
6445 4429 2
6445 4927 2
6445 6054 2
6445 2087 2
6445 5142 2
1192 6445 2
5688 6445 2
6445 5384 2
6678 6445 2
6445 2977 2
3030 6445 2
6445 4997 2
6445 6364 2
4111 6445 2
6445 1831 2
1833 6445 2
6445 7 2
5278 6445 2
5417 6445 2
6445 6341 2
3173 6445 2
422 6445 2
4412 6445 2
6445 2924 2
6407 6445 2
6445 2446 2
2638 6445 2
1737 6445 2
5781 6445 2
691 6445 2
576 6445 2
6445 2300 2
2223 6445 2
2095 6445 2
5063 6445 2
3003 6445 2
1927 6445 2
6445 2655 2
6445 1013 2
6445 4405 2
6638 6445 2
6445 4131 2
6445 2969 2
2389 6445 2
1823 6445 2
6445 6307 2
3200 6445 2
3685 6445 2
6749 6445 2
6451 6445 2
3825 6445 2
36 6445 2
6445 1230 2
1451 6445 2
6445 5891 2
5739 6445 2
2353 6445 2
6445 1062 2
3067 6445 2
6445 3260 2
6445 5509 2
6445 2644 2
6445 1447 2
6445 5399 2
1855 6445 2
3820 6445 2
6445 5468 2
2522 6445 2
1524 6445 2
6445 1715 2
6445 369 2
6445 1096 2
6445 5816 2
6445 5919 2
1731 6445 2
5985 6445 2
6445 575 2
884 6445 2
6445 1368 2
3498 6445 2
5466 6445 2
6445 1475 2
6445 6360 2
954 6445 2
6445 6568 2
6445 1563 2
6445 1330 2
6317 6445 2
6445 959 2
3257 6445 2
6445 6560 2
6616 6445 2
6445 2352 2
2806 6445 2
31 6445 2
6126 6445 2
1997 6445 2
6445 606 2
6445 3047 2
6445 3846 2
6445 764 2
3598 6445 2
1780 6445 2
6445 4353 2
6445 4040 2
2512 6445 2
471 6445 2
3028 6445 2
6445 942 2
4307 6445 2
6396 6445 2
6445 5300 2
1386 6445 2
5082 6445 2
6445 4552 2
4148 6445 2
4228 6445 2
6445 279 2
3637 6445 2
5251 6445 2
6445 2322 2
3011 6445 2
1787 6445 2
4667 6445 2
2963 6445 2
2443 6445 2
2472 6445 2
6445 2835 2
6445 4324 2
6445 4878 2
6385 6445 2
307 6445 2
6534 6445 2
6445 4809 2
2566 6445 2
5752 6445 2
6445 5763 2
1781 6445 2
3988 6445 2
3965 6445 2
6692 6445 2
2397 6445 2
6445 6606 2
2248 6445 2
4897 6445 2
6445 5983 2
6445 6262 2
6445 2824 2
6445 21 2
863 6445 2
6445 869 2
3645 6445 2
6445 1822 2
4653 6445 2
6445 5979 2
6445 2451 2
6445 3877 2
1915 6445 2
3058 6445 2
5021 6445 2
6445 5307 2
6445 4823 2
4879 6445 2
6445 6644 2
2613 6445 2
6445 4376 2
92 6445 2
2646 6445 2
6445 2376 2
6445 385 2
6445 2405 2
867 6445 2
3999 6445 2
6023 6445 2
6445 2915 2
4293 6445 2
6445 2142 2
5660 6445 2
6445 4690 2
6445 974 2
6445 4000 2
3171 6445 2
2450 6445 2
6445 6209 2
6445 2850 2
6445 4102 2
4383 6445 2
6445 2071 2
1179 6445 2
6445 2836 2
2324 6445 2
1048 6445 2
6445 3317 2
3682 6445 2
6445 1076 2
3167 6445 2
6445 3501 2
2136 6445 2
6318 6445 2
6445 4492 2
6453 6445 2
6445 3512 2
6445 5775 2
5895 6445 2
4588 6445 2
6445 5471 2
6445 6202 2
1012 6445 2
6445 265 2
6445 1174 2
6445 5394 2
494 6445 2
6304 6445 2
6445 6182 2
4184 6445 2
4894 6445 2
4737 6445 2
6445 497 2
6445 4122 2
2628 6445 2
6445 414 2
973 6445 2
4328 6445 2
3678 6445 2
6445 6312 2
4554 6445 2
6445 1418 2
3415 6445 2
5966 6445 2
6445 574 2
4749 6445 2
6445 1577 2
6445 4261 2
2701 6445 2
6445 4491 2
3179 6445 2
6445 4922 2
6445 5524 2
3962 6445 2
6445 2914 2
4513 6445 2
6445 5828 2
6445 892 2
6445 4979 2
6445 885 2
6445 3364 2
6445 6392 2
4192 6445 2
303 6445 2
6445 3566 2
2021 6445 2
6445 54 2
6500 6445 2
6445 6149 2
5172 6445 2
6445 3993 2
3503 6445 2
6445 2979 2
6445 5045 2
6445 4022 2
6445 4803 2
6445 3628 2
5970 6445 2
4210 6445 2
6445 1101 2
6445 6069 2
6445 4062 2
569 6445 2
5479 6445 2
6445 6608 2
1762 6445 2
683 6445 2
6445 4864 2
6445 1340 2
5680 6445 2
3333 6445 2
6445 3555 2
6445 5302 2
4932 6445 2
4301 6445 2
6546 6445 2
3538 6445 2
408 6445 2
6445 5412 2
1661 6445 2
6195 6445 2
2587 6445 2
6445 4731 2
2101 6445 2
6445 6675 2
1595 6445 2
2180 6445 2
6445 6390 2
1061 6445 2
4124 6445 2
6445 3779 2
1292 6445 2
1422 6445 2
1500 6445 2
3513 6445 2
6445 632 2
6158 6445 2
2801 6445 2
6445 1990 2
6445 1124 2
6445 6103 2
3031 6445 2
6445 5835 2
6445 4344 2
6445 1954 2
4216 6445 2
6445 5148 2
6445 2371 2
6445 1455 2
3681 6445 2
1424 6445 2
3752 6445 2
5539 6445 2
3373 6445 2
824 6445 2
6728 6445 2
6445 1553 2
6445 5093 2
6445 167 2
6445 5560 2
2202 6445 2
6445 523 2
6445 332 2
4591 6445 2
4795 6445 2
6445 1656 2
4625 6445 2
6445 1548 2
4563 6445 2
6445 28 2
6059 6445 2
6445 2360 2
6445 426 2
6445 3581 2
6445 490 2
6445 5370 2
6445 1022 2
5192 6445 2
5506 6445 2
3102 6445 2
3422 6445 2
3408 6445 2
6445 615 2
6445 3392 2
6445 128 2
6445 1393 2
514 6445 2
6445 73 2
4844 6445 2
6445 4140 2
6445 5638 2
6445 1664 2
6445 5472 2
6445 492 2
6445 3971 2
4745 6445 2
6445 6153 2
6445 3883 2
6445 1570 2
6445 1169 2
6445 6499 2
6445 1914 2
1297 6445 2
6380 6445 2
505 6445 2
6445 4445 2
2708 6445 2
6445 5517 2
6445 4677 2
6445 1827 2
6445 398 2
6445 1380 2
6445 6611 2
2135 6445 2
2654 6445 2
6445 5518 2
6445 3458 2
4525 6445 2
224 6445 2
6445 2056 2
4603 6445 2
3589 6445 2
4986 6445 2
6445 3222 2
6593 6445 2
6445 2663 2
6445 469 2
1886 6445 2
6445 4138 2
6445 275 2
305 6445 2
6445 5585 2
6445 4882 2
343 6445 2
6445 4280 2
5470 6445 2
4153 6445 2
6445 1134 2
3570 6445 2
5953 6445 2
6445 20 2
2165 6445 2
3947 6445 2
6445 2778 2
1962 6445 2
6447 6445 2
6445 2839 2
418 6445 2
6445 6459 2
5135 6445 2
2474 6445 2
6445 5377 2
3661 6445 2
6445 3980 2
2098 6445 2
6445 1866 2
6735 6445 2
2614 6445 2
6445 4229 2
6445 5039 2
6445 529 2
6445 3713 2
6445 2759 2
5367 6445 2
5696 6445 2
6445 3640 2
6445 4027 2
6445 5911 2
6445 551 2
4841 6445 2
6445 5116 2
6445 5819 2
6445 6697 2
6093 6445 2
6445 5554 2
6445 4850 2
5325 6445 2
6445 1191 2
6445 799 2
1871 6445 2
1854 6445 2
6445 6621 2
6445 455 2
1196 6445 2
3347 6445 2
3286 6445 2
798 6445 2
354 6445 2
4320 6445 2
3704 6445 2
2343 6445 2
3107 6445 2
6596 6445 2
6445 2745 2
682 6445 2
6445 2744 2
5358 6445 2
6445 2242 2
6066 6445 2
4181 6445 2
5862 6445 2
6445 5836 2
6445 6570 2
493 6445 2
6076 6445 2
2359 6445 2
6445 2325 2
6445 1229 2
6445 6474 2
6445 2167 2
6445 6517 2
5893 6445 2
6297 6445 2
6445 6370 2
3844 6445 2
4595 6445 2
6445 4951 2
3114 6445 2
4512 6445 2
140 6445 2
6445 1804 2
3745 6445 2
6445 3885 2
3377 6445 2
6757 6445 2
1266 6445 2
6445 4660 2
6445 5837 2
6445 146 2
6445 4294 2
3684 6445 2
6445 465 2
4875 6445 2
6445 4752 2
3456 6445 2
6445 420 2
6445 5181 2
6576 6445 2
875 6445 2
3291 6445 2
4542 6445 2
6303 6445 2
6445 6587 2
6445 1089 2
6445 5923 2
6488 6445 2
6445 6548 2
6445 4465 2
2251 6445 2
2743 6445 2
6445 4070 2
3344 6445 2
6445 4718 2
6445 5311 2
6445 1434 2
4058 6445 2
6445 5913 2
4041 6445 2
1046 6445 2
6445 147 2
4137 6445 2
4064 6445 2
1716 6445 2
6445 2866 2
6445 5481 2
1327 6445 2
1361 6445 2
4953 6445 2
43 6445 2
2748 6445 2
5011 6445 2
6445 4965 2
6445 1215 2
6445 2485 2
6445 2808 2
6445 2185 2
1315 6445 2
6445 1935 2
6445 113 2
6445 6194 2
3650 6445 2
5542 6445 2
6736 6445 2
6445 6545 2
6445 6111 2
4842 6445 2
478 6445 2
5978 6445 2
6445 3190 2
6445 134 2
6766 6445 2
6445 6399 2
2487 6445 2
100 6445 2
6445 5681 2
1774 6445 2
5415 6445 2
6445 1905 2
5072 6445 2
6445 3384 2
4759 6445 2
6445 5633 2
5520 6445 2
6445 6008 2
2590 6445 2
6445 1801 2
6445 2370 2
6445 870 2
2812 6445 2
6445 5869 2
6445 4495 2
4470 6445 2
6445 6117 2
6445 6561 2
4101 6445 2
4439 6445 2
6445 718 2
6445 1095 2
6445 860 2
6445 1201 2
6445 4977 2
6445 5546 2
6445 1280 2
5630 6445 2
708 6445 2
6445 6669 2
2834 6445 2
6445 1541 2
1873 6445 2
2396 6445 2
1437 6445 2
3284 6445 2
3664 6445 2
6143 6445 2
6445 6065 2
6445 5488 2
484 6445 2
6445 5759 2
6445 5298 2
899 6445 2
6445 3809 2
1286 6445 2
5654 6445 2
6445 77 2
6445 5669 2
6445 6552 2
6445 3540 2
6445 3006 2
6445 1109 2
6445 3717 2
5877 6445 2
6445 2751 2
6445 1027 2
6445 324 2
1898 6445 2
6445 601 2
5656 6445 2
6445 2849 2
6445 1316 2
163 6445 2
6445 4198 2
6253 6445 2
653 6445 2
6445 1851 2
1725 6445 2
815 6445 2
3559 6445 2
105 6445 2
6445 6074 2
3074 6445 2
210 6445 2
621 6445 2
1592 6445 2
6445 2074 2
2887 6445 2
6445 1450 2
2867 6445 2
6409 6445 2
6445 5587 2
4424 6445 2
6445 4556 2
6445 2693 2
2013 6445 2
6445 4315 2
481 6445 2
6020 6445 2
2028 6445 2
742 6445 2
6445 2321 2
6445 104 2
6445 2998 2
2538 6445 2
6445 5006 2
3434 6445 2
6445 4219 2
2793 6445 2
6445 4811 2
6425 6445 2
6445 4815 2
804 6445 2
4104 6445 2
6445 135 2
3297 6445 2
2540 6445 2
6472 6445 2
6445 1477 2
6729 6445 2
1783 6445 2
13 6445 2
4297 6445 2
591 6445 2
6445 363 2
3746 6445 2
191 6445 2
6281 6445 2
3733 6445 2
3505 6445 2
6445 6286 2
1263 6445 2
2029 6445 2
4237 6445 2
2883 6445 2
6445 6412 2
3760 6445 2
4020 6445 2
6445 2068 2
4045 6445 2
5448 6445 2
2323 6445 2
6445 3078 2
6445 331 2
6445 467 2
6352 6445 2
4940 6445 2
6445 5957 2
6445 3911 2
2982 6445 2
6445 5277 2
6445 4223 2
3995 6445 2
201 6445 2
6445 2815 2
6445 6377 2
6358 6445 2
915 6445 2
1493 6445 2
6073 6445 2
2669 6445 2
752 6445 2
5661 6445 2
3123 6445 2
6445 2668 2
1384 6445 2
6445 3120 2
6445 1916 2
6445 4468 2
2554 6445 2
6445 1445 2
1650 6445 2
1239 6445 2
5825 6445 2
6445 787 2
2344 6445 2
252 6445 2
5360 6445 2
4876 6445 2
6445 2181 2
4568 6445 2
2936 6445 2
6445 345 2
6445 1212 2
3040 6445 2
5127 6445 2
4272 6445 2
6445 3146 2
6445 3290 2
3152 6445 2
6445 5829 2
4180 6445 2
549 6445 2
812 6445 2
14 6445 2
4374 6445 2
4060 6445 2
6445 176 2
6445 4487 2
6445 6277 2
6445 177 2
3826 6445 2
3927 6445 2
6426 6445 2
5453 6445 2
6445 4201 2
6445 555 2
6445 2694 2
3125 6445 2
5808 6445 2
4258 6445 2
6446 6445 2
5362 6445 2
2928 6445 2
6445 3101 2
6445 6233 2
903 6445 2
6350 6445 2
4769 6445 2
6445 5691 2
6445 828 2
4650 6445 2
6445 2047 2
6445 1075 2
5733 6445 2
5900 6445 2
6445 1497 2
6042 6445 2
6445 595 2
6445 5922 2
6445 5724 2
6445 6284 2
4662 6445 2
6445 1942 2
3189 6445 2
1544 6445 2
5807 6445 2
4421 6445 2
6445 658 2
6445 1545 2
4920 6445 2
5204 6445 2
6445 5588 2
6445 1674 2
588 6445 2
6445 3724 2
6445 5974 2
6445 5348 2
6445 904 2
6445 794 2
3567 6445 2
6445 5881 2
6445 2331 2
6445 1844 2
6445 1951 2
6445 3899 2
6138 6445 2
5534 6445 2
6445 4393 2
3105 6445 2
6683 6445 2
5028 6445 2
3771 6445 2
3723 6445 2
6445 6328 2
6445 1125 2
725 6445 2
6445 5992 2
6445 6002 2
6445 2961 2
5306 6445 2
206 6445 2
6445 6336 2
6445 5519 2
1667 6445 2
6745 6445 2
6445 3262 2
3170 6445 2
6445 4019 2
6445 3677 2
6445 2063 2
6696 6445 2
6445 335 2
6445 262 2
6445 3698 2
4933 6445 2
1828 6445 2
6445 5140 2
5202 6445 2
6445 2285 2
6445 2295 2
5567 6445 2
2289 6445 2
6445 2121 2
6050 6445 2
6365 6445 2
6445 120 2
1848 6445 2
5800 6445 2
6445 1684 2
6445 3094 2
6445 1897 2
6445 5794 2
851 6445 2
6445 1374 2
3075 6445 2
6445 4557 2
6445 5333 2
6445 2328 2
6445 2145 2
4488 6445 2
6445 3066 2
5122 6445 2
12 6445 2
417 6445 2
6445 3983 2
6445 5025 2
827 6445 2
6445 4682 2
6445 4417 2
3294 6445 2
6571 6445 2
6445 3577 2
6756 6445 2
767 6445 2
5914 6445 2
6445 4793 2
6445 3205 2
6445 2909 2
6445 4442 2
5694 6445 2
6445 4292 2
6445 6056 2
3845 6445 2
6445 1559 2
6445 5299 2
6445 3272 2
6445 2437 2
6445 1877 2
6445 1532 2
6445 1509 2
2985 6445 2
844 6445 2
6445 2367 2
6445 1682 2
329 6445 2
5779 6445 2
6445 5962 2
5078 6445 2
5657 6445 2
6445 1047 2
6445 2461 2
6072 6445 2
1479 6445 2
6445 2044 2
6445 1582 2
966 6445 2
6445 1231 2
5676 6445 2
5787 6445 2
6445 5569 2
97 6445 2
6445 5963 2
1814 6445 2
6445 3251 2
1342 6445 2
1049 6445 2
6445 921 2
6445 5702 2
6445 1275 2
6445 338 2
6445 1651 2
6445 381 2
4214 6445 2
6445 3839 2
6445 3069 2
5428 6445 2
6445 5158 2
6445 856 2
6445 1547 2
3974 6445 2
4471 6445 2
6445 5573 2
6445 747 2
5948 6445 2
6445 1538 2
1011 6445 2
2816 6445 2
6445 3558 2
6445 3790 2
6445 46 2
4991 6445 2
5097 6445 2
6445 6142 2
6445 3916 2
6445 1131 2
679 6445 2
6052 6445 2
6445 1701 2
6445 4217 2
6445 965 2
6445 5478 2
1329 6445 2
6445 3273 2
6445 2901 2
308 6445 2
6445 1928 2
6445 2042 2
5378 6445 2
6445 6562 2
3602 6445 2
6445 1949 2
2026 6445 2
636 6445 2
6445 1718 2
6445 6333 2
5809 6445 2
6445 1404 2
6445 1516 2
6445 5374 2
6445 2146 2
2611 6445 2
6445 1910 2
6445 2728 2
6445 1073 2
6445 496 2
6445 2500 2
5031 6445 2
2805 6445 2
4231 6445 2
5458 6445 2
6445 5156 2
6445 4711 2
6445 4576 2
4436 6445 2
6408 6445 2
6445 877 2
6445 5552 2
3169 6445 2
2582 6445 2
1711 6445 2
1171 6445 2
1391 6445 2
6445 4637 2
6445 2550 2
6445 3683 2
6445 6668 2
3163 6445 2
6445 164 2
583 6445 2
2865 6445 2
4967 6445 2
6445 39 2
6445 4323 2
1365 6445 2
6445 1492 2
6445 2519 2
6504 6445 2
6445 4118 2
1638 6445 2
6445 2363 2
6445 1441 2
3379 6445 2
2471 6445 2
3827 6445 2
4579 6445 2
444 6445 2
4710 6445 2
4705 6445 2
2330 6445 2
6445 597 2
6445 251 2
6445 6087 2
6445 586 2
6445 1794 2
4186 6445 2
6445 6121 2
6445 1116 2
5071 6445 2
6445 3837 2
5996 6445 2
4902 6445 2
3300 6445 2
1913 6445 2
6445 2612 2
3482 6445 2
6445 4333 2
6197 6445 2
6445 5989 2
6445 301 2
6445 5557 2
1738 6445 2
6445 1868 2
261 6445 2
6445 4755 2
6445 2624 2
3267 6445 2
3714 6445 2
6667 6445 2
1428 6445 2
1367 6445 2
6445 5718 2
6445 2696 2
6445 6159 2
6342 6445 2
2840 6445 2
3363 6445 2
6445 2973 2
6445 4375 2
2830 6445 2
3244 6445 2
6445 4814 2
5203 6445 2
6445 582 2
6445 2588 2
4540 6445 2
6445 4018 2
6445 1394 2
228 6445 2
6445 694 2
3121 6445 2
1232 6445 2
3313 6445 2
1069 6445 2
6445 2175 2
6445 556 2
801 6445 2
6445 5971 2
6171 6445 2
6445 4615 2
1335 6445 2
6445 1936 2
6445 3958 2
71 6445 2
3871 6445 2
6445 5347 2
6445 4023 2
5096 6445 2
6445 886 2
6445 5427 2
1122 6445 2
6445 5433 2
6445 1824 2
4573 6445 2
5648 6445 2
6445 537 2
33 6445 2
1295 6445 2
2439 6445 2
6325 6445 2
6445 3082 2
6445 511 2
2422 6445 2
6445 1512 2
4278 6445 2
6454 6445 2
6445 5975 2
6445 4607 2
4611 6445 2
1917 6445 2
6395 6445 2
6445 6118 2
4006 6445 2
6154 6445 2
5671 6445 2
5183 6445 2
6445 3694 2
6445 5214 2
6445 5369 2
1017 6445 2
6445 6582 2
2561 6445 2
5388 6445 2
842 6445 2
6445 6503 2
2640 6445 2
3329 6445 2
6445 6450 2
1207 6445 2
6445 6470 2
6445 1244 2
6445 3399 2
6445 1510 2
6445 1208 2
6445 5186 2
910 6445 2
703 6445 2
988 6445 2
197 6445 2
5286 6445 2
4052 6445 2
4830 6445 2
6445 6482 2
605 6445 2
6445 4050 2
2943 6445 2
6445 4686 2
5224 6445 2
890 6445 2
6445 6480 2
3652 6445 2
6445 380 2
78 6445 2
3463 6445 2
3700 6445 2
6445 1533 2
4633 6445 2
6445 2837 2
242 6445 2
6445 2771 2
4103 6445 2
6445 2237 2
6445 3711 2
6445 969 2
3648 6445 2
6445 6594 2
2382 6445 2
4754 6445 2
6445 371 2
6445 6225 2
6386 6445 2
6445 4354 2
3568 6445 2
6445 2470 2
6445 3922 2
32 6445 2
6662 6445 2
3585 6445 2
1268 6445 2
6445 557 2
552 6445 2
4863 6445 2
4714 6445 2
6445 3442 2
2457 6445 2
96 6445 2
3423 6445 2
4447 6445 2
952 6445 2
6445 5880 2
6445 4416 2
3969 6445 2
6445 999 2
296 6445 2
6445 5054 2
1839 6445 2
6445 4355 2
6445 2462 2
3622 6445 2
2304 6445 2
2665 6445 2
6445 6620 2
6445 1590 2
6445 1204 2
6445 3012 2
6445 4900 2
6445 3557 2
6445 3673 2
6445 79 2
6445 1770 2
6445 4450 2
6445 2817 2
6445 433 2
6445 2807 2
6445 3212 2
266 6445 2
4248 6445 2
2575 6445 2
6445 2496 2
6445 1870 2
6445 6505 2
6445 1956 2
2564 6445 2
6445 594 2
777 6445 2
4134 6445 2
6445 4053 2
2010 6445 2
6445 1225 2
6445 495 2
4819 6445 2
6445 2269 2
6445 260 2
6445 3050 2
6445 5750 2
6445 4697 2
3778 6445 2
6445 6495 2
6445 6030 2
5729 6445 2
6445 1683 2
6573 6445 2
6445 2907 2
6445 4912 2
880 6445 2
6445 5998 2
5152 6445 2
2228 6445 2
6006 6445 2
6445 2160 2
4877 6445 2
3427 6445 2
6469 6445 2
2495 6445 2
6445 3098 2
6445 3193 2
6741 6445 2
6445 463 2
6445 5345 2
6539 6445 2
6445 3696 2
6445 3480 2
219 6445 2
1414 6445 2
6445 1462 2
6445 2603 2
445 6445 2
2104 6445 2
3158 6445 2
6248 6445 2
6445 3847 2
6445 5293 2
6445 5000 2
6445 4306 2
6445 4663 2
6445 3154 2
6445 1602 2
4264 6445 2
6445 997 2
6445 6575 2
6730 6445 2
6445 5655 2
390 6445 2
6139 6445 2
6445 2645 2
6445 1273 2
6445 829 2
6445 4852 2
4129 6445 2
6445 461 2
2779 6445 2
6445 967 2
6445 968 2
6445 2053 2
4985 6445 2
1431 6445 2
2578 6445 2
811 6445 2
6445 5601 2
3208 6445 2
6445 4553 2
3963 6445 2
3574 6445 2
6445 3393 2
6445 5784 2
6445 4325 2
6445 1740 2
6445 4077 2
6445 850 2
2262 6445 2
4816 6445 2
6445 3433 2
4594 6445 2
6445 2930 2
753 6445 2
6445 459 2
6445 6680 2
6445 2320 2
6445 3701 2
2818 6445 2
6271 6445 2
6445 3080 2
6445 4721 2
276 6445 2
6445 222 2
6445 4098 2
220 6445 2
1633 6445 2
6445 1439 2
5572 6445 2
6445 1695 2
5310 6445 2
5056 6445 2
6445 1841 2
515 6445 2
6445 56 2
6445 3400 2
6445 3254 2
603 6445 2
6445 1041 2
6445 4765 2
6445 2245 2
2797 6445 2
6445 1128 2
3732 6445 2
6445 326 2
2046 6445 2
6445 2860 2
6445 368 2
6445 2004 2
6445 3025 2
1261 6445 2
5931 6445 2
6445 1542 2
6445 498 2
6445 1527 2
6445 6257 2
1198 6445 2
6445 6509 2
6445 6435 2
6445 1758 2
6445 5540 2
6739 6445 2
6137 6445 2
2903 6445 2
5925 6445 2
6445 1473 2
6445 1277 2
948 6445 2
3214 6445 2
5737 6445 2
6445 6711 2
6445 1071 2
1817 6445 2
6445 2153 2
882 6445 2
714 6445 2
6445 3351 2
6445 443 2
4441 6445 2
4132 6445 2
6445 980 2
245 6445 2
6445 4402 2
6445 6462 2
6445 795 2
1317 6445 2
5973 6445 2
4209 6445 2
218 6445 2
6445 2130 2
4173 6445 2
6445 1325 2
4431 6445 2
6445 2456 2
6780 6445 2
6445 589 2
1776 6445 2
6445 1980 2
3992 6445 2
6445 961 2
4726 6445 2
6035 6445 2
6445 5419 2
310 6445 2
6750 6445 2
6445 4481 2
6445 975 2
4332 6445 2
6445 6110 2
6445 539 2
6445 3876 2
616 6445 2
6445 6564 2
234 6445 2
3526 6445 2
5650 6445 2
6445 1227 2
6445 5888 2
6445 4704 2
384 6445 2
6445 114 2
6445 1660 2
3072 6445 2
6445 4299 2
2951 6445 2
6151 6445 2
1756 6445 2
3824 6445 2
6445 5621 2
474 6445 2
5446 6445 2
6445 5928 2
2270 6445 2
6445 6040 2
6445 4051 2
6445 5726 2
1442 6445 2
5496 6445 2
2984 6445 2
6282 6445 2
6445 1919 2
4285 6445 2
6445 5055 2
783 6445 2
6445 5958 2
6445 2085 2
6445 4415 2
4648 6445 2
4957 6445 2
6445 2478 2
6445 2571 2
4434 6445 2
1387 6445 2
6445 2864 2
5532 6445 2
1472 6445 2
340 6445 2
512 6445 2
6445 1793 2
6445 3910 2
5359 6445 2
6345 6445 2
6445 651 2
6445 2952 2
6220 6445 2
3104 6445 2
6445 1575 2
6445 1040 2
6445 5959 2
6445 1482 2
6445 1272 2
3481 6445 2
404 6445 2
6445 4630 2
1617 6445 2
6445 239 2
6445 2528 2
6445 5036 2
2511 6445 2
5109 6445 2
6445 6625 2
6445 2607 2
1588 6445 2
3880 6445 2
5591 6445 2
6445 2341 2
3865 6445 2
6445 2897 2
1400 6445 2
6445 3175 2
3018 6445 2
6445 1622 2
6445 6643 2
6445 1324 2
6445 3766 2
6167 6445 2
6725 6445 2
5440 6445 2
6445 2408 2
6445 2886 2
6445 4392 2
5706 6445 2
6421 6445 2
6445 3282 2
4321 6445 2
5154 6445 2
5704 6445 2
6133 6445 2
6445 4757 2
6445 2721 2
1697 6445 2
5402 6445 2
255 6445 2
3842 6445 2
6445 1466 2
1220 6445 2
3005 6445 2
6445 1243 2
6445 5508 2
6604 6445 2
6445 3255 2
208 6445 2
4367 6445 2
4572 6445 2
6445 4510 2
1567 6445 2
5104 6445 2
6445 2249 2
4606 6445 2
2403 6445 2
6445 2680 2
6445 1326 2
6778 6445 2
5487 6445 2
2966 6445 2
6445 1399 2
2217 6445 2
2591 6445 2
5032 6445 2
6445 990 2
6438 6445 2
6445 6067 2
1426 6445 2
6445 3375 2
2314 6445 2
415 6445 2
6445 5561 2
3575 6445 2
6445 6760 2
6445 4046 2
6445 3356 2
6445 5033 2
1779 6445 2
793 6445 2
194 6445 2
6445 1710 2
3687 6445 2
6445 68 2
4778 6445 2
6445 5110 2
2193 6445 2
4868 6445 2
6445 4929 2
6445 2318 2
148 6445 2
6445 5854 2
6445 6264 2
6445 6310 2
6445 3926 2
6445 2823 2
3817 6445 2
2238 6445 2
6445 320 2
4546 6445 2
80 6445 2
3197 6445 2
3187 6445 2
2505 6445 2
6445 510 2
6048 6445 2
6445 1084 2
6445 2641 2
3543 6445 2
1733 6445 2
6445 2064 2
6445 2364 2
6445 3314 2
6445 2468 2
6445 74 2
1282 6445 2
6445 3371 2
6445 4085 2
6445 1038 2
6445 2423 2
6445 5611 2
3346 6445 2
55 6445 2
1543 6445 2
6445 2853 2
6556 6445 2
6445 4343 2
6445 3915 2
6445 2082 2
6445 2627 2
6653 6445 2
6445 2176 2
6445 1973 2
3608 6445 2
6445 4989 2
6445 3129 2
2334 6445 2
6445 5206 2
6445 5652 2
6445 199 2
4955 6445 2
6445 6763 2
6369 6445 2
6445 6024 2
6241 6445 2
2601 6445 2
6445 399 2
6374 6445 2
4555 6445 2
6738 6445 2
4798 6445 2
6445 1341 2
5571 6445 2
6445 4316 2
6487 6445 2
281 6445 2
6445 2486 2
138 6445 2
6445 3132 2
6441 6445 2
6445 1526 2
5460 6445 2
3215 6445 2
6445 894 2
4478 6445 2
6445 4824 2
6445 6595 2
6445 1696 2
4160 6445 2
6445 4788 2
6445 181 2
6445 4072 2
6445 3295 2
2599 6445 2
3133 6445 2
6445 687 2
6445 4480 2
6445 4501 2
6445 716 2
4698 6445 2
6445 2785 2
6445 810 2
6445 1507 2
5541 6445 2
6445 1079 2
6445 2220 2
1749 6445 2
6445 4139 2
6417 6445 2
2507 6445 2
4362 6445 2
1840 6445 2
1321 6445 2
6445 3334 2
6445 2036 2
3631 6445 2
5124 6445 2
6445 5462 2
6445 139 2
339 6445 2
6445 3035 2
6445 800 2
6445 3669 2
2177 6445 2
977 6445 2
6445 2464 2
6445 1467 2
6445 3693 2
6445 4245 2
6445 2913 2
1872 6445 2
5844 6445 2
6445 914 2
6445 5088 2
1173 6445 2
6601 6445 2
6445 6771 2
1922 6445 2
2789 6445 2
6445 5521 2
6445 3953 2
6445 5756 2
3994 6445 2
6445 5918 2
6445 3789 2
6445 4895 2
1950 6445 2
4215 6445 2
6445 5484 2
6445 4466 2
6445 5799 2
6445 6249 2
3248 6445 2
1435 6445 2
3660 6445 2
6445 2296 2
6445 143 2
6445 1760 2
611 6445 2
1408 6445 2
6445 5258 2
2332 6445 2
6445 4993 2
6445 6743 2
6445 5856 2
6445 3649 2
6445 6440 2
580 6445 2
4598 6445 2
4381 6445 2
590 6445 2
6445 4652 2
5002 6445 2
6445 5254 2
763 6445 2
5668 6445 2
6445 5857 2
6445 1730 2
5436 6445 2
6445 1267 2
644 6445 2
6445 2066 2
5716 6445 2
6445 6338 2
852 6445 2
4529 6445 2
567 6445 2
157 6445 2
3822 6445 2
6481 6445 2
6445 2685 2
5165 6445 2
283 6445 2
3124 6445 2
585 6445 2
6542 6445 2
6413 6445 2
6445 2868 2
3647 6445 2
6445 554 2
6445 5530 2
3769 6445 2
1284 6445 2
5218 6445 2
6445 364 2
4373 6445 2
6445 2385 2
6445 1586 2
1144 6445 2
6445 4583 2
6445 5137 2
5727 6445 2
5115 6445 2
5233 6445 2
3337 6445 2
6445 6237 2
6445 2810 2
4504 6445 2
6445 1727 2
6445 3619 2
705 6445 2
6445 1728 2
3699 6445 2
6445 5146 2
6445 5034 2
3099 6445 2
3517 6445 2
1057 6445 2
6445 4813 2
3280 6445 2
6445 3296 2
1896 6445 2
6445 4273 2
6187 6445 2
6445 6028 2
6445 6214 2
1903 6445 2
6445 4319 2
6445 916 2
6445 3961 2
6445 2983 2
509 6445 2
6445 3093 2
4659 6445 2
1517 6445 2
410 6445 2
6623 6445 2
6445 5179 2
6445 3041 2
6445 2398 2
1729 6445 2
2191 6445 2
6445 4539 2
6445 3210 2
1790 6445 2
6445 4547 2
6445 2108 2
6445 532 2
6445 294 2
154 6445 2
940 6445 2
6337 6445 2
6445 1432 2
6445 3026 2
6445 6543 2
6566 6445 2
6445 1185 2
188 6445 2
5902 6445 2
6445 3419 2
6445 6283 2
6445 1478 2
3593 6445 2
38 6445 2
6155 6445 2
6445 2656 2
67 6445 2
3033 6445 2
4829 6445 2
5173 6445 2
6445 4802 2
6445 1121 2
6445 4330 2
6445 1488 2
6445 1456 2
6445 2583 2
3276 6445 2
3987 6445 2
6306 6445 2
6445 888 2
6445 4428 2
2225 6445 2
623 6445 2
6445 3523 2
6445 2214 2
6641 6445 2
6445 1836 2
5834 6445 2
6445 423 2
6445 5897 2
6445 2553 2
5018 6445 2
6445 5295 2
5084 6445 2
1699 6445 2
1888 6445 2
6445 2712 2
6445 2677 2
3431 6445 2
6445 3814 2
5894 6445 2
6445 5092 2
6445 3361 2
6633 6445 2
6445 2767 2
6460 6445 2
1471 6445 2
6445 4689 2
919 6445 2
2549 6445 2
6445 5840 2
6445 5385 2
2284 6445 2
5525 6445 2
561 6445 2
6445 3630 2
6445 4720 2
3460 6445 2
6445 548 2
6445 2525 2
6410 6445 2
6445 3556 2
6445 4545 2
6445 1816 2
5007 6445 2
6445 3932 2
782 6445 2
6445 6442 2
4535 6445 2
6445 5061 2
6585 6445 2
3203 6445 2
868 6445 2
5622 6445 2
2404 6445 2
678 6445 2
6445 6614 2
6445 2077 2
63 6445 2
6445 2527 2
6445 2862 2
1457 6445 2
434 6445 2
6445 6070 2
6445 58 2
6445 6305 2
6445 2845 2
476 6445 2
6445 3139 2
6746 6445 2
2782 6445 2
425 6445 2
5114 6445 2
6445 2037 2
6445 2742 2
6445 69 2
3019 6445 2
6445 5876 2
923 6445 2
6445 1461 2
6445 19 2
4702 6445 2
6695 6445 2
3111 6445 2
2623 6445 2
6445 4056 2
5879 6445 2
3864 6445 2
6445 1982 2
4175 6445 2
6445 1328 2
411 6445 2
6445 6497 2
4768 6445 2
6445 4893 2
3770 6445 2
6445 4944 2
6445 5651 2
6445 6016 2
6445 3576 2
4685 6445 2
5008 6445 2
4975 6445 2
3939 6445 2
6445 2055 2
6445 2734 2
6445 4831 2
6445 225 2
6445 4194 2
6567 6445 2
6445 193 2
6445 2686 2
5241 6445 2
6445 1666 2
1572 6445 2
6445 429 2
6445 2313 2
6445 2417 2
6445 4865 2
3951 6445 2
6445 2738 2
6445 2725 2
6445 1958 2
4339 6445 2
741 6445 2
1505 6445 2
6445 2556 2
6445 491 2
437 6445 2
6445 6062 2
6205 6445 2
3643 6445 2
1979 6445 2
6445 4974 2
6247 6445 2
142 6445 2
6445 5592 2
983 6445 2
5225 6445 2
6038 6445 2
6445 5558 2
5013 6445 2
6445 3454 2
1929 6445 2
3202 6445 2
6445 2910 2
6445 1245 2
2020 6445 2
4360 6445 2
3397 6445 2
328 6445 2
4604 6445 2
6434 6445 2
6445 3796 2
2476 6445 2
1366 6445 2
1846 6445 2
4031 6445 2
6445 1352 2
1310 6445 2
6445 2076 2
4034 6445 2
4433 6445 2
6445 3710 2
4797 6445 2
6445 3225 2
6397 6445 2
6445 5639 2
6445 1993 2
6394 6445 2
6445 5815 2
6445 874 2
3815 6445 2
1513 6445 2
758 6445 2
1237 6445 2
1655 6445 2
6445 978 2
724 6445 2
6445 5796 2
6445 5042 2
6445 2227 2
6445 6458 2
4519 6445 2
6445 4678 2
6445 697 2
6445 250 2
4762 6445 2
6445 1702 2
6445 3206 2
6445 6527 2
6445 1067 2
3697 6445 2
6445 4521 2
6445 4581 2
543 6445 2
6445 6302 2
4048 6445 2
5855 6445 2
6445 6177 2
6445 2558 2
6445 832 2
6099 6445 2
6445 6703 2
3452 6445 2
6445 173 2
6445 5946 2
5762 6445 2
6445 1037 2
373 6445 2
1850 6445 2
2684 6445 2
6445 5602 2
6445 3580 2
6445 3065 2
5256 6445 2
4469 6445 2
4349 6445 2
1555 6445 2
6445 3220 2
6445 6712 2
536 6445 2
6445 5090 2
5618 6445 2
6012 6445 2
1658 6445 2
23 6445 2
3396 6445 2
6445 672 2
1819 6445 2
2541 6445 2
4647 6445 2
6445 4756 2
6445 3521 2
6084 6445 2
6445 6654 2
6445 5024 2
4338 6445 2
5065 6445 2
6445 1881 2
6037 6445 2
6445 2196 2
5131 6445 2
6445 3372 2
2073 6445 2
6445 3941 2
6112 6445 2
6445 6705 2
6445 3679 2
3544 6445 2
6445 698 2
3924 6445 2
6445 1388 2
6445 3672 2
1502 6445 2
6445 4870 2
1654 6445 2
6445 2707 2
2159 6445 2
6445 4356 2
5708 6445 2
5193 6445 2
6445 3192 2
6445 6230 2
5164 6445 2
6445 162 2
4715 6445 2
6191 6445 2
1077 6445 2
6445 610 2
1170 6445 2
3441 6445 2
4460 6445 2
6445 2239 2
6445 187 2
805 6445 2
6445 830 2
6518 6445 2
3264 6445 2
1142 6445 2
3457 6445 2
5145 6445 2
938 6445 2
3808 6445 2
6541 6445 2
2698 6445 2
521 6445 2
5576 6445 2
5260 6445 2
6445 1236 2
5667 6445 2
5267 6445 2
1757 6445 2
6445 4530 2
1202 6445 2
6445 4259 2
6445 3591 2
6445 4014 2
6445 4162 2
6445 50 2
5765 6445 2
5048 6445 2
6445 5738 2
6445 3411 2
6445 2233 2
6445 75 2
256 6445 2
6445 4145 2
5387 6445 2
6445 3382 2
121 6445 2
3601 6445 2
6445 2577 2
6445 2912 2
6445 4467 2
6445 379 2
6445 2050 2
3258 6445 2
6445 4156 2
6445 153 2
6445 2358 2
3805 6445 2
6445 1110 2
5640 6445 2
6445 1627 2
3444 6445 2
751 6445 2
1986 6445 2
4066 6445 2
6445 818 2
5004 6445 2
992 6445 2
3068 6445 2
2727 6445 2
4290 6445 2
6445 3671 2
6445 1796 2
1105 6445 2
2099 6445 2
6445 2351 2
155 6445 2
6445 5933 2
2773 6445 2
2433 6445 2
6445 240 2
4106 6445 2
6445 1838 2
1349 6445 2
2263 6445 2
6445 6532 2
2885 6445 2
1015 6445 2
6445 6102 2
6445 1356 2
6445 3720 2
6445 6665 2
6445 472 2
4990 6445 2
6445 4817 2
6445 5853 2
6445 299 2
6445 2649 2
6445 664 2
6445 3268 2
5014 6445 2
994 6445 2
1371 6445 2
2129 6445 2
6445 4632 2
6445 6626 2
1722 6445 2
4517 6445 2
602 6445 2
1746 6445 2
6445 4859 2
6445 5606 2
2127 6445 2
2414 6445 2
6445 5523 2
6190 6445 2
3057 6445 2
3852 6445 2
6445 4448 2
762 6445 2
6445 1405 2
6445 6708 2
6445 4786 2
3096 6445 2
6445 2170 2
6445 1789 2
6445 3821 2
6445 396 2
6445 6330 2
2616 6445 2
6737 6445 2
2002 6445 2
6514 6445 2
6445 836 2
6445 927 2
5997 6445 2
6445 3828 2
6445 4300 2
3198 6445 2
6445 1755 2
3401 6445 2
6445 2350 2
454 6445 2
533 6445 2
6445 5243 2
1571 6445 2
6445 3668 2
6445 5062 2
6445 2673 2
6445 141 2
3709 6445 2
5409 6445 2
2061 6445 2
6445 3293 2
6445 1031 2
6445 991 2
6445 6382 2
5887 6445 2
3131 6445 2
2112 6445 2
4550 6445 2
930 6445 2
5545 6445 2
6329 6445 2
6445 6141 2
6445 3917 2
6455 6445 2
6445 3414 2
2749 6445 2
3751 6445 2
6445 1016 2
1395 6445 2
508 6445 2
1468 6445 2
6445 6156 2
1605 6445 2
6445 6492 2
6445 2941 2
6445 6001 2
6445 5129 2
6445 1347 2
2243 6445 2
5767 6445 2
2490 6445 2
6445 2547 2
6445 287 2
6523 6445 2
5747 6445 2
6445 2141 2
6445 346 2
6445 4645 2
6445 1861 2
6445 689 2
2604 6445 2
6734 6445 2
6445 3306 2
6445 6774 2
2703 6445 2
2791 6445 2
6445 1892 2
6445 1309 2
6445 3984 2
4655 6445 2
5664 6445 2
6445 3768 2
6445 4691 2
6445 765 2
419 6445 2
6445 2260 2
6445 5766 2
1490 6445 2
6445 389 2
1806 6445 2
6445 4289 2
4564 6445 2
3201 6445 2
6445 713 2
944 6445 2
4400 6445 2
6445 2025 2
547 6445 2
6445 1726 2
3905 6445 2
6445 3632 2
3365 6445 2
1720 6445 2
6445 3479 2
4477 6445 2
4090 6445 2
6445 1444 2
5570 6445 2
6445 6013 2
6445 6449 2
6445 677 2
559 6445 2
6445 2455 2
6707 6445 2
2739 6445 2
1506 6445 2
2799 6445 2
6445 3489 2
6445 5418 2
352 6445 2
6445 6387 2
1382 6445 2
6445 1301 2
6445 1300 2
6445 3013 2
2336 6445 2
6445 152 2
2659 6445 2
6445 2092 2
4155 6445 2
1200 6445 2
6445 2642 2
37 6445 2
1628 6445 2
6468 6445 2
4274 6445 2
3279 6445 2
3872 6445 2
6445 3464 2
4746 6445 2
1529 6445 2
6445 480 2
6445 4580 2
1900 6445 2
6445 4149 2
6445 520 2
2362 6445 2
6445 6666 2
6445 4774 2
5832 6445 2
2033 6445 2
6445 6764 2
6445 5613 2
4308 6445 2
4224 6445 2
6445 5537 2
1734 6445 2
6445 625 2
5597 6445 2
4009 6445 2
2253 6445 2
4509 6445 2
6445 502 2
2643 6445 2
2229 6445 2
6445 6246 2
6445 5600 2
1643 6445 2
6445 3196 2
6445 984 2
4747 6445 2
2084 6445 2
6445 5185 2
6445 572 2
6445 527 2
4719 6445 2
1890 6445 2
5059 6445 2
6445 1522 2
6445 1635 2
6445 4372 2
6445 2787 2
5580 6445 2
6445 1283 2
6445 4741 2
3156 6445 2
6445 2884 2
6445 3406 2
1894 6445 2
6445 4692 2
5074 6445 2
6445 4163 2
6120 6445 2
6445 5398 2
6445 1852 2
6445 1741 2
6445 3860 2
719 6445 2
3183 6445 2
4370 6445 2
4590 6445 2
3250 6445 2
1042 6445 2
6445 4640 2
681 6445 2
6445 2872 2
6445 4170 2
6762 6445 2
6445 2264 2
1791 6445 2
93 6445 2
6000 6445 2
6445 4110 2
2552 6445 2
6269 6445 2
6445 4107 2
3758 6445 2
6445 4166 2
6445 5769 2
6445 3618 2
5029 6445 2
6445 4035 2
5406 6445 2
6445 5422 2
5896 6445 2
2724 6445 2
3162 6445 2
6445 382 2
4908 6445 2
6445 4960 2
6445 111 2
6445 5068 2
6445 1540 2
6599 6445 2
6445 2280 2
6445 3247 2
6445 922 2
1821 6445 2
6445 3151 2
2271 6445 2
6445 627 2
1732 6445 2
2357 6445 2
5982 6445 2
6445 5839 2
3537 6445 2
4211 6445 2
1145 6445 2
6445 3774 2
5547 6445 2
6445 6402 2
6445 1489 2
6445 5898 2
6445 2764 2
6445 4496 2
6445 4178 2
6445 1487 2
3103 6445 2
6445 2272 2
4526 6445 2
6445 4666 2
3369 6445 2
6445 1924 2
6445 6615 2
6445 5351 2
6445 4605 2
6445 76 2
5627 6445 2
6445 5382 2
6485 6445 2
5903 6445 2
2110 6445 2
6445 2893 2
4638 6445 2
6445 6405 2
6445 1279 2
6445 3467 2
6445 3569 2
6445 2003 2
2593 6445 2
2091 6445 2
2190 6445 2
1721 6445 2
6445 2781 2
6445 30 2
5051 6445 2
4767 6445 2
6445 3692 2
2489 6445 2
2880 6445 2
6445 4907 2
1147 6445 2
4527 6445 2
6445 5220 2
817 6445 2
424 6445 2
6732 6445 2
6445 3757 2
6445 3756 2
6483 6445 2
4827 6445 2
1276 6445 2
2187 6445 2
6445 3308 2
3118 6445 2
5643 6445 2
939 6445 2
6445 6200 2
6717 6445 2
5942 6445 2
6445 6538 2
1446 6445 2
6445 5375 2
4203 6445 2
6445 1719 2
6445 6684 2
5480 6445 2
3172 6445 2
6445 3928 2
6445 3127 2
6445 2617 2
3991 6445 2
6445 6216 2
6445 3868 2
41 6445 2
4386 6445 2
1807 6445 2
6445 5261 2
900 6445 2
6445 3134 2
1964 6445 2
6445 4347 2
2986 6445 2
5986 6445 2
5340 6445 2
6445 5500 2
4937 6445 2
4479 6445 2
321 6445 2
6445 1797 2
4883 6445 2
6445 634 2
6445 3546 2
3595 6445 2
1036 6445 2
6445 5023 2
1039 6445 2
6445 4956 2
6445 2917 2
6445 2111 2
2052 6445 2
6290 6445 2
6445 2947 2
486 6445 2
5845 6445 2
3937 6445 2
6445 2568 2
1180 6445 2
6612 6445 2
3332 6445 2
337 6445 2
6445 778 2
6445 5722 2
6445 2995 2
6445 1624 2
6445 4506 2
1172 6445 2
3527 6445 2
6148 6445 2
3742 6445 2
6445 5812 2
662 6445 2
6445 2124 2
6445 1747 2
6445 6095 2
6445 1161 2
6445 993 2
6445 6574 2
4534 6445 2
3186 6445 2
258 6445 2
1406 6445 2
6445 6452 2
2827 6445 2
2766 6445 2
6445 4734 2
2996 6445 2
6445 5275 2
6445 2683 2
6445 3487 2
6445 786 2
475 6445 2
6445 2174 2
6445 1417 2
6445 4169 2
4152 6445 2
6445 3165 2
6445 3249 2
516 6445 2
5719 6445 2
862 6445 2
1518 6445 2
1765 6445 2
1745 6445 2
4271 6445 2
6445 4661 2
439 6445 2
6170 6445 2
6445 1044 2
6445 5712 2
6544 6445 2
300 6445 2
5562 6445 2
6445 3177 2
1712 6445 2
6445 1825 2
6445 2517 2
6445 2964 2
6445 6603 2
6445 1093 2
2978 6445 2
6445 3893 2
6445 3199 2
1494 6445 2
183 6445 2
3806 6445 2
5707 6445 2
6445 6322 2
6445 1259 2
1021 6445 2
6445 1636 2
1303 6445 2
1703 6445 2
6445 1932 2
6445 3554 2
2889 6445 2
6445 4943 2
1339 6445 2
6445 211 2
6445 6716 2
577 6445 2
6445 2608 2
5272 6445 2
1607 6445 2
6445 4978 2
4117 6445 2
1186 6445 2
6445 2735 2
721 6445 2
6445 1991 2
1333 6445 2
6445 4566 2
6445 2879 2
6445 2429 2
1826 6445 2
6445 2932 2
5538 6445 2
6445 706 2
712 6445 2
6445 6427 2
755 6445 2
673 6445 2
6445 2765 2
745 6445 2
3217 6445 2
3891 6445 2
5393 6445 2
5291 6445 2
6445 3367 2
6445 3237 2
4063 6445 2
3446 6445 2
6445 4401 2
5132 6445 2
4723 6445 2
6445 5934 2
6445 6512 2
4395 6445 2
6445 2311 2
180 6445 2
4409 6445 2
6445 4753 2
6618 6445 2
6445 3708 2
3261 6445 2
6445 4125 2
6445 4901 2
4404 6445 2
3906 6445 2
5491 6445 2
1362 6445 2
5200 6445 2
598 6445 2
6445 3787 2
6445 841 2
5308 6445 2
5444 6445 2
1539 6445 2
6445 3037 2
6445 4587 2
2014 6445 2
6445 6747 2
6445 2898 2
1139 6445 2
6445 3705 2
6445 872 2
5270 6445 2
6445 5143 2
6445 4222 2
2252 6445 2
6445 1967 2
6445 3635 2
1530 6445 2
3211 6445 2
1083 6445 2
3231 6445 2
6445 4327 2
2458 6445 2
397 6445 2
1901 6445 2
524 6445 2
289 6445 2
2126 6445 2
4988 6445 2
2869 6445 2
6445 1006 2
6445 5125 2
2838 6445 2
6445 1064 2
6445 1331 2
392 6445 2
768 6445 2
865 6445 2
3881 6445 2
3008 6445 2
855 6445 2
6445 3662 2
730 6445 2
6445 1119 2
6445 393 2
4410 6445 2
6445 126 2
2377 6445 2
6445 5147 2
6445 2386 2
946 6445 2
2543 6445 2
3919 6445 2
6445 5334 2
5988 6445 2
1350 6445 2
4384 6445 2
6445 3437 2
4780 6445 2
6445 1296 2
6445 4026 2
5058 6445 2
3956 6445 2
6445 6027 2
6445 3315 2
6445 2539 2
1307 6445 2
6445 3519 2
6445 259 2
3775 6445 2
6445 1992 2
1665 6445 2
550 6445 2
6445 1320 2
6445 3497 2
6445 5443 2
6314 6445 2
86 6445 2
6555 6445 2
6445 5848 2
6105 6445 2
1403 6445 2
6445 2034 2
5556 6445 2
6445 4345 2
6445 5198 2
6445 205 2
2929 6445 2
1994 6445 2
871 6445 2
6445 3721 2
6445 6162 2
840 6445 2
6445 5289 2
4057 6445 2
4128 6445 2
316 6445 2
6445 402 2
6445 4346 2
5339 6445 2
5742 6445 2
1809 6445 2
5381 6445 2
6445 359 2
5757 6445 2
6445 1865 2
5783 6445 2
6445 6346 2
6445 1830 2
2266 6445 2
6445 2373 2
1662 6445 2
3843 6445 2
6445 2620 2
6445 4987 2
6445 6025 2
1126 6445 2
6445 5920 2
6445 3061 2
6445 1952 2
6445 4727 2
3113 6445 2
6445 1557 2
6445 4733 2
1735 6445 2
1652 6445 2
6445 87 2
2719 6445 2
6445 5439 2
6445 1887 2
1707 6445 2
6445 639 2
6445 11 2
6445 6331 2
4494 6445 2
2058 6445 2
3491 6445 2
3807 6445 2
6445 4636 2
6445 4114 2
2261 6445 2
4508 6445 2
2521 6445 2
4296 6445 2
701 6445 2
6445 4425 2
5383 6445 2
6445 2574 2
6445 4518 2
5222 6445 2
6445 802 2
6445 200 2
6445 6106 2
2415 6445 2
6445 2697 2
5565 6445 2
2078 6445 2
5070 6445 2
6445 5357 2
5350 6445 2
6445 6061 2
6445 4548 2
1407 6445 2
6445 5187 2
6445 6279 2
6445 2054 2
5217 6445 2
6445 1940 2
269 6445 2
6445 631 2
6445 1677 2
6445 4142 2
6445 1188 2
5994 6445 2
5646 6445 2
6445 3909 2
6445 2011 2
6779 6445 2
6445 295 2
6445 6768 2
504 6445 2
665 6445 2
6445 5964 2
6445 1849 2
6445 499 2
6445 757 2
6445 3913 2
5867 6445 2
94 6445 2
6445 4268 2
431 6445 2
1978 6445 2
5774 6445 2
6445 924 2
2515 6445 2
124 6445 2
6445 3370 2
6445 4493 2
6445 1454 2
6445 137 2
6445 1805 2
6445 3688 2
6445 699 2
4941 6445 2
4158 6445 2
6445 626 2
6445 5464 2
6445 3981 2
6445 3964 2
6609 6445 2
6445 171 2
6445 1615 2
6519 6445 2
3305 6445 2
3835 6445 2
6445 4885 2
6445 4232 2
1344 6445 2
6445 1971 2
6445 5386 2
6445 3690 2
5550 6445 2
2240 6445 2
6445 5803 2
6445 401 2
6445 1216 2
6445 2201 2
6445 4371 2
6445 6210 2
4464 6445 2
6445 1256 2
1288 6445 2
6422 6445 2
731 6445 2
3798 6445 2
6445 5457 2
540 6445 2
1372 6445 2
1690 6445 2
6445 3285 2
6445 1714 2
6445 3781 2
6445 5268 2
6445 6554 2
3266 6445 2
6445 1970 2
3878 6445 2
3073 6445 2
159 6445 2
838 6445 2
6445 1968 2
6445 6781 2
6445 656 2
5212 6445 2
6445 3797 2
6445 2714 2
6445 1593 2
4890 6445 2
807 6445 2
5139 6445 2
6445 3831 2
6445 1773 2
6445 6114 2
6445 4748 2
6445 3514 2
901 6445 2
3929 6445 2
6445 235 2
3946 6445 2
6445 5221 2
3042 6445 2
6445 4899 2
1425 6445 2
6445 184 2
6445 1623 2
4233 6445 2
6445 6236 2
2967 6445 2
6445 4059 2
6445 1813 2
6445 1611 2
6445 4771 2
6150 6445 2
1452 6445 2
3319 6445 2
6445 5649 2
6445 3658 2
6694 6445 2
6445 4807 2
6445 3857 2
6104 6445 2
1941 6445 2
6424 6445 2
6003 6445 2
1097 6445 2
6445 2345 2
3277 6445 2
6445 3046 2
6445 4498 2
6526 6445 2
6445 1024 2
2299 6445 2
6445 5077 2
161 6445 2
6445 4918 2
4414 6445 2
6445 6727 2
6081 6445 2
6445 3600 2
6445 168 2
6445 353 2
1313 6445 2
6445 1698 2
1005 6445 2
6445 6389 2
6445 1312 2
1381 6445 2
6430 6445 2
3241 6445 2
6445 1376 2
6445 1523 2
6445 5046 2
3271 6445 2
6445 2166 2
6445 2090 2
2113 6445 2
6445 2387 2
6445 4382 2
1753 6445 2
6445 4482 2
6445 3656 2
932 6445 2
2051 6445 2
6445 5159 2
6445 409 2
2689 6445 2
1625 6445 2
1343 6445 2
584 6445 2
6445 5603 2
6445 1146 2
6445 6146 2
5990 6445 2
1834 6445 2
617 6445 2
6445 4270 2
5813 6445 2
746 6445 2
6192 6445 2
1670 6445 2
5513 6445 2
6445 1784 2
781 6445 2
6445 760 2
6445 2931 2
6445 4069 2
6445 5634 2
6445 2309 2
6445 2980 2
6445 1235 2
1882 6445 2
695 6445 2
6445 2516 2
4533 6445 2
6445 3866 2
891 6445 2
6445 2434 2
150 6445 2
5635 6445 2
5579 6445 2
1832 6445 2
1626 6445 2
6445 2310 2
6445 5301 2
1584 6445 2
5644 6445 2
6445 3108 2
3729 6445 2
6445 3181 2
6445 592 2
4071 6445 2
5209 6445 2
6445 334 2
5533 6445 2
6445 5166 2
6445 5852 2
370 6445 2
1162 6445 2
612 6445 2
6445 4873 2
773 6445 2
2531 6445 2
6445 4443 2
6445 427 2
3174 6445 2
4584 6445 2
6445 3604 2
3882 6445 2
3036 6445 2
4687 6445 2
989 6445 2
3858 6445 2
6445 3811 2
5489 6445 2
6445 4025 2
2981 6445 2
1878 6445 2
4700 6445 2
6445 6391 2
1285 6445 2
6445 2648 2
89 6445 2
6445 1090 2
5864 6445 2
6445 579 2
3322 6445 2
803 6445 2
3617 6445 2
4275 6445 2
6445 1585 2
6445 6082 2
6445 6226 2
6445 4683 2
1552 6445 2
6445 3360 2
3686 6445 2
6445 1764 2
4860 6445 2
6445 6630 2
5086 6445 2
4490 6445 2
6354 6445 2
6445 4821 2
488 6445 2
5564 6445 2
6324 6445 2
4906 6445 2
6445 2200 2
6445 6004 2
1228 6445 2
6445 24 2
3921 6445 2
2629 6445 2
6445 3588 2
6445 5410 2
1082 6445 2
462 6445 2
6445 5038 2
6100 6445 2
931 6445 2
6445 3060 2
6445 5806 2
6015 6445 2
6445 3309 2
6445 3136 2
6445 6285 2
1562 6445 2
6651 6445 2
3890 6445 2
6445 4033 2
6445 1691 2
446 6445 2
1961 6445 2
1875 6445 2
2079 6445 2
1902 6445 2
6445 5155 2
2017 6445 2
749 6445 2
3077 6445 2
6445 3715 2
253 6445 2
6629 6445 2
1981 6445 2
18 6445 2
6445 4398 2
6445 6507 2
5811 6445 2
6445 1168 2
6445 3150 2
6445 3426 2
5477 6445 2
6445 2939 2
3718 6445 2
6445 6540 2
6445 3862 2
6201 6445 2
5609 6445 2
2198 6445 2
3931 6445 2
6445 6165 2
5535 6445 2
42 6445 2
5955 6445 2
6071 6445 2
6445 2881 2
51 6445 2
6445 212 2
1149 6445 2
3213 6445 2
1574 6445 2
6445 2012 2
5244 6445 2
10 6445 2
3990 6445 2
2610 6445 2
2533 6445 2
2424 6445 2
6445 6239 2
6445 2937 2
6445 3633 2
887 6445 2
3499 6445 2
6445 3338 2
957 6445 2
2395 6445 2
6445 2975 2
6445 1501 2
2946 6445 2
4751 6445 2
4235 6445 2
6445 2307 2
6445 4531 2
4971 6445 2
5608 6445 2
6445 3144 2
6445 2633 2
5553 6445 2
6445 5612 2
6445 257 2
4658 6445 2
2570 6445 2
6445 65 2
6445 1601 2
5823 6445 2
6445 3803 2
2672 6445 2
5263 6445 2
6401 6445 2
3549 6445 2
6496 6445 2
1688 6445 2
5916 6445 2
3955 6445 2
6723 6445 2
4946 6445 2
6445 1274 2
6445 6388 2
6293 6445 2
3043 6445 2
1165 6445 2
5229 6445 2
6445 4438 2
6445 3596 2
6445 4150 2
6445 4763 2
5391 6445 2
4609 6445 2
6445 6316 2
2762 6445 2
4182 6445 2
6445 4777 2
6445 4571 2
1976 6445 2
6445 6775 2
960 6445 2
6445 6429 2
6445 3996 2
6445 2565 2
5101 6445 2
6445 791 2
6445 1808 2
5851 6445 2
654 6445 2
6445 3188 2
6445 5105 2
6445 207 2
4379 6445 2
3376 6445 2
6445 3451 2
4693 6445 2
1158 6445 2
6445 4047 2
5566 6445 2
5625 6445 2
6445 436 2
3477 6445 2
6445 6478 2
6445 4664 2
6445 5276 2
3904 6445 2
5972 6445 2
236 6445 2
6445 5035 2
6731 6445 2
6445 2581 2
6445 1686 2
6445 2563 2
6445 1599 2
6445 5100 2
6445 489 2
4620 6445 2
4639 6445 2
6445 5442 2
1565 6445 2
3083 6445 2
2715 6445 2
6445 5755 2
4503 6445 2
6445 4472 2
6445 1659 2
4147 6445 2
6445 3960 2
6445 1085 2
6445 198 2
3550 6445 2
6445 5336 2
2349 6445 2
6445 5631 2
6445 2990 2
1614 6445 2
6686 6445 2
6445 99 2
323 6445 2
6445 6058 2
6445 5316 2
6127 6445 2
6445 1430 2
6445 1148 2
6445 6092 2
5279 6445 2
4366 6445 2
4671 6445 2
4558 6445 2
1419 6445 2
2833 6445 2
5838 6445 2
3054 6445 2
6445 2933 2
2338 6445 2
6445 506 2
6445 1135 2
6445 231 2
1679 6445 2
6406 6445 2
2508 6445 2
5594 6445 2
6445 4242 2
6445 4995 2
6445 2308 2
6343 6445 2
6445 6471 2
6445 2315 2
5081 6445 2
6445 1594 2
6445 5076 2
6445 5397 2
6445 6166 2
6634 6445 2
6445 3786 2
6445 784 2
6445 2800 2
1249 6445 2
1782 6445 2
1375 6445 2
3223 6445 2
1224 6445 2
6445 979 2
1768 6445 2
186 6445 2
6445 4183 2
2510 6445 2
6445 692 2
3395 6445 2
6445 2067 2
5274 6445 2
2602 6445 2
6650 6445 2
3413 6445 2
5329 6445 2
1511 6445 2
2821 6445 2
6445 3209 2
4364 6445 2
6445 3091 2
947 6445 2
6445 5047 2
6445 3793 2
5213 6445 2
2579 6445 2
6445 4725 2
6445 2241 2
6577 6445 2
3646 6445 2
3792 6445 2
3 6445 2
6445 2747 2
6445 2498 2
6445 4613 2
356 6445 2
6445 2600 2
6445 5420 2
6445 112 2
1092 6445 2
6445 1370 2
6689 6445 2
6445 2874 2
6445 6777 2
6445 325 2
3773 6445 2
6445 5150 2
6445 3930 2
6445 5445 2
3252 6445 2
6445 391 2
6445 5912 2
5324 6445 2
6445 5390 2
6445 5099 2
6445 4740 2
6445 5413 2
6445 4983 2
2326 6445 2
6445 2905 2
5842 6445 2
4919 6445 2
4092 6445 2
6445 6679 2
761 6445 2
4036 6445 2
6129 6445 2
4267 6445 2
5743 6445 2
6445 837 2
6445 5924 2
6445 1642 2
6445 2726 2
6445 740 2
4680 6445 2
1742 6445 2
123 6445 2
6445 2125 2
6445 3483 2
5780 6445 2
6157 6445 2
6445 6251 2
3335 6445 2
6445 1537 2
6445 4934 2
6445 6773 2
3530 6445 2
2256 6445 2
4665 6445 2
2454 6445 2
3221 6445 2
6445 6610 2
6445 2723 2
5593 6445 2
6445 544 2
6445 3606 2
6445 6547 2
5617 6445 2
6445 2466 2
6445 4926 2
3748 6445 2
5596 6445 2
668 6445 2
4146 6445 2
6445 4679 2
4969 6445 2
4935 6445 2
4911 6445 2
3507 6445 2
4799 6445 2
4999 6445 2
6445 319 2
4681 6445 2
6445 4562 2
357 6445 2
6445 3436 2
4670 6445 2
6445 2994 2
6445 5937 2
2164 6445 2
2664 6445 2
4483 6445 2
6445 4982 2
2971 6445 2
6445 3670 2
4164 6445 2
6445 4732 2
6445 5017 2
6445 6597 2
2143 6445 2
6445 4388 2
1032 6445 2
6445 3725 2
6445 5734 2
6445 6381 2
3218 6445 2
1692 6445 2
6445 3944 2
3474 6445 2
6445 4735 2
6445 1800 2
6445 6592 2
6445 244 2
2287 6445 2
6445 4861 2
2956 6445 2
6445 6753 2
3666 6445 2
1491 6445 2
6445 452 2
6445 3859 2
6445 6294 2
6445 3292 2
6445 1531 2
6445 6782 2
6445 2016 2
6445 1713 2
2231 6445 2
4313 6445 2
6445 447 2
6445 4399 2
6445 2562 2
6445 2096 2
3853 6445 2
6445 3354 2
6445 3957 2
6445 6414 2
6445 4782 2
6445 6501 2
6445 5019 2
3484 6445 2
3586 6445 2
4623 6445 2
6445 4760 2
6445 4892 2
6445 3022 2
5695 6445 2
1680 6445 2
4262 6445 2
6445 2197 2
6445 4713 2
6445 3435 2
6445 3440 2
9 6445 2
1218 6445 2
3933 6445 2
2168 6445 2
6445 1157 2
6445 5405 2
315 6445 2
6445 4015 2
6445 4284 2
6445 333 2
2688 6445 2
6445 6647 2
6436 6445 2
6445 905 2
209 6445 2
6445 2286 2
1120 6445 2
6445 6347 2
6445 3447 2
4263 6445 2
4291 6445 2
6445 3149 2
2927 6445 2
6164 6445 2
6445 3977 2
6602 6445 2
5182 6445 2
6445 929 2
1211 6445 2
6445 6091 2
2303 6445 2
6445 2057 2
6077 6445 2
6445 2097 2
3799 6445 2
3298 6445 2
5432 6445 2
6445 879 2
1785 6445 2
291 6445 2
1989 6445 2
4996 6445 2
1483 6445 2
6445 3311 2
1410 6445 2
6445 174 2
6445 4839 2
6445 3978 2
29 6445 2
6445 3265 2
4357 6445 2
6445 6398 2
6445 2584 2
6445 2301 2
6445 5637 2
6445 3730 2
6445 6486 2
6445 790 2
3349 6445 2
735 6445 2
3085 6445 2
5053 6445 2
1561 6445 2
4541 6445 2
6445 4585 2
6445 566 2
6445 2957 2
4601 6445 2
6445 1113 2
4044 6445 2
6445 2327 2
6445 1363 2
3529 6445 2
5904 6445 2
1818 6445 2
1009 6445 2
5628 6445 2
6445 1051 2
4418 6445 2
6445 6463 2
4390 6445 2
6445 5326 2
6445 2151 2
6445 6710 2
1020 6445 2
5250 6445 2
6445 3870 2
1319 6445 2
6445 1416 2
987 6445 2
1943 6445 2
6445 4241 2
6445 61 2
6021 6445 2
5817 6445 2
6445 5764 2
3402 6445 2
6445 2968 2
3109 6445 2
5201 6445 2
6445 3145 2
6445 4105 2
6445 722 2
6445 1694 2
6445 3611 2
1206 6445 2
6445 3445 2
6445 4898 2
2580 6445 2
6445 1608 2
4188 6445 2
6445 1579 2
6445 2632 2
6109 6445 2
6445 2100 2
6445 5984 2
2585 6445 2
6445 770 2
6445 6379 2
4806 6445 2
5670 6445 2
4921 6445 2
6445 4358 2
5265 6445 2
6445 3597 2
6445 5760 2
3741 6445 2
6445 876 2
6445 5505 2
6445 1354 2
6445 3522 2
5736 6445 2
341 6445 2
6445 2795 2
6445 115 2
5248 6445 2
6445 5805 2
6445 2133 2
6445 998 2
4938 6445 2
3270 6445 2
3418 6445 2
6445 4403 2
6744 6445 2
3920 6445 2
6445 2413 2
6445 2621 2
6445 2348 2
6445 729 2
1750 6445 2
6445 2384 2
6445 221 2
6445 1675 2
6445 4656 2
6445 2488 2
2117 6445 2
6445 2526 2
707 6445 2
6445 3090 2
5180 6445 2
6445 3245 2
6445 5089 2
1129 6445 2
3492 6445 2
2506 6445 2
6445 5604 2
6445 5684 2
6445 457 2
5871 6445 2
6445 2297 2
6445 1415 2
6445 6227 2
2431 6445 2
6445 2460 2
5430 6445 2
3754 6445 2
6445 4302 2
3425 6445 2
6445 6706 2
5467 6445 2
6445 367 2
6445 4848 2
3707 6445 2
1214 6445 2
3545 6445 2
6445 635 2
6445 317 2
6445 2851 2
2842 6445 2
6445 4159 2
6445 1921 2
6445 1959 2
6445 5169 2
6445 2678 2
6445 2992 2
6445 1883 2
1209 6445 2
6445 1717 2
6060 6445 2
5589 6445 2
5119 6445 2
1788 6445 2
6445 5207 2
6445 6704 2
835 6445 2
1920 6445 2
6445 1234 2
6445 1346 2
6445 2671 2
6445 6207 2
2048 6445 2
2119 6445 2
6445 358 2
6445 3816 2
6445 3510 2
3539 6445 2
6445 4766 2
6445 6068 2
6494 6445 2
6445 3901 2
6445 2207 2
6445 3949 2
6445 5653 2
6445 1068 2
6445 3712 2
5744 6445 2
6445 5899 2
6445 2589 2
6445 2234 2
407 6445 2
6445 4561 2
6445 1163 2
2772 6445 2
4002 6445 2
2194 6445 2
5866 6445 2
6445 4578 2
2430 6445 2
4880 6445 2
2080 6445 2
165 6445 2
6445 6136 2
1885 6445 2
2062 6445 2
6445 3466 2
6445 2920 2
6445 3052 2
106 6445 2
6445 217 2
2988 6445 2
6445 2428 2
4654 6445 2
3362 6445 2
4909 6445 2
6445 5282 2
6445 4218 2
6445 4304 2
4298 6445 2
4457 6445 2
1100 6445 2
5421 6445 2
6445 4067 2
6445 1429 2
6445 5956 2
6445 483 2
2157 6445 2
6445 2319 2
6445 130 2
5237 6445 2
3571 6445 2
292 6445 2
3439 6445 2
4812 6445 2
6445 858 2
5003 6445 2
6445 6359 2
5629 6445 2
6445 405 2
6445 6124 2
6445 3506 2
6445 3086 2
2132 6445 2
6445 825 2
3599 6445 2
6445 4165 2
6445 4945 2
6445 4783 2
6445 5240 2
6445 5285 2
6445 5961 2
6445 2209 2
6445 5297 2
6445 3644 2
6445 4394 2
107 6445 2
6445 3848 2
6445 1972 2
6445 3553 2
6445 1251 2
109 6445 2
4851 6445 2
4549 6445 2
3138 6445 2
6445 657 2
6445 6128 2
6445 5230 2
6445 769 2
6445 593 2
6445 4283 2
6535 6445 2
6445 267 2
6445 2453 2
6445 3336 2
6445 2258 2
6445 3049 2
3943 6445 2
6445 4003 2
2775 6445 2
6445 2023 2
6445 3515 2
6445 2892 2
1580 6445 2
4456 6445 2
6445 1876 2
6445 2116 2
6445 669 2
2086 6445 2
6445 3403 2
6445 3010 2
4739 6445 2
6445 1736 2
4673 6445 2
6445 3459 2
4646 6445 2
6445 6591 2
5701 6445 2
2039 6445 2
1334 6445 2
688 6445 2
473 6445 2
6445 2103 2
6445 834 2
5238 6445 2
3565 6445 2
6445 1709 2
6445 5271 2
6445 376 2
6445 3387 2
3674 6445 2
5499 6445 2
350 6445 2
4073 6445 2
6719 6445 2
6445 6108 2
5281 6445 2
6520 6445 2
6445 1152 2
6445 4621 2
3137 6445 2
1029 6445 2
6445 5810 2
6445 5304 2
6432 6445 2
3180 6445 2
5515 6445 2
6445 6196 2
5789 6445 2
6445 3547 2
647 6445 2
6445 6515 2
6445 1705 2
6445 4500 2
1060 6445 2
6445 5802 2
2592 6445 2
3968 6445 2
6445 3490 2
6445 1052 2
6445 2059 2
6178 6445 2
1260 6445 2
6445 118 2
667 6445 2
2991 6445 2
5120 6445 2
6445 4005 2
6445 2780 2
5673 6445 2
6445 5379 2
6445 839 2
3800 6445 2
4849 6445 2
6445 3045 2
1299 6445 2
6079 6445 2
6445 3405 2
6254 6445 2
6445 6179 2
1088 6445 2
6445 4432 2
6445 5870 2
6445 45 2
6445 2679 2
2278 6445 2
6445 883 2
6445 3634 2
5257 6445 2
6445 1195 2
6445 4950 2
6445 6701 2
726 6445 2
859 6445 2
6445 4669 2
6445 2859 2
6445 6724 2
2814 6445 2
3461 6445 2
6445 2365 2
6445 5748 2
6445 5314 2
190 6445 2
6445 5085 2
675 6445 2
4195 6445 2
6445 2569 2
2030 6445 2
2619 6445 2
4582 6445 2
6445 1111 2
2959 6445 2
4212 6445 2
6445 3895 2
6445 3856 2
1115 6445 2
6445 1222 2
6445 2878 2
6445 1653 2
6445 3907 2
6445 5365 2
6445 1700 2
522 6445 2
2965 6445 2
6445 5434 2
3021 6445 2
3235 6445 2
6445 4082 2
6445 5264 2
3465 6445 2
4936 6445 2
5849 6445 2
6445 3855 2
4614 6445 2
6445 5581 2
6445 3952 2
3776 6445 2
6445 3087 2
2246 6445 2
6674 6445 2
6445 4093 2
6445 5128 2
6445 1937 2
4151 6445 2
6445 3027 2
6445 6300 2
166 6445 2
6445 831 2
6445 4889 2
5906 6445 2
2918 6445 2
6445 5199 2
3350 6445 2
670 6445 2
6445 6624 2
6445 3453 2
6445 3143 2
2792 6445 2
6445 1975 2
6268 6445 2
4801 6445 2
4858 6445 2
6445 3242 2
1345 6445 2
214 6445 2
6445 1573 2
374 6445 2
6445 5030 2
3594 6445 2
6445 1059 2
6445 5245 2
6445 4174 2
6445 3119 2
5501 6445 2
5610 6445 2
6445 6088 2
6089 6445 2
6445 4172 2
6445 3998 2
6445 4631 2
6445 6334 2
6445 2150 2
6445 5504 2
6033 6445 2
84 6445 2
4336 6445 2
6445 1143 2
2702 6445 2
4808 6445 2
6445 6075 2
6445 6107 2
5878 6445 2
6445 6699 2
5010 6445 2
6445 6506 2
4544 6445 2
6375 6445 2
6445 3613 2
5486 6445 2
4750 6445 2
6445 3288 2
2537 6445 2
6445 1647 2
6445 6698 2
6445 6348 2
958 6445 2
5685 6445 2
4177 6445 2
6445 3784 2
6445 4055 2
1763 6445 2
6445 620 2
6445 3989 2
3716 6445 2
6445 4642 2
2484 6445 2
3615 6445 2
6445 3059 2
6553 6445 2
6445 1799 2
6445 1578 2
6445 6671 2
2459 6445 2
6445 1427 2
6445 3168 2
6445 4136 2
6445 4624 2
1 6445 2
5865 6445 2
6445 846 2
6445 2250 2
538 6445 2
1035 6445 2
6445 1603 2
288 6445 2
2784 6445 2
6445 5349 2
2355 6445 2
127 6445 2
6445 4722 2
5831 6445 2
1056 6445 2
4776 6445 2
4836 6445 2
6445 2221 2
6445 1476 2
6445 5136 2
3818 6445 2
1281 6445 2
4903 6445 2
6445 6101 2
1001 6445 2
3896 6445 2
2494 6445 2
3420 6445 2
6367 6445 2
3034 6445 2
6445 2015 2
6445 797 2
4243 6445 2
6445 2783 2
6445 2876 2
6445 2035 2
6445 6161 2
6175 6445 2
6445 4008 2
1155 6445 2
2753 6445 2
1926 6445 2
6445 6363 2
6445 4537 2
6445 3320 2
6445 3572 2
4406 6445 2
6445 4305 2
6445 2339 2
6445 2088 2
5234 6445 2
5497 6445 2
6445 748 2
6445 3468 2
2911 6445 2
2288 6445 2
6445 1748 2
4314 6445 2
2024 6445 2
6445 5163 2
6445 5858 2
6445 2465 2
1226 6445 2
6445 525 2
6726 6445 2
6445 4087 2
1252 6445 2
6445 3759 2
6445 3791 2
6445 2380 2
4674 6445 2
6445 1751 2
2790 6445 2
6769 6445 2
5408 6445 2
6445 5095 2
6445 2718 2
2882 6445 2
6445 4463 2
5850 6445 2
6445 2211 2
5714 6445 2
6445 4790 2
6445 1440 2
6445 4167 2
125 6445 2
6445 6528 2
6445 759 2
6445 375 2
6445 3226 2
6445 2268 2
6445 6580 2
351 6445 2
4427 6445 2
6272 6445 2
6445 2704 2
6445 2106 2
1154 6445 2
6445 318 2
3494 6445 2
6445 5647 2
6445 3651 2
6445 5305 2
5320 6445 2
6445 4451 2
8 6445 2
6445 1939 2
649 6445 2
1070 6445 2
6445 3607 2
6445 5210 2
466 6445 2
6445 3841 2
6445 6119 2
1436 6445 2
6445 5967 2
6445 1318 2
6457 6445 2
3629 6445 2
6445 22 2
6445 2695 2
6445 2551 2
6445 1412 2
1014 6445 2
1918 6445 2
6445 246 2
6445 6721 2
4411 6445 2
2891 6445 2
6445 5447 2
6445 1308 2
4610 6445 2
3287 6445 2
6533 6445 2
4168 6445 2
6445 254 2
6445 1360 2
6445 6270 2
1743 6445 2
1520 6445 2
6445 4657 2
3219 6445 2
6445 6258 2
6445 2934 2
2954 6445 2
6445 4255 2
4886 6445 2
6147 6445 2
6445 6740 2
1459 6445 2
5342 6445 2
6445 6660 2
6445 4088 2
6445 6423 2
4925 6445 2
6445 6685 2
563 6445 2
6648 6445 2
6445 4543 2
6445 6032 2
6445 2989 2
4246 6445 2
6362 6445 2
4738 6445 2
6445 2449 2
6445 2997 2
2848 6445 2
3063 6445 2
3966 6445 2
1484 6445 2
1744 6445 2
6445 6183 2
6445 1438 2
6320 6445 2
956 6445 2
6445 6063 2
3302 6445 2
1909 6445 2
6445 906 2
2846 6445 2
1205 6445 2
6445 6473 2
6445 1798 2
2425 6445 2
6563 6445 2
6445 6298 2
6445 2347 2
4948 6445 2
4250 6445 2
6445 6557 2
6586 6445 2
2213 6445 2
6445 1953 2
3443 6445 2
3625 6445 2
6445 3185 2
6445 5429 2
6445 90 2
6445 570 2
6445 5338 2
6445 6055 2
1893 6445 2
1843 6445 2
4939 6445 2
6445 723 2
4489 6445 2
3832 6445 2
6445 3726 2
5177 6445 2
2027 6445 2
2658 6445 2
5016 6445 2
6445 2794 2
3016 6445 2
6295 6445 2
6445 3892 2
6115 6445 2
460 6445 2
3053 6445 2
1965 6445 2
4794 6445 2
2493 6445 2
6445 4378 2
5699 6445 2
6445 4820 2
6445 3398 2
6445 247 2
2921 6445 2
6445 4454 2
6445 2317 2
6445 4112 2
6445 406 2
6445 182 2
4126 6445 2
2567 6445 2
6445 213 2
6445 1050 2
5683 6445 2
6445 2662 2
6445 889 2
6445 1589 2
6445 6502 2
6445 3863 2
6445 440 2
3533 6445 2
6445 4161 2
6263 6445 2
6445 60 2
6445 2235 2
5465 6445 2
822 6445 2
4923 6445 2
6445 5167 2
6439 6445 2
5111 6445 2
2919 6445 2
2661 6445 2
6445 1223 2
4862 6445 2
6445 1639 2
1033 6445 2
6445 2224 2
6445 403 2
230 6445 2
6445 1842 2
6086 6445 2
6445 6292 2
5936 6445 2
6445 95 2
6445 2650 2
6445 4695 2
6445 3386 2
6445 3229 2
2653 6445 2
6445 4810 2
6445 4230 2
6445 229 2
6445 4676 2
6445 1550 2
2152 6445 2
6445 3810 2
6445 4380 2
3614 6445 2
3897 6445 2
1576 6445 2
6445 6420 2
3032 6445 2
6445 2711 2
6445 6670 2
2657 6445 2
6445 1238 2
6445 5740 2
6445 4157 2
6445 5080 2
6445 3655 2
5827 6445 2
6681 6445 2
6445 4017 2
6445 4444 2
4065 6445 2
5067 6445 2
274 6445 2
2378 6445 2
853 6445 2
6445 5875 2
6445 3610 2
565 6445 2
6445 2435 2
5797 6445 2
6445 963 2
6445 1072 2
6445 3304 2
6722 6445 2
6445 5232 2
6243 6445 2
6445 845 2
2858 6445 2
6445 5134 2
6445 4348 2
6445 816 2
3328 6445 2
6445 4238 2
6445 4596 2
3038 6445 2
5121 6445 2
1908 6445 2
6445 2069 2
2483 6445 2
814 6445 2
6445 3228 2
6445 5995 2
6676 6445 2
6445 5584 2
6445 57 2
5247 6445 2
4016 6445 2
6445 3621 2
6445 1853 2
2291 6445 2
5536 6445 2
6445 5107 2
6445 4095 2
6321 6445 2
5689 6445 2
2841 6445 2
4459 6445 2
6256 6445 2
766 6445 2
3914 6445 2
85 6445 2
6445 4171 2
3500 6445 2
6445 501 2
6445 386 2
6445 3051 2
6445 953 2
4310 6445 2
4874 6445 2
6445 1938 2
6445 5713 2
6022 6445 2
2615 6445 2
5770 6445 2
6445 2335 2
2647 6445 2
6445 5725 2
5313 6445 2
6445 5364 2
6445 2596 2
6445 2276 2
6445 6130 2
4007 6445 2
6445 52 2
5361 6445 2
6445 4265 2
6445 5665 2
1338 6445 2
6445 6140 2
6605 6445 2
1136 6445 2
1114 6445 2
1795 6445 2
2639 6445 2
91 6445 2
6445 5905 2
6445 5543 2
6445 4871 2
3967 6445 2
6445 6400 2
179 6445 2
6445 750 2
6445 5544 2
6445 1074 2
6445 5050 2
6445 2154 2
6445 6319 2
3636 6445 2
6445 238 2
1108 6445 2
6445 1166 2
6445 4520 2
6445 442 2
3735 6445 2
6045 6445 2
3100 6445 2
2722 6445 2
5151 6445 2
395 6445 2
4119 6445 2
6445 4397 2
6445 2497 2
6445 3747 2
6445 5252 2
628 6445 2
6445 4288 2
897 6445 2
6445 2169 2
3854 6445 2
6445 5091 2
6445 4847 2
6445 3343 2
3135 6445 2
6445 6493 2
6713 6445 2
6445 15 2
6445 3722 2
344 6445 2
131 6445 2
6445 3737 2
6445 1357 2
6026 6445 2
6445 6266 2
6445 1792 2
6445 1769 2
1933 6445 2
4247 6445 2
4061 6445 2
6445 4575 2
6445 6144 2
3765 6445 2
1351 6445 2
6445 686 2
4891 6445 2
6445 3449 2
6445 1219 2
6445 4514 2
6445 6260 2
6445 5626 2
2942 6445 2
6661 6445 2
1974 6445 2
1397 6445 2
545 6445 2
6445 646 2
6445 2682 2
6445 3912 2
6445 5960 2
2172 6445 2
6445 5721 2
6445 1815 2
4730 6445 2
6445 3623 2
6445 5512 2
6445 4227 2
2312 6445 2
6445 1004 2
6445 3894 2
5624 6445 2
6445 1182 2
6475 6445 2
6445 170 2
6445 5117 2
6445 3471 2
6445 1985 2
6445 2340 2
6445 2199 2
5549 6445 2
6445 4001 2
6445 3274 2
136 6445 2
4744 6445 2
5717 6445 2
1923 6445 2
622 6445 2
6445 342 2
4833 6445 2
2379 6445 2
2605 6445 2
2342 6445 2
5490 6445 2
1401 6445 2
6445 5425 2
4736 6445 2
949 6445 2
6445 6280 2
6640 6445 2
2690 6445 2
3564 6445 2
2573 6445 2
3659 6445 2
6445 6208 2
6490 6445 2
6445 1630 2
3299 6445 2
285 6445 2
6688 6445 2
734 6445 2
6445 5126 2
6445 2953 2
4396 6445 2
6516 6445 2
6445 348 2
5041 6445 2
4407 6445 2
6276 6445 2
6445 314 2
1845 6445 2
6445 3327 2
4334 6445 2
5814 6445 2
6445 2302 2
6445 517 2
2305 6445 2
3743 6445 2
6445 4523 2
6445 599 2
6445 5940 2
6445 3975 2
1945 6445 2
2976 6445 2
4672 6445 2
6445 6229 2
6445 704 2
6445 6125 2
3278 6445 2
6445 2290 2
6445 5435 2
6445 5949 2
3520 6445 2
6445 3536 2
233 6445 2
435 6445 2
6445 4707 2
666 6445 2
6445 1385 2
5795 6445 2
6212 6445 2
624 6445 2
6445 2128 2
4502 6445 2
4804 6445 2
6466 6445 2
1289 6445 2
6445 2156 2
2844 6445 2
941 6445 2
6445 59 2
6289 6445 2
6445 1091 2
6445 4135 2
6445 5389 2
149 6445 2
6445 6204 2
6759 6445 2
4887 6445 2
6445 6673 2
6445 4189 2
4440 6445 2
2530 6445 2
6445 2900 2
249 6445 2
5112 6445 2
4185 6445 2
1098 6445 2
6445 2741 2
6445 5595 2
6445 3153 2
6445 3409 2
6445 2904 2
5952 6445 2
848 6445 2
5057 6445 2
1856 6445 2
6445 854 2
6445 6416 2
6445 1306 2
2183 6445 2
6445 4617 2
5106 6445 2
739 6445 2
6445 4593 2
1026 6445 2
1151 6445 2
6017 6445 2
6445 5645 2
6299 6445 2
6445 2148 2
6445 468 2
6445 4109 2
571 6445 2
6445 5690 2
6445 5968 2
6445 6005 2
1080 6445 2
6445 3642 2
6445 925 2
619 6445 2
1353 6445 2
6445 5927 2
1618 6445 2
6445 4079 2
6445 5103 2
6445 3763 2
6445 4914 2
1127 6445 2
6445 2634 2
6445 1515 2
6036 6445 2
6445 4959 2
4236 6445 2
6445 5188 2
936 6445 2
6445 4208 2
1960 6445 2
4094 6445 2
6445 2394 2
5231 6445 2
6445 4342 2
2630 6445 2
6445 2368 2
6445 2491 2
6445 2391 2
6235 6445 2
6445 1645 2
6445 3081 2
6445 1383 2
6583 6445 2
1167 6445 2
6445 1140 2
6445 1560 2
3654 6445 2
6224 6445 2
6445 2210 2
6445 5772 2
3404 6445 2
6445 2105 2
2993 6445 2
4826 6445 2
6445 4785 2
5917 6445 2
6445 5317 2
4618 6445 2
6445 6039 2
6445 5943 2
2776 6445 2
6445 1210 2
6445 5426 2
4966 6445 2
5761 6445 2
6445 1857 2
4560 6445 2
477 6445 2
2542 6445 2
4303 6445 2
3301 6445 2
6445 3653 2
643 6445 2
5401 6445 2
6445 4904 2
2852 6445 2
6445 3918 2
2922 6445 2
1269 6445 2
6445 2445 2
6445 5873 2
5977 6445 2
6445 1008 2
2109 6445 2
5926 6445 2
2529 6445 2
4626 6445 2
5296 6445 2
6445 1847 2
62 6445 2
6445 2940 2
613 6445 2
6445 5424 2
6445 5012 2
6445 2777 2
6445 596 2
1977 6445 2
6445 3469 2
6445 912 2
6213 6445 2
3194 6445 2
6445 1246 2
4340 6445 2
6445 1141 2
17 6445 2
1287 6445 2
6646 6445 2
383 6445 2
6445 1583 2
6445 3777 2
4369 6445 2
6445 4855 2
6145 6445 2
6445 2274 2
6445 5746 2
6445 660 2
4843 6445 2
908 6445 2
2018 6445 2
2820 6445 2
6445 5551 2
2031 6445 2
6445 6344 2
6445 5821 2
5239 6445 2
4091 6445 2
1862 6445 2
5620 6445 2
6445 1566 2
6215 6445 2
3233 6445 2
6445 1996 2
6445 5171 2
5677 6445 2
2383 6445 2
3478 6445 2
6445 2480 2
6445 6010 2
3703 6445 2
6445 5874 2
2803 6445 2
6445 5001 2
6445 6691 2
6445 226 2
6445 4312 2
3191 6445 2
6445 3542 2
6445 4706 2
6445 4455 2
5157 6445 2
6445 604 2
6445 4206 2
1034 6445 2
6445 2609 2
6445 3794 2
6445 277 2
6445 6715 2
6445 1305 2
6308 6445 2
6445 4635 2
6445 3378 2
5253 6445 2
6445 297 2
6445 5331 2
6445 4115 2
6445 1443 2
4279 6445 2
6445 306 2
1966 6445 2
6445 1247 2
6445 1754 2
6445 6174 2
5174 6445 2
3516 6445 2
2813 6445 2
5482 6445 2
2687 6445 2
5692 6445 2
3318 6445 2
4649 6445 2
6445 4567 2
451 6445 2
6445 6135 2
3234 6445 2
6445 3562 2
6445 5615 2
6445 813 2
6445 4252 2
6445 4199 2
6445 6444 2
1934 6445 2
6445 3161 2
2421 6445 2
4453 6445 2
6445 4083 2
6445 2123 2
6445 6009 2
4422 6445 2
5882 6445 2
6445 5416 2
5452 6445 2
6445 6173 2
6445 1556 2
6445 661 2
6445 5841 2
3084 6445 2
4947 6445 2
1641 6445 2
6445 6431 2
6445 6393 2
4931 6445 2
432 6445 2
6445 2452 2
6445 1891 2
6445 4081 2
6445 16 2
531 6445 2
6579 6445 2
6445 5999 2
6445 934 2
1859 6445 2
6445 3731 2
6445 5144 2
6309 6445 2
6445 4964 2
1925 6445 2
4770 6445 2
4915 6445 2
5205 6445 2
5798 6445 2
6445 3761 2
6445 553 2
5459 6445 2
6252 6445 2
6445 6632 2
116 6445 2
3089 6445 2
6445 3739 2
6445 4952 2
6445 1087 2
6445 6323 2
5113 6445 2
6445 808 2
6445 1802 2
6607 6445 2
519 6445 2
6445 6418 2
2594 6445 2
6445 6613 2
6445 1355 2
6445 4792 2
6445 5586 2
6445 2107 2
6445 6335 2
6445 2418 2
6445 66 2
6445 6240 2
1389 6445 2
2544 6445 2
4699 6445 2
1242 6445 2
6445 5672 2
2754 6445 2
195 6445 2
5309 6445 2
6445 2761 2
6445 3657 2
6445 5040 2
6445 720 2
6445 3940 2
1474 6445 2
6445 2906 2
796 6445 2
178 6445 2
3663 6445 2
6445 3048 2
6445 413 2
6445 6718 2
6445 6123 2
6445 6368 2
6445 5315 2
6445 3017 2
6445 4032 2
6445 4096 2
458 6445 2
6445 2926 2
6445 4772 2
6529 6445 2
6445 2752 2
3719 6445 2
1137 6445 2
4928 6445 2
6445 1043 2
5027 6445 2
2637 6445 2
6445 1086 2
573 6445 2
6445 1221 2
6445 5303 2
2606 6445 2
158 6445 2
6445 2855 2
6445 2410 2
6445 1278 2
6445 2532 2
4634 6445 2
6445 5582 2
6445 3579 2
5932 6445 2
6203 6445 2
6445 3486 2
479 6445 2
6445 5711 2
6445 2871 2
3316 6445 2
6287 6445 2
684 6445 2
6403 6445 2
2005 6445 2
6445 2273 2
3612 6445 2
6445 3417 2
5607 6445 2
4728 6445 2
1203 6445 2
6445 5189 2
6445 3886 2
6445 202 2
2514 6445 2
2899 6445 2
6445 4420 2
6445 1551 2
1255 6445 2
6445 5273 2
6445 40 2
578 6445 2
6445 1889 2
271 6445 2
4599 6445 2
6445 5262 2
6445 6765 2
6445 2006 2
2560 6445 2
4352 6445 2
4968 6445 2
6445 6273 2
6445 5118 2
6445 640 2
6445 349 2
6445 4024 2
4462 6445 2
3366 6445 2
6445 2043 2
6659 6445 2
5938 6445 2
6445 3112 2
6443 6445 2
6445 5731 2
2203 6445 2
6445 3450 2
2675 6445 2
1911 6445 2
6134 6445 2
6445 1495 2
311 6445 2
1107 6445 2
3243 6445 2
2392 6445 2
6445 1298 2
6445 3472 2
6445 2518 2
5527 6445 2
6445 4042 2
3380 6445 2
6228 6445 2
3256 6445 2
6445 5705 2
6445 2 2
933 6445 2
6549 6445 2
6445 3178 2
6445 5907 2
6445 4866 2
6445 3383 2
6445 3348 2
6445 6776 2
6445 5208 2
3424 6445 2
6445 2974 2
3323 6445 2
2171 6445 2
160 6445 2
4998 6445 2
4068 6445 2
6445 327 2
6445 6433 2
6445 4857 2
826 6445 2
6445 2856 2
6445 5431 2
5700 6445 2
6221 6445 2
6445 5616 2
1193 6445 2
6445 6376 2
6445 5404 2
6014 6445 2
774 6445 2
5890 6445 2
986 6445 2
2195 6445 2
3954 6445 2
6445 1184 2
6445 3157 2
6445 788 2
6445 4244 2
2756 6445 2
6445 2548 2
4256 6445 2
600 6445 2
6445 6733 2
5363 6445 2
1835 6445 2
6445 3062 2
6572 6445 2
6445 3884 2
1987 6445 2
6445 608 2
6445 711 2
6445 3573 2
6445 4963 2
6445 896 2
6445 2447 2
6222 6445 2
6445 6168 2
6445 5438 2
309 6445 2
388 6445 2
2163 6445 2
6445 3560 2
4832 6445 2
6445 88 2
909 6445 2
5175 6445 2
6445 366 2
6445 2333 2
1869 6445 2
6445 2586 2
6445 3110 2
6445 6559 2
6445 2369 2
3321 6445 2
3587 6445 2
3875 6445 2
5578 6445 2
6445 1117 2
4565 6445 2
6445 3795 2
6690 6445 2
6445 5249 2
1018 6445 2
5941 6445 2
6445 3024 2
3155 6445 2
5083 6445 2
6415 6445 2
5332 6445 2
6445 6046 2
2215 6445 2
6445 3736 2
6445 1253 2
3493 6445 2
6445 2857 2
6445 772 2
6445 823 2
6445 1102 2
1264 6445 2
6445 4775 2
6445 3128 2
4913 6445 2
4350 6445 2
3923 6445 2
6445 449 2
5020 6445 2
6445 3888 2
6445 5318 2
650 6445 2
5242 6445 2
6445 738 2
3324 6445 2
5259 6445 2
6445 2832 2
6113 6445 2
926 6445 2
1988 6445 2
6754 6445 2
3357 6445 2
4507 6445 2
3706 6445 2
6445 5872 2
5590 6445 2
6445 5728 2
6445 4359 2
6315 6445 2
3381 6445 2
6445 1449 2
6445 5885 2
6445 6584 2
6445 1681 2
5354 6445 2
6445 2999 2
833 6445 2
6445 1899 2
6445 3416 2
6445 6619 2
3508 6445 2
6445 5168 2
821 6445 2
5642 6445 2
6445 4141 2
1536 6445 2
6445 6622 2
6445 1240 2
560 6445 2
6051 6445 2
6445 1007 2
6445 2535 2
1481 6445 2
562 6445 2
5568 6445 2
44 6445 2
2329 6445 2
6049 6445 2
2896 6445 2
6445 1508 2
6445 2949 2
5149 6445 2
4335 6445 2
690 6445 2
3592 6445 2
2065 6445 2
6445 1377 2
2755 6445 2
6445 3561 2
2411 6445 2
5944 6445 2
3014 6445 2
6445 6211 2
6445 1323 2
286 6445 2
1118 6445 2
955 6445 2
645 6445 2
6445 702 2
1123 6445 2
5619 6445 2
1931 6445 2
6445 6198 2
6445 5371 2
6445 2788 2
3665 6445 2
6445 2523 2
2960 6445 2
6445 5526 2
3448 6445 2
4592 6445 2
6445 5495 2
3812 6445 2
6445 1812 2
6445 4220 2
5686 6445 2
6445 6053 2
4257 6445 2
1880 6445 2
5075 6445 2
6383 6445 2
5847 6445 2
6445 6477 2
6445 1535 2
6232 6445 2
6445 5211 2
4924 6445 2
6445 754 2
6445 3115 2
6445 1912 2
5009 6445 2
6445 2093 2
6206 6445 2
6445 4097 2
6445 5162 2
5658 6445 2
6445 4099 2
6445 1663 2
3948 6445 2
1066 6445 2
5577 6445 2
6445 5889 2
3330 6445 2
6445 2118 2
70 6445 2
6465 6445 2
6445 6589 2
6445 2699 2
5884 6445 2
4311 6445 2
733 6445 2
6635 6445 2
4281 6445 2
3509 6445 2
6445 6437 2
2407 6445 2
3410 6445 2
6445 4837 2
6445 5641 2
6445 3015 2
1569 6445 2
847 6445 2
47 6445 2
6057 6445 2
4269 6445 2
2444 6445 2
4363 6445 2
1257 6445 2
4981 6445 2
6445 6244 2
6445 693 2
1003 6445 2
3159 6445 2
6445 3541 2
6445 4043 2
6445 518 2
1465 6445 2
6234 6445 2
6445 2631 2
3056 6445 2
4377 6445 2
6445 2944 2
4972 6445 2
6445 1955 2
6445 6094 2
6445 6184 2
4888 6445 2
6445 313 2
2161 6445 2
6445 2218 2
5290 6445 2
129 6445 2
5216 6445 2
6445 4204 2
2275 6445 2
6445 3142 2
6445 4029 2
1463 6445 2
5195 6445 2
6550 6445 2
6445 3368 2
3744 6445 2
6445 3986 2
5288 6445 2
2204 6445 2
3997 6445 2
6445 820 2
6445 1132 2
3407 6445 2
3524 6445 2
4628 6445 2
3421 6445 2
6217 6445 2
663 6445 2
6445 2283 2
6445 1612 2
6445 3532 2
6445 2222 2
6445 4684 2
6445 737 2
6445 416 2
6445 2828 2
6445 6751 2
6445 387 2
6078 6445 2
6445 2406 2
6445 5883 2
6267 6445 2
6445 3801 2
6163 6445 2
6617 6445 2
6445 3531 2
6445 6231 2
4781 6445 2
6445 2281 2
6445 1460 2
6445 5395 2
6445 378 2
1521 6445 2
5559 6445 2
132 6445 2
6445 5337 2
6445 438 2
6445 3985 2
6445 4361 2
6445 6223 2
6445 3353 2
2178 6445 2
513 6445 2
789 6445 2
2958 6445 2
4449 6445 2
6445 4835 2
6445 2651 2
5723 6445 2
6445 1963 2
6445 2770 2
5720 6445 2
6445 6339 2
5659 6445 2
6445 2763 2
6445 1378 2
5079 6445 2
6445 5830 2
6445 5675 2
6445 302 2
144 6445 2
6524 6445 2
1860 6445 2
3738 6445 2
5321 6445 2
6445 4616 2
3240 6445 2
3851 6445 2
34 6445 2
5575 6445 2
1657 6445 2
6445 5330 2
6445 2208 2
6445 1649 2
3236 6445 2
5133 6445 2
6445 2381 2
117 6445 2
102 6445 2
4010 6445 2
3269 6445 2
792 6445 2
6445 5483 2
6761 6445 2
1058 6445 2
2504 6445 2
6445 1503 2
6445 2255 2
1631 6445 2
3750 6445 2
3583 6445 2
6445 2482 2
1591 6445 2
6445 2402 2
6445 4511 2
6445 2713 2
6445 2950 2
6445 464 2
6445 3551 2
4191 6445 2
6445 5833 2
1177 6445 2
6445 6219 2
3782 6445 2
6445 2294 2
6445 2536 2
6445 641 2
2709 6445 2
6578 6445 2
273 6445 2
6445 5682 2
5392 6445 2
6445 3772 2
680 6445 2
6445 1671 2
6445 133 2
1470 6445 2
6445 1187 2
4536 6445 2
779 6445 2
5502 6445 2
6445 3734 2
2001 6445 2
6445 4853 2
6637 6445 2
6445 2733 2
6445 5710 2
5804 6445 2
4187 6445 2
5788 6445 2
6445 2134 2
6445 3224 2
6357 6445 2
6445 487 2
5886 6445 2
25 6445 2
1947 6445 2
6445 6758 2
6445 4475 2
4668 6445 2
6445 2000 2
3044 6445 2
3534 6445 2
1772 6445 2
6445 2432 2
6445 1767 2
6445 5623 2
6445 1761 2
1183 6445 2
6445 5407 2
6445 5327 2
6445 676 2
6445 3755 2
6445 4461 2
2144 6445 2
5785 6445 2
5219 6445 2
6445 4207 2
1453 6445 2
6445 1025 2
6445 3039 2
6445 2230 2
2692 6445 2
6445 361 2
6445 482 2
6551 6445 2
6445 2829 2
6445 5396 2
4108 6445 2
6445 6628 2
6445 3389 2
6652 6445 2
6445 3385 2
4435 6445 2
6445 503 2
6445 4240 2
1000 6445 2
3676 6445 2
6445 5323 2
2354 6445 2
4522 6445 2
6371 6445 2
6445 4834 2
6445 6755 2
6445 2636 2
1673 6445 2
4476 6445 2
6445 1181 2
6445 1969 2
6445 1995 2
1112 6445 2
4080 6445 2
6445 1858 2
1190 6445 2
6445 1867 2
6445 1156 2
1752 6445 2
4458 6445 2
1984 6445 2
6445 4712 2
6445 2622 2
587 6445 2
6445 3116 2
982 6445 2
1448 6445 2
4976 6445 2
6445 2626 2
3076 6445 2
6445 6041 2
4123 6445 2
6445 907 2
1290 6445 2
6445 1302 2
6445 1241 2
6445 5469 2
6353 6445 2
2691 6445 2
3097 6445 2
6445 4597 2
6445 4743 2
6476 6445 2
6445 2399 2
6445 2945 2
6445 3834 2
6445 6530 2
5563 6445 2
5037 6445 2
6445 2083 2
1197 6445 2
6445 3331 2
6445 4499 2
6445 110 2
1433 6445 2
659 6445 2
6 6445 2
809 6445 2
6445 1723 2
6445 902 2
6445 64 2
6372 6445 2
6445 2501 2
6445 2022 2
1600 6445 2
6445 5976 2
6445 4980 2
6445 2854 2
6445 6265 2
6445 5403 2
6445 6682 2
4254 6445 2
1668 6445 2
6445 2138 2
6445 3339 2
6445 4037 2
108 6445 2
4619 6445 2
6445 4446 2
6445 6639 2
6445 3902 2
6445 3936 2
6445 4570 2
6445 5312 2
6327 6445 2
5335 6445 2
6261 6445 2
2873 6445 2
6445 4253 2
6445 5599 2
4076 6445 2
6445 3342 2
400 6445 2
2972 6445 2
6445 4030 2
6445 119 2
6349 6445 2
2962 6445 2
6445 6767 2
1678 6445 2
6445 5060 2
6445 1106 2
2557 6445 2
6445 3836 2
1421 6445 2
6445 3238 2
4074 6445 2
2925 6445 2
3340 6445 2
3627 6445 2
6445 5598 2
3470 6445 2
6445 2419 2
456 6445 2
6445 5355 2
6445 4586 2
2750 6445 2
6445 3495 2
6445 1402 2
6445 2477 2
4515 6445 2
6558 6445 2
6445 2259 2
6445 1616 2
5555 6445 2
2388 6445 2
6445 3638 2
98 6445 2
6445 3390 2
6445 2774 2
6445 1348 2
6445 1528 2
4694 6445 2
5801 6445 2
1019 6445 2
3009 6445 2
4004 6445 2
6448 6445 2
6445 3023 2
1213 6445 2
6445 2769 2
6445 3359 2
6445 6296 2
6445 1104 2
6720 6445 2
2674 6445 2
6445 4905 2
6445 633 2
6445 1498 2
6445 412 2
6169 6445 2
6445 1786 2
6445 3259 2
6445 35 2
6445 5498 2
6445 4337 2
6636 6445 2
5863 6445 2
6445 5965 2
6445 5064 2
3641 6445 2
2597 6445 2
6445 1685 2
6445 5236 2
6047 6445 2
6445 1398 2
6489 6445 2
6445 4538 2
6445 4205 2
4130 6445 2
1646 6445 2
3938 6445 2
6445 6096 2
6445 1621 2
6445 970 2
6445 4970 2
6537 6445 2
6445 4127 2
6445 4368 2
6445 1002 2
1199 6445 2
2798 6445 2
6445 3374 2
6445 4419 2
6657 6445 2
6445 4221 2
6445 1028 2
5901 6445 2
4437 6445 2
981 6445 2
6445 3502 2
3303 6445 2
6445 2247 2
6445 1864 2
6445 4789 2
1423 6445 2
3140 6445 2
1778 6445 2
6445 2186 2
6445 2809 2
652 6445 2
6445 3753 2
5632 6445 2
6445 3164 2
1291 6445 2
715 6445 2
5507 6445 2
6445 330 2
6445 1233 2
6445 6748 2
6445 5843 2
6445 1957 2
6445 3691 2
2524 6445 2
6176 6445 2
6627 6445 2
4341 6445 2
280 6445 2
4100 6445 2
5511 6445 2
5153 6445 2
6445 528 2
6445 3605 2
6700 6445 2
6445 5197 2
2908 6445 2
1133 6445 2
6445 430 2
6445 6467 2
6445 996 2
6445 4089 2
441 6445 2
6445 4729 2
6445 6080 2
3518 6445 2
5818 6445 2
1948 6445 2
6445 1270 2
4930 6445 2
5215 6445 2
6445 1999 2
6445 727 2
1906 6445 2
1178 6445 2
6445 3552 2
3950 6445 2
6445 4569 2
1150 6445 2
6445 5368 2
6510 6445 2
6445 3176 2
6445 145 2
6445 6180 2
5352 6445 2
2293 6445 2
6445 5052 2
3430 6445 2
5284 6445 2
6445 535 2
2670 6445 2
4200 6445 2
6445 2412 2
4822 6445 2
1708 6445 2
6445 2758 2
6445 2746 2
192 6445 2
3394 6445 2
5087 6445 2
1644 6445 2
6445 5454 2
3788 6445 2
6445 3802 2
6445 2819 2
4039 6445 2
5908 6445 2
6445 2374 2
6445 1581 2
6445 1613 2
6445 1514 2
6445 4365 2
1803 6445 2
2019 6445 2
6445 3106 2
1063 6445 2
6044 6445 2
6677 6445 2
6445 3428 2
5190 6445 2
2442 6445 2
156 6445 2
6445 2009 2
6332 6445 2
5753 6445 2
2114 6445 2
6122 6445 2
1587 6445 2
6445 6160 2
6445 3639 2
6445 169 2
2768 6445 2
2267 6445 2
6513 6445 2
6445 2660 2
5400 6445 2
6445 3973 2
5102 6445 2
4049 6445 2
6445 4413 2
6445 3680 2
2254 6445 2
6445 700 2
6445 4758 2
6445 5749 2
4629 6445 2
3079 6445 2
6445 4196 2
6445 4589 2
6445 1023 2
4154 6445 2
6445 6709 2
6445 6511 2
4387 6445 2
2822 6445 2
6445 3429 2
6445 1610 2
5227 6445 2
6445 895 2
2666 6445 2
6445 6366 2
6445 4120 2
3908 6445 2
6255 6445 2
312 6445 2
1534 6445 2
1609 6445 2
6445 5223 2
873 6445 2
6445 6484 2
6445 5073 2
6445 5141 2
6445 4113 2
6445 3117 2
6445 470 2
6445 2509 2
6445 5485 2
2730 6445 2
6445 2265 2
6445 3475 2
2938 6445 2
1564 6445 2
6011 6445 2
6445 3004 2
2676 6445 2
6445 2184 2
5474 6445 2
6445 6152 2
2060 6445 2
6301 6445 2
6132 6445 2
6445 4021 2
6445 5915 2
6445 6569 2
5461 6445 2
6445 5346 2
6098 6445 2
5322 6445 2
5698 6445 2
5522 6445 2
4190 6445 2
5859 6445 2
5043 6445 2
6445 1629 2
1078 6445 2
2987 6445 2
3148 6445 2
6445 2049 2
6445 638 2
1045 6445 2
6445 6456 2
4249 6445 2
6445 2292 2
6445 122 2
6445 1946 2
5463 6445 2
6445 4144 2
4121 6445 2
4197 6445 2
6445 5674 2
6445 4497 2
6445 3626 2
1687 6445 2
6373 6445 2
6445 4473 2
6445 2137 2
6445 4846 2
6445 1254 2
6445 1094 2
6445 2710 2
6445 82 2
6445 1998 2
6445 4012 2
6445 4075 2
278 6445 2
4884 6445 2
3840 6445 2
2072 6445 2
6445 2298 2
6445 2652 2
6445 4818 2
6445 6631 2
2520 6445 2
3432 6445 2
964 6445 2
6445 4627 2
4385 6445 2
6445 5751 2
5194 6445 2
2760 6445 2
6445 5294 2
976 6445 2
6445 6131 2
6445 5287 2
6445 1293 2
1464 6445 2
6445 756 2
4329 6445 2
6445 849 2
2188 6445 2
6445 1598 2
4484 6445 2
4486 6445 2
6445 6186 2
1983 6445 2
6445 3879 2
5376 6445 2
6445 4309 2
5790 6445 2
6445 72 2
6445 6752 2
2618 6445 2
6445 3496 2
2717 6445 2
5776 6445 2
6445 428 2
5473 6445 2
6445 5662 2
6445 1420 2
3412 6445 2
6445 744 2
6445 6588 2
6445 6581 2
6445 6311 2
3849 6445 2
534 6445 2
6445 3624 2
3253 6445 2
6445 1648 2
6445 732 2
6445 81 2
6445 6772 2
6445 2796 2
6445 2040 2
6445 3584 2
4958 6445 2
2492 6445 2
6445 3126 2
6351 6445 2
6445 6242 2
581 6445 2
4011 6445 2
1103 6445 2
6445 4282 2
6445 1409 2
6445 2226 2
918 6445 2
6445 2173 2
6445 5108 2
6445 4013 2
5344 6445 2
1138 6445 2
6445 614 2
2503 6445 2
237 6445 2
6445 864 2
6445 3861 2
1519 6445 2
6445 5820 2
2216 6445 2
4505 6445 2
630 6445 2
4973 6445 2
6445 5687 2
2863 6445 2
6445 971 2
2158 6445 2
717 6445 2
6445 5583 2
1568 6445 2
2481 6445 2
6445 4992 2
2182 6445 2
6085 6445 2
898 6445 2
6445 5196 2
3603 6445 2
6445 1413 2
6445 6498 2
2595 6445 2
6445 1884 2
6445 2219 2
6445 2337 2
3535 6445 2
6445 5574 2
1907 6445 2
5636 6445 2
1739 6445 2
6445 6313 2
6445 4322 2
6445 3438 2
5292 6445 2
6445 2706 2
4838 6445 2
6714 6445 2
3070 6445 2
5280 6445 2
270 6445 2
6445 6565 2
5791 6445 2
6445 4179 2
6445 2279 2
5921 6445 2
6445 2513 2
6445 3675 2
6445 4524 2
6445 5735 2
5950 6445 2
6445 1159 2
2716 6445 2
6445 5614 2
3976 6445 2
6445 2667 2
6445 2282 2
6445 3476 2
6445 5846 2
6445 3874 2
6445 3695 2
5450 6445 2
4869 6445 2
2861 6445 2
6445 5663 2
6445 3310 2
6445 6083 2
5782 6445 2
3002 6445 2
6445 674 2
450 6445 2
6445 2811 2
6445 5786 2
6445 1065 2
6445 5771 2
6445 215 2
4574 6445 2
6445 5255 2
6411 6445 2
6445 4600 2
6445 6291 2
995 6445 2
3785 6445 2
6445 2955 2
6445 6185 2
6445 2081 2
5868 6445 2
5176 6445 2
6445 1863 2
6445 3830 2
2094 6445 2
530 6445 2
6445 3740 2
6445 3528 2
1390 6445 2
6445 1775 2
6664 6445 2
5373 6445 2
6445 1504 2
6445 5423 2
6064 6445 2
3020 6445 2
6445 4326 2
6445 2038 2
6445 5678 2
2534 6445 2
6445 4389 2
6445 2316 2
6445 1130 2
6445 5991 2
3972 6445 2
5980 6445 2
6238 6445 2
1336 6445 2
6445 6019 2
6445 5777 2
6445 101 2
6445 27 2
507 6445 2
1373 6445 2
3358 6445 2
6445 5328 2
6445 5226 2
6445 972 2
6445 3934 2
1759 6445 2
6445 394 2
4643 6445 2
6445 6663 2
6445 4791 2
6445 3728 2
6445 6600 2
6445 2970 2
6445 2244 2
6445 3764 2
6445 2894 2
4551 6445 2
5366 6445 2
6445 3898 2
6445 6356 2
6445 5475 2
6445 5380 2
6445 6029 2
4225 6445 2
6445 3767 2
6445 3689 2
2390 6445 2
6445 1392 2
263 6445 2
6445 6598 2
5528 6445 2
2155 6445 2
2440 6445 2
4116 6445 2
6445 298 2
2598 6445 2
2825 6445 2
6445 3207 2
6445 3141 2
5939 6445 2
6445 5822 2
6445 3307 2
6445 2401 2
6445 4054 2
103 6445 2
3281 6445 2
6445 3889 2
6445 4226 2
5516 6445 2
6445 2681 2
6445 2895 2
843 6445 2
2356 6445 2
6445 5160 2
48 6445 2
6445 5715 2
3071 6445 2
6445 2890 2
4845 6445 2
1217 6445 2
5269 6445 2
6445 671 2
6445 4724 2
6445 4949 2
4641 6445 2
6445 1549 2
6445 6461 2
6445 1777 2
5049 6445 2
6445 3064 2
6445 3391 2
1689 6445 2
5826 6445 2
