5601
874 2367 2
591 2367 2
2018 591 2
995 2018 2
2932 995 2
780 2932 2
780 2499 2
2499 4004 2
4004 1816 2
1816 2712 2
4089 2712 2
3318 4089 2
3318 2745 2
818 2745 2
175 818 2
175 5067 2
5067 4293 2
4293 2342 2
4324 2342 2
4324 372 2
2177 372 2
817 2177 2
817 3095 2
3095 1238 2
1238 4816 2
4816 39 2
39 1707 2
4839 1707 2
2706 4839 2
3379 2706 2
2046 3379 2
3848 2046 2
3848 5583 2
5583 213 2
1802 213 2
1802 2753 2
2753 2020 2
4489 2020 2
3866 4489 2
3866 3385 2
3385 1711 2
1413 1711 2
1413 1697 2
4290 1697 2
4290 3003 2
3003 5212 2
4793 5212 2
4793 3573 2
3573 3492 2
3492 909 2
909 2125 2
2125 4516 2
4516 458 2
3702 458 2
1965 3702 2
1320 1965 2
1320 3486 2
5092 3486 2
5092 4400 2
4165 4400 2
3188 4165 2
1680 3188 2
4829 1680 2
4829 2225 2
2225 2724 2
4761 2724 2
3816 4761 2
3816 2526 2
2526 4832 2
4832 5266 2
960 5266 2
960 69 2
69 654 2
2468 654 2
2468 4307 2
4307 156 2
156 3823 2
2490 3823 2
1576 2490 2
1576 237 2
411 237 2
2001 411 2
210 2001 2
101 210 2
3205 101 2
3205 199 2
3053 199 2
1003 3053 2
1003 819 2
3066 819 2
2805 3066 2
938 2805 2
938 2071 2
2071 5298 2
5298 559 2
3403 559 2
3403 1188 2
1188 4665 2
1266 4665 2
3468 1266 2
3468 1307 2
5475 1307 2
5013 5475 2
4498 5013 2
2920 4498 2
2406 2920 2
5223 2406 2
5223 481 2
481 3134 2
3134 4795 2
2356 4795 2
3677 2356 2
1985 3677 2
1985 5428 2
5428 3651 2
3651 2822 2
2822 1594 2
1221 1594 2
1221 1666 2
640 1666 2
640 1300 2
356 1300 2
1837 356 2
1649 1837 2
1649 3847 2
3847 4128 2
4128 5540 2
2650 5540 2
2034 2650 2
2034 3406 2
3406 2544 2
2544 4094 2
4094 706 2
4745 706 2
1260 4745 2
2954 1260 2
2954 2060 2
5394 2060 2
5394 5291 2
4656 5291 2
1741 4656 2
1839 1741 2
765 1839 2
2213 765 2
2213 2489 2
2489 1182 2
4723 1182 2
4723 4684 2
4823 4684 2
4823 4241 2
4241 5097 2
4036 5097 2
4036 823 2
823 1001 2
333 1001 2
333 2960 2
2960 3110 2
5173 3110 2
3270 5173 2
3270 386 2
284 386 2
284 3415 2
3415 2709 2
2709 3959 2
3959 744 2
2638 744 2
2615 2638 2
2615 490 2
490 2995 2
2995 2305 2
582 2305 2
582 1405 2
1405 958 2
958 3227 2
3227 1054 2
1054 3782 2
4367 3782 2
611 4367 2
611 2823 2
2823 4220 2
3075 4220 2
3075 2171 2
2103 2171 2
2188 2103 2
4564 2188 2
4564 2730 2
2730 3378 2
5597 3378 2
5597 936 2
2988 936 2
4333 2988 2
4381 4333 2
954 4381 2
954 1974 2
1913 1974 2
1913 2997 2
5284 2997 2
678 5284 2
1399 678 2
2392 1399 2
5580 2392 2
5580 3668 2
3668 3447 2
503 3447 2
4581 503 2
4581 4612 2
639 4612 2
5073 639 2
5073 4604 2
4604 1674 2
3137 1674 2
3137 615 2
615 4648 2
4648 4880 2
4880 779 2
1719 779 2
1719 4812 2
4812 3234 2
3234 1586 2
1586 1945 2
1945 3830 2
2076 3830 2
2076 620 2
620 5226 2
5226 174 2
174 3775 2
3775 3210 2
1052 3210 2
1052 4610 2
2415 4610 2
3226 2415 2
3226 4270 2
4270 3297 2
3297 3243 2
3243 2641 2
2641 2672 2
2672 1524 2
1524 798 2
798 89 2
89 4166 2
3517 4166 2
2070 3517 2
1871 2070 2
449 1871 2
449 892 2
892 4375 2
4375 1209 2
3855 1209 2
3855 1573 2
1585 1573 2
1585 653 2
2106 653 2
2106 1613 2
43 1613 2
43 2259 2
2259 5489 2
4895 5489 2
4895 3542 2
4348 3542 2
4348 364 2
3170 364 2
4028 3170 2
4028 2294 2
530 2294 2
530 3432 2
5327 3432 2
5327 2253 2
2253 2774 2
3451 2774 2
3451 1962 2
1962 5241 2
4639 5241 2
4639 4393 2
4393 5122 2
5122 2112 2
1135 2112 2
5039 1135 2
4909 5039 2
4909 3916 2
4225 3916 2
4225 168 2
2480 168 2
2028 2480 2
596 2028 2
1603 596 2
1603 2172 2
2209 2172 2
2209 3046 2
2585 3046 2
2250 2585 2
2250 4256 2
4256 3393 2
3393 2279 2
3478 2279 2
3399 3478 2
5361 3399 2
5261 5361 2
5261 2524 2
2524 4121 2
3628 4121 2
4419 3628 2
2346 4419 2
152 2346 2
152 4514 2
3597 4514 2
5342 3597 2
5342 3091 2
3091 1369 2
1369 3652 2
3652 4999 2
5563 4999 2
2283 5563 2
2283 3746 2
3746 4671 2
4575 4671 2
3238 4575 2
5429 3238 2
3719 5429 2
1236 3719 2
1236 3695 2
3695 479 2
479 3011 2
260 3011 2
1797 260 2
1797 4271 2
4271 3624 2
5534 3624 2
5534 1243 2
1243 4898 2
4811 4898 2
4811 4475 2
4475 878 2
3088 878 2
3088 4111 2
3363 4111 2
3363 9 2
4984 9 2
3123 4984 2
1389 3123 2
1389 3932 2
670 3932 2
670 3420 2
1459 3420 2
1459 1696 2
3056 1696 2
4558 3056 2
4558 786 2
786 3587 2
3587 2576 2
2576 5202 2
4299 5202 2
4299 1850 2
1850 5520 2
5520 5199 2
5199 2478 2
4360 2478 2
4360 229 2
5216 229 2
4185 5216 2
4421 4185 2
4421 4623 2
4623 5118 2
3128 5118 2
469 3128 2
469 99 2
99 5148 2
5148 1934 2
2374 1934 2
2374 4721 2
137 4721 2
137 1780 2
5309 1780 2
5309 4275 2
4275 350 2
5301 350 2
5301 3910 2
5404 3910 2
5404 332 2
2958 332 2
1636 2958 2
1636 3275 2
5543 3275 2
5543 2157 2
5193 2157 2
4255 5193 2
4395 4255 2
4732 4395 2
5400 4732 2
5400 4983 2
4983 5229 2
5229 4073 2
4297 4073 2
2883 4297 2
2883 3290 2
5245 3290 2
5245 3920 2
683 3920 2
683 2505 2
5541 2505 2
4407 5541 2
787 4407 2
787 5064 2
5064 3212 2
671 3212 2
671 902 2
3231 902 2
3519 3231 2
4725 3519 2
3263 4725 2
3263 4309 2
4309 301 2
5049 301 2
5049 1661 2
3516 1661 2
4906 3516 2
4906 5277 2
4982 5277 2
4982 1358 2
1358 5461 2
5461 5577 2
2719 5577 2
2719 850 2
850 2360 2
2360 5391 2
4267 5391 2
1208 4267 2
1905 1208 2
1905 3680 2
5147 3680 2
5147 277 2
3802 277 2
3596 3802 2
3596 752 2
752 130 2
276 130 2
276 5512 2
2768 5512 2
2182 2768 2
2182 1381 2
1381 5171 2
1222 5171 2
222 1222 2
222 3037 2
3037 3202 2
185 3202 2
185 1520 2
1520 1061 2
1045 1061 2
627 1045 2
627 650 2
650 2281 2
2281 402 2
402 3111 2
3351 3111 2
1474 3351 2
1474 1566 2
3555 1566 2
3555 5431 2
2113 5431 2
2113 4471 2
1560 4471 2
1560 3112 2
5456 3112 2
3521 5456 2
5359 3521 2
3896 5359 2
2276 3896 2
2276 783 2
757 783 2
113 757 2
113 816 2
1245 816 2
931 1245 2
3365 931 2
3365 3098 2
3608 3098 2
3608 1775 2
1775 4150 2
4150 3833 2
1183 3833 2
1183 4029 2
3258 4029 2
3258 2966 2
5104 2966 2
2450 5104 2
4662 2450 2
1529 4662 2
1529 1574 2
1574 5377 2
3013 5377 2
3013 1040 2
4884 1040 2
499 4884 2
499 2549 2
2549 3260 2
3965 3260 2
205 3965 2
205 1267 2
3325 1267 2
1885 3325 2
1885 4265 2
3779 4265 2
3779 2748 2
2377 2748 2
2377 3433 2
3433 2588 2
2588 336 2
336 3473 2
2434 3473 2
2323 2434 2
2323 5349 2
5349 1742 2
1742 1322 2
3849 1322 2
911 3849 2
4534 911 2
4784 4534 2
3809 4784 2
3809 3797 2
3797 5423 2
5423 4611 2
3305 4611 2
3305 2801 2
2801 3026 2
2636 3026 2
3482 2636 2
5467 3482 2
2055 5467 2
3104 2055 2
5366 3104 2
5366 5350 2
3890 5350 2
700 3890 2
2452 700 2
567 2452 2
567 2838 2
1011 2838 2
1011 4137 2
4697 4137 2
2408 4697 2
83 2408 2
1043 83 2
1043 2100 2
2100 3645 2
3645 3527 2
470 3527 2
470 3836 2
984 3836 2
984 4368 2
5469 4368 2
5469 1522 2
1522 1916 2
1916 2101 2
3330 2101 2
3149 3330 2
977 3149 2
665 977 2
4576 665 2
349 4576 2
2686 349 2
2686 5585 2
2931 5585 2
2931 84 2
5240 84 2
5240 4677 2
4677 1693 2
1693 2380 2
2994 2380 2
2998 2994 2
2998 4769 2
4769 169 2
169 3368 2
3368 1753 2
200 1753 2
200 2842 2
3675 2842 2
5374 3675 2
5374 5095 2
359 5095 2
593 359 2
593 1214 2
1214 2760 2
2760 1161 2
2355 1161 2
2355 3023 2
2308 3023 2
2922 2308 2
2922 1325 2
1325 3924 2
5446 3924 2
4406 5446 2
4406 348 2
348 2240 2
2945 2240 2
61 2945 2
1648 61 2
4633 1648 2
4633 2864 2
2864 3281 2
4954 3281 2
4954 1530 2
1306 1530 2
1306 3562 2
3253 3562 2
3253 3172 2
3172 3198 2
3198 73 2
73 5462 2
5462 4688 2
4995 4688 2
151 4995 2
151 2423 2
3665 2423 2
3665 2424 2
2424 5000 2
5000 5232 2
764 5232 2
1931 764 2
1931 2211 2
2211 361 2
5114 361 2
184 5114 2
184 1511 2
1511 2062 2
3179 2062 2
3179 4201 2
4201 3445 2
3445 3886 2
3886 4238 2
4213 4238 2
1285 4213 2
1196 1285 2
1196 3225 2
3225 3506 2
3506 5190 2
3471 5190 2
3471 3164 2
3750 3164 2
3750 3207 2
3207 3922 2
3922 1686 2
1686 4719 2
4719 1432 2
460 1432 2
3524 460 2
3524 3255 2
1907 3255 2
1907 4749 2
4749 664 2
4746 664 2
4746 3373 2
3373 1110 2
1110 114 2
1692 114 2
1692 489 2
489 419 2
5060 419 2
204 5060 2
204 2859 2
4773 2859 2
4773 1785 2
1785 3136 2
4278 3136 2
4278 5430 2
3879 5430 2
388 3879 2
388 4465 2
4617 4465 2
4617 2161 2
2161 3948 2
3948 3575 2
3575 3006 2
3027 3006 2
3027 4269 2
4269 959 2
1563 959 2
4861 1563 2
4861 3566 2
3566 3425 2
3350 3425 2
3350 1019 2
1019 2025 2
4855 2025 2
4855 4729 2
5481 4729 2
5481 4710 2
4710 5403 2
5053 5403 2
2088 5053 2
1628 2088 2
1002 1628 2
74 1002 2
3306 74 2
3306 4566 2
2659 4566 2
2702 2659 2
763 2702 2
1805 763 2
1805 2947 2
2947 4601 2
4601 3213 2
3213 2929 2
3276 2929 2
519 3276 2
4021 519 2
3654 4021 2
3654 4805 2
5055 4805 2
3961 5055 2
1360 3961 2
1107 1360 2
1107 1726 2
1726 517 2
517 1621 2
1621 2928 2
2504 2928 2
4030 2504 2
2246 4030 2
2246 5169 2
2443 5169 2
2443 2310 2
1609 2310 2
1609 3355 2
992 3355 2
5255 992 2
5181 5255 2
2017 5181 2
2527 2017 2
4280 2527 2
4486 4280 2
4486 1455 2
1455 5243 2
4501 5243 2
2395 4501 2
2230 2395 2
2230 600 2
600 3870 2
2376 3870 2
406 2376 2
406 4110 2
2965 4110 2
3765 2965 2
2465 3765 2
3925 2465 2
3925 5098 2
3122 5098 2
3122 5460 2
2338 5460 2
2338 870 2
870 560 2
2484 560 2
3601 2484 2
3601 838 2
1025 838 2
1025 5085 2
5085 64 2
3523 64 2
3523 176 2
176 1656 2
1656 737 2
2339 737 2
2339 4659 2
5086 4659 2
5086 1254 2
1254 749 2
947 749 2
300 947 2
300 4873 2
4873 2670 2
2670 5152 2
5152 708 2
1103 708 2
4147 1103 2
4147 4609 2
1141 4609 2
1141 2002 2
2002 526 2
526 3154 2
5424 3154 2
5424 1768 2
1768 1324 2
2891 1324 2
2891 1078 2
1861 1078 2
1861 5341 2
5341 5288 2
2901 5288 2
3872 2901 2
3872 3986 2
3986 1184 2
1184 3282 2
3282 5513 2
5513 78 2
4699 78 2
4699 5398 2
2322 5398 2
2322 1858 2
2153 1858 2
4956 2153 2
4956 848 2
2832 848 2
2832 327 2
327 302 2
302 2763 2
2763 4453 2
4453 4195 2
646 4195 2
646 1740 2
3735 1740 2
4287 3735 2
4287 4908 2
1969 4908 2
1969 5473 2
3724 5473 2
3724 5210 2
2797 5210 2
2797 2229 2
307 2229 2
307 3987 2
5066 3987 2
3407 5066 2
5516 3407 2
5516 2059 2
2059 3158 2
2546 3158 2
3127 2546 2
3127 564 2
2110 564 2
2110 3041 2
3041 3256 2
3256 3289 2
3289 2192 2
2192 4058 2
3907 4058 2
3907 283 2
283 2444 2
2444 241 2
5175 241 2
588 5175 2
588 2228 2
1765 2228 2
1765 4825 2
4825 1667 2
1117 1667 2
1117 5500 2
5500 5367 2
5367 4006 2
1928 4006 2
1928 3490 2
57 3490 2
2804 57 2
2804 2404 2
2404 1323 2
1134 1323 2
4304 1134 2
3799 4304 2
3799 4637 2
3413 4637 2
5589 3413 2
5589 2791 2
2777 2791 2
656 2777 2
2156 656 2
2473 2156 2
2473 1989 2
717 1989 2
747 717 2
67 747 2
546 67 2
546 146 2
146 72 2
72 4288 2
4288 3881 2
3881 5441 2
1344 5441 2
1344 3606 2
3606 1944 2
1732 1944 2
1732 4789 2
2134 4789 2
2134 2302 2
2302 4152 2
4152 989 2
989 1643 2
2905 1643 2
2905 4044 2
4044 4946 2
4946 440 2
440 4163 2
864 4163 2
4391 864 2
4136 4391 2
1683 4136 2
5515 1683 2
5515 1593 2
111 1593 2
111 267 2
267 3617 2
1 3617 2
4354 1 2
4354 1475 2
1475 2427 2
2427 254 2
5271 254 2
633 5271 2
633 3178 2
4042 3178 2
4042 1084 2
4491 1084 2
1028 4491 2
879 1028 2
4262 879 2
5088 4262 2
5445 5088 2
4644 5445 2
4644 7 2
7 120 2
1213 120 2
483 1213 2
483 2572 2
4204 2572 2
4237 4204 2
4969 4237 2
4969 2066 2
172 2066 2
4046 172 2
4046 2425 2
4446 2425 2
4446 3239 2
3239 2298 2
3280 2298 2
1247 3280 2
219 1247 2
4717 219 2
3619 4717 2
3619 2583 2
2583 55 2
55 3487 2
3487 2613 2
2613 2605 2
2605 751 2
751 981 2
1559 981 2
477 1559 2
1845 477 2
51 1845 2
51 1627 2
2808 1627 2
4698 2808 2
1059 4698 2
2152 1059 2
2152 4084 2
5550 4084 2
5550 1101 2
1101 3039 2
2047 3039 2
1269 2047 2
1269 872 2
872 944 2
288 944 2
288 4205 2
1174 4205 2
1174 2384 2
2384 901 2
901 729 2
729 889 2
4786 889 2
4786 3915 2
3973 3915 2
3973 520 2
520 4266 2
4266 1784 2
1784 4313 2
4822 4313 2
3984 4822 2
3984 3694 2
3694 668 2
668 741 2
1420 741 2
1420 978 2
978 2925 2
3929 2925 2
2816 3929 2
518 2816 2
518 1817 2
1817 1062 2
4051 1062 2
3593 4051 2
3593 1549 2
1549 1813 2
1813 4642 2
412 4642 2
412 1479 2
2040 1479 2
2040 1301 2
3352 1301 2
3648 3352 2
2893 3648 2
2893 2244 2
2244 378 2
2135 378 2
2135 54 2
1127 54 2
3681 1127 2
3681 1852 2
1852 5168 2
5168 2622 2
5355 2622 2
5355 3736 2
5525 3736 2
5525 2327 2
4055 2327 2
2329 4055 2
4896 2329 2
4896 3558 2
4669 3558 2
4669 3334 2
4911 3334 2
4911 506 2
506 2591 2
2868 2591 2
3479 2868 2
4886 3479 2
4886 1039 2
735 1039 2
3206 735 2
3206 379 2
2835 379 2
2835 3891 2
3891 3664 2
3664 4200 2
2132 4200 2
2132 4027 2
4027 123 2
5434 123 2
5434 2811 2
2811 22 2
2074 22 2
2074 1717 2
4758 1717 2
3434 4758 2
3434 1721 2
1721 3080 2
5179 3080 2
4007 5179 2
660 4007 2
660 2711 2
3068 2711 2
3068 5410 2
4227 5410 2
1595 4227 2
4605 1595 2
4605 3614 2
3614 3762 2
3762 3441 2
3441 2590 2
659 2590 2
659 2612 2
2612 3526 2
3526 471 2
471 2871 2
2871 224 2
4741 224 2
4741 3551 2
5109 3551 2
5109 4314 2
652 4314 2
1377 652 2
1981 1377 2
4221 1981 2
4221 4411 2
1553 4411 2
1553 3264 2
3264 322 2
711 322 2
4542 711 2
3219 4542 2
3545 3219 2
1584 3545 2
2495 1584 2
2495 1372 2
1372 4109 2
4109 4343 2
2405 4343 2
511 2405 2
511 3161 2
2500 3161 2
2500 3598 2
1624 3598 2
5262 1624 2
5262 4289 2
1488 4289 2
1488 538 2
538 2880 2
2880 3620 2
3620 498 2
5143 498 2
4106 5143 2
4106 30 2
30 3196 2
4105 3196 2
4932 4105 2
4932 4186 2
4186 3286 2
2335 3286 2
2335 1652 2
1652 3392 2
785 3392 2
785 536 2
536 2449 2
2449 3014 2
3747 3014 2
2918 3747 2
4156 2918 2
447 4156 2
4691 447 2
4691 1364 2
2917 1364 2
4223 2917 2
4223 4541 2
4552 4541 2
1129 4552 2
1004 1129 2
4735 1004 2
773 4735 2
773 1374 2
1374 3564 2
85 3564 2
85 2617 2
2617 1502 2
3760 1502 2
4436 3760 2
4436 3278 2
760 3278 2
194 760 2
2677 194 2
2677 661 2
4919 661 2
1016 4919 2
515 1016 2
515 197 2
197 3904 2
3822 3904 2
3822 4060 2
4194 4060 2
2778 4194 2
2778 1746 2
1746 2865 2
2865 2345 2
3182 2345 2
4222 3182 2
4718 4222 2
5137 4718 2
5137 2319 2
3356 2319 2
5310 3356 2
3990 5310 2
2602 3990 2
3292 2602 2
3292 3038 2
3038 1781 2
2561 1781 2
4952 2561 2
4952 1853 2
5141 1853 2
522 5141 2
522 4469 2
4469 2370 2
1257 2370 2
1257 4518 2
4518 1606 2
4844 1606 2
4844 1244 2
1244 3246 2
3246 4971 2
5599 4971 2
3793 5599 2
4708 3793 2
4708 2185 2
1456 2185 2
1456 2800 2
3856 2800 2
3856 3996 2
3996 3495 2
3495 1142 2
1142 1947 2
3362 1947 2
3362 1645 2
606 1645 2
606 310 2
1866 310 2
4499 1866 2
4499 2029 2
1694 2029 2
5326 1694 2
5459 5326 2
3017 5459 2
3017 5023 2
5023 858 2
858 4813 2
4592 4813 2
4592 4233 2
723 4233 2
5590 723 2
5025 5590 2
5025 4155 2
2852 4155 2
2852 4980 2
4371 4980 2
4371 3989 2
2410 3989 2
3214 2410 2
5559 3214 2
5559 896 2
896 4154 2
4154 3997 2
3997 4997 2
4997 161 2
3845 161 2
2280 3845 2
2280 2126 2
140 2126 2
140 1575 2
384 1575 2
2476 384 2
2476 868 2
868 2647 2
2647 5504 2
5504 1600 2
2946 1600 2
2946 1960 2
3346 1960 2
4423 3346 2
4423 3528 2
3528 2586 2
2586 1897 2
5474 1897 2
5474 5145 2
1321 5145 2
1321 2779 2
4890 2779 2
4890 3688 2
1066 3688 2
1066 3943 2
3943 1840 2
5174 1840 2
5174 3057 2
5347 3057 2
5594 5347 2
5594 3751 2
124 3751 2
4159 124 2
1313 4159 2
5373 1313 2
2108 5373 2
2108 3335 2
932 3335 2
932 5544 2
5544 1335 2
5565 1335 2
3121 5565 2
3721 3121 2
2536 3721 2
2536 1383 2
1662 1383 2
1518 1662 2
1518 4032 2
2000 4032 2
4949 2000 2
2482 4949 2
2482 4346 2
4346 1704 2
3882 1704 2
2699 3882 2
2699 5503 2
3789 5503 2
1468 3789 2
3840 1468 2
3640 3840 2
3640 2324 2
2324 2418 2
1894 2418 2
3535 1894 2
3535 842 2
842 3089 2
298 3089 2
298 1966 2
1888 1966 2
1888 5352 2
1571 5352 2
1571 1619 2
1619 4951 2
4951 946 2
3194 946 2
423 3194 2
2623 423 2
2623 1803 2
2194 1803 2
2194 2010 2
2010 2023 2
2023 1750 2
1818 1750 2
1818 4437 2
4437 2117 2
2117 3641 2
3641 5566 2
5566 1020 2
1020 4878 2
4878 3900 2
3131 3900 2
465 3131 2
465 821 2
3456 821 2
1276 3456 2
1276 2469 2
4328 2469 2
3247 4328 2
658 3247 2
2256 658 2
4272 2256 2
4133 4272 2
4133 3546 2
3546 2682 2
2682 844 2
844 1483 2
3054 1483 2
4960 3054 2
4960 3612 2
1291 3612 2
1291 4907 2
3968 4907 2
1983 3968 2
5167 1983 2
5167 405 2
2431 405 2
2431 3883 2
5535 3883 2
5535 3409 2
3409 3804 2
3804 94 2
1319 94 2
4950 1319 2
4950 3106 2
3106 1431 2
1431 2448 2
2448 4967 2
2817 4967 2
1355 2817 2
1199 1355 2
1199 2075 2
1098 2075 2
1098 3049 2
3976 3049 2
3976 2870 2
5157 2870 2
4352 5157 2
4352 4340 2
4340 1821 2
1821 4707 2
4707 4144 2
945 4144 2
557 945 2
557 3337 2
2899 3337 2
2899 5280 2
5178 5280 2
5178 4350 2
4350 3113 2
1855 3113 2
1542 1855 2
4840 1542 2
1499 4840 2
3574 1499 2
4941 3574 2
617 4941 2
4597 617 2
4597 1681 2
1089 1681 2
1089 1181 2
772 1181 2
192 772 2
3331 192 2
3331 5553 2
5553 562 2
562 1789 2
1996 1789 2
1996 1824 2
429 1824 2
2416 429 2
3342 2416 2
4557 3342 2
4557 4864 2
1923 4864 2
1923 3215 2
3215 126 2
5019 126 2
5019 4 2
4 2780 2
4470 2780 2
3414 4470 2
3380 3414 2
3380 5389 2
5389 3913 2
4281 3913 2
4281 2262 2
4993 2262 2
5300 4993 2
5300 5249 2
4700 5249 2
157 4700 2
4931 157 2
1672 4931 2
1672 4480 2
4480 792 2
330 792 2
3366 330 2
3366 4011 2
4011 5444 2
5444 4231 2
4231 4212 2
4212 4774 2
4774 3496 2
3496 21 2
2642 21 2
2642 375 2
491 375 2
491 3670 2
2532 3670 2
3921 2532 2
3921 3036 2
1915 3036 2
1915 917 2
917 65 2
5458 65 2
5458 1496 2
1496 2039 2
4519 2039 2
1562 4519 2
3022 1562 2
5485 3022 2
2964 5485 2
1968 2964 2
1968 3715 2
1255 3715 2
1788 1255 2
1788 1534 2
3687 1534 2
3687 4099 2
1037 4099 2
1359 1037 2
1359 4562 2
5120 4562 2
5120 1277 2
1211 1277 2
1211 1878 2
1878 3059 2
3061 3059 2
3061 1891 2
4461 1891 2
4461 922 2
922 4865 2
1057 4865 2
1057 927 2
4525 927 2
4525 2973 2
2973 991 2
991 2910 2
1815 2910 2
3079 1815 2
3079 3621 2
3621 561 2
561 2446 2
552 2446 2
552 3672 2
3672 3931 2
3931 2574 2
5529 2574 2
5529 3788 2
3788 540 2
5386 540 2
5386 743 2
1290 743 2
1290 1762 2
3391 1762 2
3391 5378 2
164 5378 2
164 5008 2
5494 5008 2
1428 5494 2
1428 2498 2
143 2498 2
1470 143 2
107 1470 2
107 1105 2
1105 972 2
972 3152 2
3152 698 2
4384 698 2
4384 2668 2
2668 2079 2
4294 2079 2
4294 3578 2
3578 3636 2
40 3636 2
4584 40 2
13 4584 2
13 5203 2
774 5203 2
774 720 2
5146 720 2
5146 3333 2
968 3333 2
968 2320 2
323 2320 2
3474 323 2
4217 3474 2
4217 4579 2
4579 693 2
693 1550 2
133 1550 2
1220 133 2
1220 1587 2
1587 4851 2
4851 4191 2
2731 4191 2
263 2731 2
263 3162 2
3162 1018 2
3271 1018 2
3271 394 2
4602 394 2
4602 3718 2
3718 3770 2
3770 4657 2
4657 705 2
2272 705 2
3477 2272 2
1409 3477 2
924 1409 2
3071 924 2
2752 3071 2
2752 2680 2
2680 2693 2
5188 2693 2
2222 5188 2
2222 5371 2
5371 58 2
718 58 2
718 3298 2
3298 3374 2
1394 3374 2
1654 1394 2
1170 1654 2
1170 3021 2
3021 2151 2
2151 1929 2
875 1929 2
875 1787 2
1787 3884 2
3884 4616 2
4616 4539 2
5069 4539 2
1178 5069 2
1178 1333 2
1352 1333 2
3455 1352 2
3646 3455 2
3733 3646 2
3733 1954 2
1954 3647 2
3222 3647 2
4305 3222 2
4305 5253 2
324 5253 2
1041 324 2
1041 4692 2
4692 1010 2
1010 2052 2
4096 2052 2
1806 4096 2
1806 2560 2
2560 183 2
183 5102 2
5102 3108 2
1700 3108 2
5182 1700 2
2555 5182 2
100 2555 2
100 3410 2
3410 1892 2
1892 3156 2
797 3156 2
1155 797 2
1155 1874 2
1092 1874 2
3585 1092 2
3585 590 2
144 590 2
4580 144 2
4706 4580 2
4706 2972 2
1288 2972 2
1288 3634 2
3634 952 2
952 1367 2
3717 1367 2
311 3717 2
1033 311 2
4879 1033 2
4879 1231 2
3776 1231 2
3776 3953 2
3953 1904 2
1904 1884 2
822 1884 2
5417 822 2
5417 1653 2
869 1653 2
869 5471 2
3191 5471 2
452 3191 2
4326 452 2
4326 5003 2
4477 5003 2
47 4477 2
2875 47 2
415 2875 2
415 3093 2
3093 1841 2
1626 1841 2
15 1626 2
15 2607 2
1264 2607 2
1832 1264 2
1832 2239 2
2239 4490 2
4490 553 2
553 2201 2
1862 2201 2
239 1862 2
239 3783 2
1395 3783 2
990 1395 2
1263 990 2
1146 1263 2
1146 1393 2
4852 1393 2
4303 4852 2
4341 4303 2
5059 4341 2
5059 3058 2
3058 681 2
681 928 2
928 2656 2
2691 2656 2
4905 2691 2
4905 996 2
5385 996 2
1792 5385 2
1380 1792 2
1380 3508 2
3508 2625 2
2625 4587 2
4587 4493 2
4388 4493 2
832 4388 2
832 1709 2
1709 4088 2
4140 4088 2
4140 3063 2
3063 3339 2
4826 3339 2
3435 4826 2
3435 4586 2
5331 4586 2
3981 5331 2
2784 3981 2
414 2784 2
414 4540 2
4682 4540 2
4682 3130 2
3130 3381 2
3381 1029 2
1029 3581 2
3581 5172 2
5172 5457 2
252 5457 2
252 5026 2
5026 4190 2
3944 4190 2
3590 3944 2
3590 775 2
1252 775 2
1252 4788 2
3073 4788 2
2461 3073 2
3240 2461 2
3240 3347 2
3347 2181 2
3361 2181 2
3361 1223 2
1223 5401 2
5401 5132 2
5132 1036 2
1036 4857 2
813 4857 2
2720 813 2
4483 2720 2
899 4483 2
899 4246 2
4517 4246 2
4517 4285 2
980 4285 2
245 980 2
245 767 2
767 2863 2
2863 1552 2
1552 5035 2
5035 3299 2
3299 2197 2
2197 2637 2
4364 2637 2
1176 4364 2
1176 3175 2
3175 5082 2
5082 3972 2
5554 3972 2
5554 4877 2
4877 4268 2
4268 4910 2
4910 2144 2
4077 2144 2
4325 4077 2
4924 4325 2
3274 4924 2
1471 3274 2
1471 3426 2
3426 5162 2
5162 2785 2
2765 2785 2
326 2765 2
326 4959 2
4959 487 2
2646 487 2
2646 66 2
923 66 2
716 923 2
740 716 2
3187 740 2
3187 1143 2
1143 4643 2
4643 2845 2
2845 4184 2
4184 128 2
128 2935 2
2935 3732 2
3732 3609 2
5493 3609 2
4301 5493 2
3107 4301 2
3107 1429 2
5036 1429 2
781 5036 2
353 781 2
353 368 2
368 4473 2
1094 4473 2
1278 1094 2
1278 4847 2
5170 4847 2
5170 4261 2
4261 4020 2
5307 4020 2
2933 5307 2
3257 2933 2
3257 3499 2
3499 3711 2
5015 3711 2
1294 5015 2
1294 2252 2
2252 2734 2
5057 2734 2
424 5057 2
424 4365 2
4365 186 2
4177 186 2
4177 2790 2
2790 1337 2
1023 1337 2
1023 2016 2
1533 2016 2
1303 1533 2
5164 1303 2
3692 5164 2
3692 2523 2
3249 2523 2
3877 3249 2
255 3877 2
2692 255 2
2692 249 2
249 4626 2
897 4626 2
897 1599 2
1599 1458 2
5413 1458 2
4248 5413 2
4320 4248 2
4320 1917 2
1917 791 2
3689 791 2
4940 3689 2
4940 4211 2
4953 4211 2
4953 4002 2
4002 1270 2
2462 1270 2
2810 2462 2
2810 4939 2
4939 3412 2
1139 3412 2
3043 1139 2
2312 3043 2
2312 5282 2
5282 4565 2
4565 4079 2
721 4079 2
721 2413 2
2413 4938 2
4938 950 2
793 950 2
793 4327 2
4327 1138 2
1138 4335 2
4972 4335 2
4972 3109 2
3109 5128 2
5128 5466 2
4892 5466 2
4892 1425 2
3704 1425 2
3704 3317 2
3317 5530 2
5530 5332 2
5332 2664 2
5151 2664 2
5151 3074 2
342 3074 2
342 304 2
890 304 2
4487 890 2
4487 2186 2
2186 1838 2
1838 2301 2
5372 2301 2
5372 2721 2
2078 2721 2
2078 1055 2
3511 1055 2
3285 3511 2
1895 3285 2
2111 1895 2
2111 577 2
577 2383 2
2383 2887 2
2303 2887 2
2303 2037 2
2475 2037 2
2475 2866 2
2866 3203 2
3203 4405 2
3887 4405 2
3887 5363 2
5393 5363 2
5393 3230 2
2593 3230 2
2593 3831 2
2840 3831 2
2840 2470 2
4488 2470 2
5007 4488 2
5007 2993 2
2993 2121 2
2121 5496 2
5496 2297 2
2297 3582 2
1035 3582 2
1035 3133 2
3133 8 2
2944 8 2
2944 4114 2
4114 707 2
1111 707 2
5305 1111 2
5305 4251 2
4251 294 2
3714 294 2
2927 3714 2
23 2927 2
3428 23 2
1317 3428 2
1317 4594 2
2848 4594 2
644 2848 2
3398 644 2
3398 2569 2
2569 3370 2
2163 3370 2
2163 1416 2
1416 5217 2
5217 4928 2
4928 5562 2
5562 265 2
2581 265 2
2581 1827 2
1827 5080 2
5072 5080 2
5072 2669 2
2669 3583 2
3748 3583 2
5071 3748 2
2952 5071 2
2952 443 2
4990 443 2
4990 4977 2
4977 3726 2
1940 3726 2
1940 4358 2
4115 4358 2
4115 1299 2
1299 3790 2
3790 1883 2
583 1883 2
535 583 2
535 92 2
92 2742 2
2742 4112 2
3429 4112 2
3429 1647 2
3537 1647 2
3537 3738 2
733 3738 2
2385 733 2
2385 2908 2
2908 3945 2
982 3945 2
2207 982 2
5135 2207 2
5042 5135 2
5042 4567 2
4567 3229 2
1922 3229 2
1922 975 2
907 975 2
1070 907 2
1241 1070 2
1241 398 2
398 4711 2
4711 214 2
5588 214 2
5588 3050 2
3050 2024 2
2024 189 2
189 5058 2
3808 5058 2
3165 3808 2
3165 2366 2
3841 2366 2
5453 3841 2
628 5453 2
628 1316 2
334 1316 2
334 4444 2
645 4444 2
3936 645 2
215 3936 2
2131 215 2
2624 2131 2
2624 4871 2
3000 4871 2
3000 2885 2
4279 2885 2
4050 4279 2
1490 4050 2
1490 2351 2
2351 609 2
609 1896 2
1896 4061 2
4061 4372 2
4372 3301 2
3301 2843 2
566 2843 2
4569 566 2
3850 4569 2
3850 4072 2
4072 849 2
4274 849 2
3497 4274 2
3497 4174 2
5596 4174 2
2639 5596 2
2639 966 2
374 966 2
3909 374 2
3909 4945 2
528 4945 2
528 942 2
942 3638 2
3638 2382 2
2382 722 2
1158 722 2
4645 1158 2
1893 4645 2
599 1893 2
599 4727 2
1423 4727 2
1423 4783 2
4783 3343 2
3343 5576 2
362 5576 2
3466 362 2
3466 25 2
4507 25 2
4507 3400 2
3400 5370 2
4424 5370 2
4424 3001 2
3001 2562 2
4168 2562 2
4168 2830 2
2830 4679 2
4679 4621 2
3958 4621 2
3958 4258 2
2477 4258 2
2477 280 2
280 4228 2
2512 4228 2
745 2512 2
745 619 2
4062 619 2
177 4062 2
3544 177 2
3544 4862 2
4862 4240 2
4240 2184 2
2184 2486 2
1572 2486 2
1572 4728 2
4728 2451 2
2451 466 2
466 2494 2
2494 5470 2
4380 5470 2
430 4380 2
430 4768 2
4768 4468 2
4468 1099 2
3358 1099 2
373 3358 2
373 135 2
486 135 2
1144 486 2
1144 2463 2
2463 3559 2
3559 4229 2
1514 4229 2
1706 1514 2
2596 1706 2
467 2596 2
467 575 2
575 2648 2
4751 2648 2
3395 4751 2
3395 1357 2
1357 939 2
939 389 2
389 4978 2
4978 5381 2
2173 5381 2
5323 2173 2
5323 891 2
5159 891 2
5159 1156 2
1156 2231 2
2231 1005 2
4923 1005 2
3785 4923 2
3785 4356 2
4356 2735 2
1812 2735 2
1812 507 2
507 88 2
1670 88 2
1670 1071 2
1242 1071 2
5246 1242 2
551 5246 2
3869 551 2
5555 3869 2
5555 1386 2
1386 3901 2
3901 5242 2
138 5242 2
138 1927 2
2608 1927 2
4779 2608 2
1610 4779 2
861 1610 2
861 2175 2
1635 2175 2
1635 4291 2
4098 4291 2
5484 4098 2
5484 5501 2
5501 1189 2
1189 1532 2
1510 1532 2
2146 1510 2
2146 2597 2
2597 5584 2
5584 4526 2
4441 4526 2
4441 5260 2
5260 4148 2
4148 3691 2
3691 4476 2
2493 4476 2
2493 4752 2
4752 5001 2
2155 5001 2
5358 2155 2
5358 3927 2
1410 3927 2
1410 2809 2
2809 1950 2
1903 1950 2
2939 1903 2
2939 1212 2
1212 2771 2
803 2771 2
803 1385 2
129 1385 2
129 1450 2
1854 1450 2
1854 3701 2
5443 3701 2
5443 4016 2
4016 2833 2
2833 5140 2
1465 5140 2
1465 2278 2
3938 2278 2
3938 431 2
223 431 2
223 3763 2
3763 2974 2
2974 3489 2
3489 2567 2
2567 3942 2
3942 2916 2
221 2916 2
883 221 2
883 1778 2
253 1778 2
4904 253 2
4904 4687 2
4687 1100 2
1100 1716 2
3159 1716 2
3159 1914 2
4438 1914 2
4438 691 2
116 691 2
116 4214 2
421 4214 2
694 421 2
4667 694 2
4260 4667 2
987 4260 2
987 4173 2
4173 397 2
397 3518 2
2371 3518 2
4286 2371 2
4286 4455 2
4455 2962 2
38 2962 2
395 38 2
4849 395 2
3674 4849 2
3674 5198 2
930 5198 2
930 579 2
3784 579 2
44 3784 2
44 3423 2
2685 3423 2
2685 3868 2
3868 2873 2
2873 232 2
2051 232 2
2051 770 2
770 3242 2
1378 3242 2
1378 692 2
692 5103 2
3565 5103 2
3565 801 2
801 4296 2
4296 3322 2
3322 2095 2
3812 2095 2
3812 4522 2
539 4522 2
539 2829 2
4802 2829 2
5225 4802 2
478 5225 2
3994 478 2
3994 2747 2
2747 3460 2
3460 2959 2
2959 2454 2
2454 1253 2
1253 3539 2
3539 179 2
179 3623 2
2762 3623 2
2762 1847 2
1847 5472 2
5472 746 2
746 3903 2
3903 1859 2
1859 3251 2
4838 3251 2
4838 997 2
997 4801 2
2304 4801 2
2304 5286 2
1901 5286 2
234 1901 2
2455 234 2
3462 2455 2
3462 2190 2
2190 4183 2
4183 2235 2
3167 2235 2
3167 3846 2
545 3846 2
4874 545 2
4874 4962 2
2227 4962 2
1096 2227 2
1096 5084 2
905 5084 2
5514 905 2
5514 2265 2
2627 2265 2
2627 2990 2
2990 5399 2
5074 5399 2
5074 2911 2
2911 1970 2
1970 3534 2
3534 3254 2
4401 3254 2
5285 4401 2
5285 86 2
86 3199 2
3199 5257 2
5257 3632 2
4234 3632 2
4234 3864 2
3864 1747 2
4043 1747 2
4043 2189 2
2189 4574 2
3494 4574 2
4078 3494 2
3204 4078 2
1493 3204 2
1493 4866 2
837 4866 2
837 1541 2
1607 1541 2
1607 1579 2
246 1579 2
3390 246 2
3390 346 2
346 563 2
563 1030 2
1375 1030 2
105 1375 2
5325 105 2
5325 476 2
3135 476 2
418 3135 2
418 4504 2
4504 3529 2
3529 4357 2
2519 4357 2
2519 1932 2
569 1932 2
4976 569 2
4976 3383 2
4484 3383 2
4484 3386 2
3386 2553 2
2553 3777 2
2129 3777 2
50 2129 2
2507 50 2
2507 2094 2
2094 672 2
2354 672 2
2124 2354 2
367 2124 2
367 827 2
2552 827 2
2552 3235 2
3235 1424 2
2226 1424 2
2226 1946 2
1946 306 2
306 2619 2
2619 2683 2
2683 2836 2
2107 2836 2
1259 2107 2
1259 2789 2
4900 2789 2
3176 4900 2
4750 3176 2
1537 4750 2
702 1537 2
2433 702 2
2433 321 2
2068 321 2
1072 2068 2
1072 3216 2
3557 3216 2
2825 3557 2
4550 2825 2
4550 1588 2
1588 5126 2
2198 5126 2
3273 2198 2
4118 3273 2
2541 4118 2
2541 701 2
2274 701 2
2274 171 2
171 4531 2
4531 548 2
548 4022 2
4387 4022 2
5487 4387 2
450 5487 2
450 853 2
853 1535 2
1535 2975 2
103 2975 2
103 2599 2
3703 2599 2
70 3703 2
70 2082 2
1604 2082 2
2084 1604 2
2084 3389 2
3389 2180 2
2180 2254 2
2254 571 2
2629 571 2
1305 2629 2
1305 829 2
829 5329 2
4921 5329 2
3279 4921 2
3314 3279 2
4742 3314 2
4742 2850 2
2850 789 2
789 1738 2
1738 3480 2
3480 2164 2
2164 3605 2
2821 3605 2
1828 2821 2
1828 1804 2
1804 4876 2
3125 4876 2
3125 305 2
305 5507 2
5507 2072 2
2072 3626 2
3626 3514 2
3514 5552 2
5552 1282 2
5050 1282 2
2105 5050 2
2105 1150 2
3193 1150 2
2881 3193 2
618 2881 2
3930 618 2
3930 4479 2
4370 4479 2
4370 4263 2
10 4263 2
622 10 2
622 2688 2
2688 1115 2
1115 3025 2
3025 1949 2
4244 1949 2
4244 1921 2
2282 1921 2
2282 4123 2
4123 3627 2
3627 2673 2
3090 2673 2
3090 4132 2
782 4132 2
5392 782 2
4836 5392 2
613 4836 2
613 5437 2
4547 5437 2
4547 967 2
967 2208 2
339 2208 2
339 951 2
951 525 2
5407 525 2
2696 5407 2
2696 4771 2
4771 4987 2
236 4987 2
236 2205 2
3067 2205 2
3067 178 2
178 5230 2
5230 5448 2
2930 5448 2
5303 2930 2
5303 514 2
3382 514 2
3382 4560 2
4560 1353 2
1353 1330 2
5061 1330 2
2210 5061 2
2210 495 2
495 4622 2
4902 4622 2
4902 5101 2
5101 3885 2
3885 1880 2
4188 1880 2
5040 4188 2
4730 5040 2
1807 4730 2
1807 682 2
258 682 2
258 4536 2
2426 4536 2
2426 1642 2
895 1642 2
1131 895 2
5176 1131 2
5176 3550 2
3550 4124 2
4124 4321 2
4321 4856 2
4856 1995 2
1995 1919 2
1919 2150 2
396 2150 2
3228 396 2
3228 1273 2
2718 1273 2
2718 4973 2
4973 3371 2
3371 2251 2
2251 2359 2
1764 2359 2
3507 1764 2
3507 4130 2
1972 4130 2
1972 147 2
4827 147 2
2803 4827 2
2716 2803 2
1848 2716 2
1848 5571 2
3698 5571 2
376 3698 2
376 1192 2
1192 4102 2
4102 3008 2
3008 4778 2
4778 2651 2
4178 2651 2
4178 2393 2
1201 2393 2
2727 1201 2
2727 1287 2
1287 2357 2
2357 1064 2
4187 1064 2
4187 4069 2
4069 4347 2
3504 4347 2
3504 3655 2
3655 3076 2
1748 3076 2
1748 769 2
769 1581 2
1581 1835 2
1835 1280 2
3092 1280 2
3709 3092 2
3709 391 2
391 4116 2
4116 5439 2
428 5439 2
2986 428 2
2986 1937 2
1937 3004 2
3004 3146 2
3586 3146 2
3586 309 2
4815 309 2
4815 4182 2
4182 3874 2
3874 865 2
5464 865 2
5464 5124 2
5124 2794 2
2794 4676 2
1906 4676 2
1906 5239 2
5239 4410 2
5396 4410 2
5396 3657 2
271 3657 2
1486 271 2
1187 1486 2
1187 2697 2
2697 1402 2
709 1402 2
1925 709 2
3837 1925 2
3837 1430 2
697 1430 2
2350 697 2
1561 2350 2
1561 1451 2
1451 2878 2
2884 2878 2
2127 2884 2
4808 2127 2
1810 4808 2
1810 4485 2
4485 1605 2
1605 2812 2
2812 5375 2
1262 5375 2
3569 1262 2
2464 3569 2
82 2464 2
82 1347 2
1347 98 2
98 4049 2
2007 4049 2
2007 4897 2
3453 4897 2
3453 2517 2
2517 3899 2
4944 3899 2
4944 2982 2
2065 2982 2
4308 2065 2
1000 4308 2
132 1000 2
29 132 2
29 2578 2
726 2578 2
726 1898 2
1898 554 2
1795 554 2
1795 1172 2
392 1172 2
392 2601 2
935 2601 2
935 1185 2
1185 91 2
91 4383 2
4383 3220 2
1175 3220 2
1175 2818 2
2818 4640 2
4640 3232 2
3232 5334 2
914 5334 2
914 4113 2
2514 4113 2
5531 2514 2
1251 5531 2
1251 1279 2
2755 1279 2
4091 2755 2
41 4091 2
41 2439 2
3051 2439 2
3051 5486 2
5486 3985 2
3985 1219 2
3838 1219 2
4600 3838 2
4379 4600 2
4379 4870 2
4870 4276 2
4276 4618 2
1646 4618 2
2834 1646 2
2834 971 2
4675 971 2
4675 3832 2
2630 3832 2
2630 3970 2
5068 3970 2
4467 5068 2
5557 4467 2
5557 2309 2
2287 2309 2
4533 2287 2
956 4533 2
2116 956 2
2116 3952 2
4810 3952 2
4810 4138 2
854 4138 2
5002 854 2
5002 1154 2
2141 1154 2
2912 2141 2
2897 2912 2
1770 2897 2
1770 5111 2
5111 5538 2
4709 5538 2
5411 4709 2
5411 3481 2
2236 3481 2
4523 2236 2
1963 4523 2
139 1963 2
3513 139 2
3344 3513 2
3344 1793 2
1793 2671 2
1422 2671 2
835 1422 2
835 3440 2
3440 474 2
474 3594 2
2537 3594 2
2218 2537 2
2218 1951 2
1951 3773 2
724 3773 2
724 831 2
831 56 2
56 1126 2
448 1126 2
448 3087 2
3087 859 2
4625 859 2
4311 4625 2
580 4311 2
580 2841 2
4981 2841 2
4678 4981 2
988 4678 2
988 3865 2
3865 1012 2
159 1012 2
159 3287 2
1165 3287 2
2032 1165 2
2992 2032 2
1331 2992 2
2855 1331 2
2855 1556 2
1556 986 2
4081 986 2
1457 4081 2
2757 1457 2
2757 2013 2
836 2013 2
728 836 2
667 728 2
4753 667 2
5581 4753 2
5581 4885 2
680 4885 2
680 2649 2
2819 2649 2
2819 826 2
826 4549 2
251 4549 2
637 251 2
5561 637 2
5200 5561 2
3577 5200 2
2139 3577 2
2139 2695 2
2695 3752 2
5415 3752 2
2178 5415 2
2178 3034 2
3034 1685 2
1685 2521 2
2521 4481 2
4481 1650 2
1026 1650 2
1026 180 2
4127 180 2
2417 4127 2
2417 4835 2
4835 1085 2
1085 1401 2
1401 2063 2
2063 4655 2
4655 5416 2
250 5416 2
1437 250 2
4085 1437 2
4085 4057 2
4063 4057 2
4063 2751 2
2751 4014 2
4014 1744 2
1744 1779 2
1779 4474 2
4474 3284 2
3742 3284 2
3742 1167 2
3438 1167 2
3438 3304 2
5215 3304 2
5215 5093 2
4426 5093 2
4426 3387 2
3387 3737 2
3737 2264 2
2264 2665 2
2717 2665 2
5545 2717 2
5545 3727 2
3727 3548 2
3548 1955 2
2412 1955 2
2412 3814 2
5568 3814 2
655 5568 2
655 2824 2
2459 2824 2
2963 2459 2
153 2963 2
5209 153 2
1403 5209 2
1403 2422 2
5252 2422 2
1272 5252 2
1272 1867 2
4432 1867 2
4432 5045 2
1239 5045 2
4008 1239 2
4008 4733 2
4733 4763 2
235 4763 2
235 337 2
885 337 2
2123 885 2
1121 2123 2
1121 704 2
704 2520 2
4283 2520 2
4283 2138 2
2138 4126 2
2118 4126 2
2118 3141 2
2839 3141 2
2242 2839 2
3324 2242 2
3324 1079 2
1079 4680 2
1590 4680 2
1309 1590 2
1309 940 2
940 3743 2
3743 285 2
3211 285 2
3211 5221 2
5383 5221 2
1982 5383 2
1982 2261 2
3854 2261 2
4713 3854 2
4495 4713 2
4696 4495 2
4696 1397 2
1397 2099 2
2099 3241 2
3241 354 2
354 3807 2
904 3807 2
904 228 2
228 3824 2
278 3824 2
4345 278 2
4345 1608 2
4064 1608 2
4064 2203 2
1640 2203 2
4764 1640 2
4764 3905 2
1525 3905 2
4092 1525 2
2401 4092 2
3839 2401 2
3839 2090 2
2090 2703 2
2703 1342 2
549 1342 2
2667 549 2
1074 2667 2
638 1074 2
638 1591 2
1591 1876 2
4894 1876 2
4894 5236 2
4792 5236 2
4792 315 2
3332 315 2
3332 1472 2
1870 1472 2
4139 1870 2
4139 3512 2
3512 4515 2
4515 4038 2
4038 1164 2
2853 1164 2
2853 3898 2
1739 3898 2
459 1739 2
459 2741 2
2741 4416 2
4416 4090 2
4090 2645 2
2645 2089 2
2056 2089 2
5523 2056 2
5523 5279 2
1151 5279 2
2008 1151 2
2008 1391 2
1391 3795 2
3795 663 2
663 5165 2
5165 893 2
893 1546 2
1546 5005 2
1823 5005 2
5224 1823 2
5322 5224 2
1435 5322 2
4010 1435 2
3419 4010 2
2048 3419 2
2048 4447 2
1477 4447 2
1477 4037 2
162 4037 2
162 934 2
4963 934 2
2542 4963 2
2542 3769 2
1540 3769 2
1540 684 2
2551 684 2
5422 2551 2
5422 1334 2
2245 1334 2
2334 2245 2
2334 5319 2
5319 4414 2
5180 4414 2
4869 5180 2
4869 2529 2
1032 2529 2
1032 4747 2
574 4747 2
805 574 2
919 805 2
919 59 2
572 59 2
5012 572 2
1336 5012 2
1336 5436 2
5436 1230 2
1230 4131 2
4131 4787 2
4787 3740 2
2658 3740 2
2658 5435 2
1618 5435 2
1618 1831 2
4695 1831 2
643 4695 2
643 4161 2
4161 1370 2
2740 1370 2
2740 1463 2
1463 4398 2
5572 4398 2
5572 2678 2
2678 3863 2
3863 5380 2
5380 1863 2
1863 1298 2
1298 3826 2
4538 3826 2
5160 4538 2
2756 5160 2
3262 2756 2
4922 3262 2
1311 4922 2
1311 2594 2
2594 649 2
649 1007 2
1007 5206 2
4608 5206 2
1825 4608 2
1825 5499 2
2321 5499 2
2321 106 2
106 4842 2
4842 5575 2
366 5575 2
2980 366 2
3323 2980 2
4632 3323 2
4632 2003 2
1703 2003 2
1703 2344 2
2344 5454 2
5454 592 2
592 4854 2
4854 2258 2
2258 4991 2
4991 155 2
155 1570 2
1570 121 2
542 121 2
2378 542 2
3951 2378 2
3951 629 2
3459 629 2
3459 5591 2
5591 2869 2
2869 4634 2
4108 4634 2
4108 4500 2
1545 4500 2
1545 5208 2
5208 1120 2
1120 110 2
335 110 2
385 335 2
385 2876 2
2876 5272 2
5272 1930 2
2503 1930 2
5213 2503 2
5213 1418 2
1418 1228 2
1226 1228 2
1226 2502 2
1439 2502 2
1439 4615 2
4615 438 2
4853 438 2
4853 3607 2
4322 3607 2
4322 686 2
5267 686 2
5267 5100 2
2005 5100 2
2005 3791 2
2957 3791 2
4224 2957 2
2474 4224 2
2474 3140 2
1093 3140 2
2846 1093 2
2846 5062 2
5062 1108 2
1108 3660 2
312 3660 2
312 5296 2
4068 5296 2
1519 4068 2
1519 1149 2
1149 5079 2
3580 5079 2
1133 3580 2
1133 2097 2
2232 2097 2
2232 4620 2
1063 4620 2
1063 1080 2
1122 1080 2
1122 5420 2
2971 5420 2
2971 3272 2
1641 3272 2
4413 1641 2
4413 568 2
568 3048 2
3048 3820 2
3820 1978 2
1978 1557 2
1557 4858 2
4330 4858 2
4330 3725 2
370 3725 2
370 32 2
3805 32 2
3805 3307 2
3126 3307 2
3126 318 2
1730 318 2
607 1730 2
3685 607 2
4355 3685 2
4355 4389 2
4668 4389 2
1527 4668 2
1527 5056 2
5038 5056 2
5038 3115 2
290 3115 2
840 290 2
840 1509 2
1509 5195 2
5195 14 2
5452 14 2
5452 985 2
1173 985 2
5574 1173 2
755 5574 2
4998 755 2
4998 1720 2
1872 1720 2
1872 2961 2
2961 1008 2
4298 1008 2
1130 4298 2
1130 2676 2
2676 17 2
3372 17 2
182 3372 2
2471 182 2
2471 1830 2
1830 1145 2
688 1145 2
688 400 2
4052 400 2
4052 2634 2
1009 2634 2
4831 1009 2
4831 3250 2
974 3250 2
974 2895 2
2895 3531 2
2540 3531 2
1283 2540 2
1283 1013 2
454 1013 2
454 933 2
1478 933 2
1478 4317 2
851 4317 2
851 3132 2
4553 3132 2
4553 2738 2
5360 2738 2
784 5360 2
784 2087 2
2087 886 2
886 403 2
403 4743 2
4743 4819 2
4819 3461 2
3461 1799 2
1799 2770 2
1638 2770 2
2006 1638 2
198 2006 2
198 18 2
3908 18 2
3908 3731 2
3731 1348 2
1348 871 2
4551 871 2
4551 3937 2
3937 2621 2
488 2621 2
488 2882 2
2882 2036 2
1958 2036 2
3560 1958 2
3560 4883 2
5276 4883 2
5276 4508 2
102 4508 2
363 102 2
371 363 2
4442 371 2
3320 4442 2
2924 3320 2
2851 2924 2
4134 2851 2
4134 2487 2
2487 4445 2
5129 4445 2
5129 3369 2
1984 3369 2
1984 1842 2
2713 1842 2
2713 2661 2
2661 1777 2
1777 3166 2
4850 3166 2
6 4850 2
6 1877 2
1877 2950 2
2950 4660 2
4660 5292 2
5099 5292 2
5263 5099 2
2653 5263 2
4520 2653 2
4520 1899 2
1979 1899 2
1979 508 2
4548 508 2
446 4548 2
2260 446 2
2260 3693 2
3693 2898 2
2898 788 2
1268 788 2
1268 193 2
293 193 2
293 4818 2
3567 4818 2
5014 3567 2
5014 1256 2
1256 3843 2
4254 3843 2
3722 4254 2
5052 3722 2
3963 5052 2
1332 3963 2
1332 1058 2
1058 2538 2
2538 2934 2
2934 5233 2
5233 4974 2
4974 275 2
275 4175 2
3676 4175 2
1240 3676 2
1909 1240 2
3408 1909 2
3408 230 2
230 1737 2
1737 630 2
630 2044 2
2044 1782 2
1782 4181 2
4181 4737 2
4737 2539 2
2539 3236 2
3236 1206 2
4048 1206 2
4048 1715 2
5274 1715 2
807 5274 2
807 3662 2
1024 3662 2
2754 1024 2
3283 2754 2
3682 3283 2
3682 442 2
442 2921 2
2921 5142 2
2827 5142 2
2827 1368 2
623 1368 2
623 3858 2
1081 3858 2
1081 2518 2
4431 2518 2
4431 1875 2
1875 1466 2
1466 4282 2
462 4282 2
2363 462 2
2363 2545 2
3245 2545 2
3245 5324 2
5324 3553 2
5096 3553 2
5096 4257 2
1379 4257 2
2224 1379 2
1796 2224 2
1796 4790 2
4103 4790 2
3671 4103 2
1786 3671 2
1786 5533 2
903 5533 2
903 3267 2
3267 5254 2
5254 195 2
195 3602 2
3602 2874 2
5412 2874 2
5412 2996 2
2996 4482 2
4482 2681 2
3086 2681 2
2704 3086 2
3160 2704 2
1612 3160 2
4848 1612 2
3340 4848 2
2598 3340 2
2598 3315 2
3315 3312 2
3312 2525 2
2525 2053 2
2053 2241 2
2241 1713 2
1713 2073 2
3296 2073 2
3296 2237 2
2237 5108 2
5108 1761 2
220 1761 2
2199 220 2
2199 1114 2
1114 5335 2
3173 5335 2
3173 5075 2
3360 5075 2
3360 4318 2
3741 4318 2
3741 3464 2
3464 510 2
3642 510 2
1873 3642 2
1873 5314 2
5314 4926 2
4926 2783 2
888 2783 2
4614 888 2
4614 4712 2
4712 750 2
2837 750 2
4353 2837 2
3982 4353 2
1615 3982 2
1615 2340 2
2340 2694 2
2513 2694 2
4226 2513 2
2269 4226 2
2943 2269 2
2564 2943 2
2564 5201 2
5201 2781 2
3070 2781 2
3819 3070 2
3819 1387 2
3341 1387 2
1354 3341 2
4830 1354 2
657 4830 2
657 2284 2
2284 3815 2
1469 3815 2
1469 5197 2
5197 4914 2
1438 4914 2
3100 1438 2
3100 1554 2
1698 1554 2
1698 677 2
677 4652 2
4452 4652 2
4452 4739 2
2999 4739 2
2999 4435 2
4435 2483 2
3151 2483 2
240 3151 2
240 3064 2
3102 3064 2
3102 1449 2
1449 725 2
725 5297 2
5297 1481 2
1046 1481 2
2967 1046 2
2967 2373 2
3005 2373 2
3005 2603 2
1119 2603 2
5177 1119 2
5177 2577 2
2577 3442 2
1312 3442 2
68 1312 2
68 3977 2
2267 3977 2
493 2267 2
4561 493 2
3786 4561 2
1271 3786 2
1361 1271 2
1361 845 2
4599 845 2
2092 4599 2
2092 1596 2
5083 1596 2
5083 3629 2
407 3629 2
4775 407 2
1281 4775 2
1281 401 2
401 2317 2
5593 2317 2
5593 248 2
1157 248 2
2707 1157 2
2707 5032 2
5032 4310 2
4310 2064 2
2064 2792 2
2792 3755 2
109 3755 2
109 3902 2
4636 3902 2
4636 512 2
266 512 2
266 3912 2
3912 2114 2
1125 2114 2
1125 4192 2
5189 4192 2
5189 1564 2
5 1564 2
457 5 2
457 4828 2
4828 4351 2
5258 4351 2
5258 513 2
2137 513 2
703 2137 2
4606 703 2
4606 3157 2
3157 3796 2
1069 3796 2
1069 804 2
1961 804 2
1961 738 2
738 5527 2
5527 11 2
11 4577 2
1088 4577 2
5318 1088 2
5318 2942 2
2179 2942 2
2179 999 2
4759 999 2
1147 4759 2
1147 2533 2
2533 576 2
576 597 2
3353 597 2
3353 828 2
828 1760 2
1760 2989 2
573 2989 2
727 573 2
2684 727 2
4247 2684 2
1198 4247 2
1198 3969 2
3969 632 2
3610 632 2
1366 3610 2
2566 1366 2
2566 5348 2
5348 2429 2
4066 2429 2
3505 4066 2
1639 3505 2
1639 1284 2
1284 2877 2
5432 2877 2
3367 5432 2
31 3367 2
31 4568 2
5321 4568 2
5321 863 2
863 1547 2
5345 1547 2
63 5345 2
4197 63 2
287 4197 2
287 1091 2
1091 3895 2
3764 3895 2
1725 3764 2
1625 1725 2
2411 1625 2
2411 4860 2
42 4860 2
42 1235 2
1235 244 2
244 5368 2
5368 3016 2
4772 3016 2
4772 2271 2
2271 5273 2
3269 5273 2
1727 3269 2
352 1727 2
352 4019 2
4019 2559 2
4817 2559 2
4817 699 2
3983 699 2
3983 1980 2
674 1980 2
5478 674 2
5478 4521 2
77 4521 2
77 1500 2
2220 1500 2
3454 2220 2
2362 3454 2
2362 2587 2
2587 913 2
5425 913 2
5425 2202 2
1392 2202 2
1392 3114 2
3114 808 2
485 808 2
485 713 2
181 713 2
1248 181 2
212 1248 2
212 3498 2
2275 3498 2
5211 2275 2
134 5211 2
134 1569 2
1569 1082 2
1082 3739 2
1733 3739 2
1536 1733 2
4755 1536 2
4755 1617 2
3288 1617 2
1757 3288 2
1757 3472 2
3472 2407 2
1622 2407 2
1622 4210 2
4210 3377 2
1736 3377 2
1736 3644 2
3644 2440 2
634 2440 2
634 451 2
451 1767 2
1767 814 2
814 3615 2
3615 2872 2
2872 358 2
2575 358 2
2575 2554 2
5426 2554 2
5426 2737 2
2737 636 2
636 2214 2
4930 2214 2
4930 1755 2
1755 439 2
2919 439 2
4277 2919 2
4277 1637 2
830 1637 2
830 4412 2
3818 4412 2
3818 2773 2
1453 2773 2
1453 1999 2
1999 1441 2
1441 502 2
502 201 2
2643 201 2
2643 4015 2
2081 4015 2
2081 3538 2
3538 2714 2
2714 3873 2
3873 3444 2
3880 3444 2
3024 3880 2
4509 3024 2
4509 4994 2
4994 5022 2
5022 5600 2
5600 3811 2
3811 264 2
4527 264 2
587 4527 2
1340 587 2
2349 1340 2
5065 2349 2
5065 272 2
272 1971 2
1971 87 2
87 715 2
715 4893 2
4893 2143 2
2534 2143 2
3181 2534 2
2458 3181 2
631 2458 2
631 425 2
425 2054 2
2168 2054 2
1769 2168 2
5131 1769 2
1516 5131 2
1516 4215 2
847 4215 2
847 382 2
1558 382 2
1558 207 2
761 207 2
761 196 2
196 3911 2
3911 5155 2
5155 187 2
4396 187 2
4396 2436 2
2243 2436 2
2243 5034 2
1864 5034 2
1864 1663 2
1663 355 2
355 1651 2
225 1651 2
1049 225 2
5054 1049 2
5440 5054 2
2358 5440 2
4230 2358 2
3427 4230 2
2900 3427 2
2900 2510 2
3119 2510 2
4502 3119 2
2027 4502 2
4583 2027 2
5194 4583 2
810 5194 2
1160 810 2
3584 1160 2
4040 3584 2
527 4040 2
3967 527 2
3967 2292 2
2292 5510 2
142 5510 2
2285 142 2
2285 1988 2
1988 5379 2
4392 5379 2
3183 4392 2
3183 1582 2
2447 1582 2
2447 3060 2
3060 2293 2
2293 4595 2
756 4595 2
756 4546 2
4546 3917 2
3728 3917 2
383 3728 2
383 3556 2
3556 5521 2
3217 5521 2
5595 3217 2
5595 1699 2
1699 256 2
1754 256 2
534 1754 2
534 2441 2
4731 2441 2
4731 4762 2
4762 3223 2
1879 3223 2
1879 4179 2
4179 5078 2
5078 1578 2
2206 1578 2
2206 2247 2
2247 3357 2
4943 3357 2
4386 4943 2
4386 1191 2
4196 1191 2
2655 4196 2
4720 2655 2
3857 4720 2
3857 5524 2
4613 5524 2
2249 4613 2
2249 52 2
3745 52 2
3040 3745 2
1523 3040 2
1051 1523 2
2802 1051 2
2802 3650 2
3991 3650 2
1494 3991 2
2820 1494 2
2820 754 2
416 754 2
3827 416 2
2795 3827 2
2795 4409 2
4409 4434 2
4434 3999 2
3999 3956 2
3956 4235 2
4235 4947 2
4417 4947 2
4417 3470 2
3470 3876 2
2115 3876 2
2115 3712 2
1318 3712 2
4332 1318 2
4003 4332 2
2937 4003 2
4420 2937 2
4420 4167 2
4167 3120 2
3120 3052 2
969 3052 2
4672 969 2
4672 3345 2
4153 3345 2
4153 4443 2
5187 4443 2
5187 2438 2
2438 4556 2
4754 4556 2
1973 4754 2
1973 1118 2
1118 1171 2
1171 3696 2
1109 3696 2
1109 689 2
1705 689 2
1942 1705 2
482 1942 2
482 1169 2
4164 1169 2
2289 4164 2
2277 2289 2
206 2277 2
1682 206 2
1682 3759 2
4965 3759 2
4965 1673 2
3761 1673 2
12 3761 2
12 1498 2
1820 1498 2
3457 1820 2
3457 279 2
2909 279 2
2909 5353 2
5353 79 2
1237 79 2
4913 1237 2
3446 4913 2
962 3446 2
962 3096 2
3096 4570 2
2548 4570 2
3200 2548 2
4703 3200 2
4703 4336 2
4834 4336 2
4834 2403 2
2403 4100 2
4100 3635 2
5397 3635 2
2849 5397 2
3397 2849 2
2955 3397 2
2955 5320 2
1714 5320 2
2654 1714 2
3772 2654 2
1543 3772 2
4172 1543 2
1384 4172 2
648 1384 2
648 4143 2
4846 4143 2
3678 4846 2
3431 3678 2
2736 3431 2
926 2736 2
926 2456 2
1250 2456 2
2915 1250 2
2915 456 2
1090 456 2
1286 1090 2
1286 2420 2
2420 1598 2
1598 344 2
344 918 2
2614 918 2
4777 2614 2
46 4777 2
46 2739 2
49 2739 2
3543 49 2
5548 3543 2
5548 4497 2
4889 4497 2
4889 5390 2
4122 5390 2
3579 4122 2
3579 3291 2
4627 3291 2
2399 4627 2
2563 2399 2
2563 1977 2
3143 1977 2
5306 3143 2
5306 3197 2
3197 1419 2
1419 1849 2
1849 4964 2
4964 2364 2
2364 5427 2
227 5427 2
227 2295 2
1890 2295 2
1890 2031 2
2031 81 2
4798 81 2
4798 2977 2
3894 2977 2
5551 3894 2
5551 4715 2
3416 4715 2
3099 3416 2
3821 3099 2
3821 1258 2
1258 4770 2
4770 1168 2
908 1168 2
1473 908 2
1473 2193 2
2193 5196 2
5196 5214 2
5214 5281 2
4824 5281 2
4824 1180 2
2341 1180 2
2341 687 2
687 1844 2
1629 1844 2
2796 1629 2
1583 2796 2
3906 1583 2
3998 3906 2
537 3998 2
537 614 2
614 1297 2
1297 2009 2
2457 2009 2
2457 1939 2
1939 4120 2
4120 4635 2
259 4635 2
259 4689 2
3062 4689 2
3062 303 2
303 3947 2
4589 3947 2
4589 3690 2
2347 3690 2
427 2347 2
427 3422 2
4402 3422 2
3962 4402 2
1539 3962 2
4316 1539 2
1056 4316 2
4009 1056 2
4009 190 2
190 5166 2
1068 5166 2
5077 1068 2
5077 2402 2
2402 4916 2
4916 5259 2
1568 5259 2
1568 3303 2
2460 3303 2
2460 2263 2
5043 2263 2
5043 5238 2
5238 233 2
233 2807 2
2807 558 2
887 558 2
2215 887 2
2215 5283 2
5283 2635 2
2635 1723 2
1723 357 2
357 1193 2
1193 2093 2
1289 2093 2
1289 3101 2
920 3101 2
920 3042 2
45 3042 2
45 3571 2
3571 3661 2
3661 4702 2
4529 4702 2
2109 4529 2
2109 122 2
509 122 2
509 2758 2
2886 2758 2
2886 532 2
532 2379 2
4075 2379 2
2633 4075 2
2633 3081 2
3081 5357 2
555 5357 2
621 555 2
390 621 2
390 5119 2
5119 3402 2
3072 3402 2
1851 3072 2
1851 2372 2
2372 4408 2
2140 4408 2
2140 2858 2
1042 2858 2
1042 160 2
3940 160 2
3940 1819 2
1819 2565 2
2119 2565 2
2119 881 2
1814 881 2
2907 1814 2
4573 2907 2
4573 3405 2
3405 1669 2
4208 1669 2
4208 2733 2
2733 4295 2
855 4295 2
4189 855 2
4189 2049 2
4966 2049 2
4966 2674 2
2674 5465 2
4630 5465 2
602 4630 2
602 3035 2
1620 3035 2
2726 1620 2
2273 2726 2
2786 2273 2
2786 846 2
463 846 2
463 5414 2
1116 5414 2
3950 1116 2
3918 3950 2
1689 3918 2
1448 1689 2
1448 3756 2
1975 3756 2
1975 1197 2
4158 1197 2
4158 3009 2
3729 3009 2
3729 2147 2
2147 862 2
605 862 2
4135 605 2
4135 3867 2
3867 2200 2
5041 2200 2
3842 5041 2
3502 3842 2
3954 3502 2
2313 3954 2
3851 2313 2
3851 3515 2
3515 1749 2
2368 1749 2
2368 1589 2
5505 1589 2
5505 3475 2
3475 5063 2
5063 3974 2
3974 5227 2
5227 5451 2
1918 5451 2
1634 1918 2
1634 3348 2
2938 3348 2
970 2938 2
4867 970 2
4867 4658 2
4658 2509 2
2509 3859 2
666 3859 2
1159 666 2
1159 5264 2
5264 1246 2
2492 1246 2
5492 2492 2
1076 5492 2
2296 1076 2
2296 3077 2
1712 3077 2
4425 1712 2
4425 5248 2
4033 5248 2
4033 2516 2
3801 2516 2
3801 586 2
381 586 2
381 3649 2
3707 3649 2
3853 3707 2
343 3853 2
343 1616 2
1616 1491 2
291 1491 2
291 3055 2
3055 409 2
1860 409 2
5070 1860 2
3591 5070 2
3591 3540 2
4292 3540 2
4292 2976 2
2976 4462 2
1952 4462 2
1952 2984 2
3753 2984 2
3753 1660 2
1660 399 2
399 4342 2
4342 4076 2
4076 1644 2
1644 5110 2
1658 5110 2
1658 2311 2
2311 319 2
2183 319 2
2183 3319 2
3319 1482 2
1482 949 2
949 1512 2
5384 1512 2
5384 3768 2
3768 501 2
501 3338 2
3338 3697 2
4624 3697 2
4624 1053 2
601 1053 2
601 1022 2
4083 1022 2
167 4083 2
5354 167 2
3180 5354 2
5438 3180 2
1956 5438 2
1956 1404 2
4571 1404 2
690 4571 2
690 3749 2
3749 1943 2
1943 4782 2
4782 3716 2
3716 4804 2
4804 963 2
2290 963 2
2290 3774 2
3774 1346 2
1346 3637 2
3316 3637 2
3316 3485 2
3485 3404 2
3404 3401 2
1021 3401 2
1021 5047 2
5047 3349 2
882 3349 2
1521 882 2
4673 1521 2
1452 4673 2
500 1452 2
5539 500 2
5539 268 2
1504 268 2
1504 5463 2
3500 5463 2
76 3500 2
76 351 2
4362 351 2
4362 216 2
2906 216 2
2906 426 2
426 5251 2
5251 790 2
2196 790 2
1485 2196 2
3914 1485 2
1515 3914 2
1515 3174 2
543 3174 2
543 1908 2
3483 1908 2
3988 3483 2
3988 4843 2
4843 317 2
317 5247 2
289 5247 2
3417 289 2
1829 3417 2
292 1829 2
292 3248 2
2675 3248 2
2361 2675 2
1102 2361 2
1102 2728 2
2728 1614 2
1614 3834 2
3045 3834 2
3045 5343 2
2983 5343 2
2983 1233 2
1233 369 2
369 3078 2
2828 3078 2
4641 2828 2
5289 4641 2
5289 3705 2
3705 1776 2
1776 2014 2
2014 2128 2
1676 2128 2
1351 1676 2
1351 3978 2
3978 2353 2
2353 5299 2
5228 5299 2
4001 5228 2
4001 4198 2
4198 4631 2
4631 4912 2
1722 4912 2
4535 1722 2
96 4535 2
2330 96 2
117 2330 2
117 4646 2
5491 4646 2
5491 4082 2
4082 5365 2
5365 1166 2
925 1166 2
925 1398 2
1398 145 2
145 2892 2
3044 2892 2
5231 3044 2
5231 4202 2
4202 2632 2
2632 5127 2
5029 5127 2
2743 5029 2
1275 2743 2
2233 1275 2
2508 2233 2
2219 2508 2
3020 2219 2
3020 5270 2
5270 4312 2
4312 2991 2
2991 5362 2
2923 5362 2
2923 3592 2
4936 3592 2
4936 5222 2
3007 5222 2
867 3007 2
867 1631 2
3844 1631 2
3744 3844 2
3744 4670 2
2333 4670 2
5154 2333 2
5154 4012 2
4012 2700 2
2700 5027 2
3503 5027 2
3503 595 2
595 1994 2
1994 1505 2
4881 1505 2
4881 2847 2
3633 2847 2
1517 3633 2
1517 173 2
1967 173 2
4323 1967 2
93 4323 2
1734 93 2
1734 5087 2
5087 2722 2
1993 2722 2
5395 1993 2
1933 5395 2
1933 1454 2
5586 1454 2
5586 3469 2
108 3469 2
108 2142 2
2142 3980 2
3980 1671 2
1671 753 2
753 604 2
1407 604 2
1407 1205 2
1050 1205 2
1050 1633 2
2165 1633 2
2165 3124 2
998 3124 2
4757 998 2
4757 393 2
393 4797 2
5477 4797 2
5477 127 2
127 1200 2
4284 1200 2
2708 4284 2
2708 834 2
834 4018 2
1856 4018 2
1856 2582 2
2788 2582 2
2788 4920 2
4329 4920 2
4563 4329 2
2775 4563 2
4683 2775 2
2571 4683 2
2571 979 2
1412 979 2
3679 1412 2
3835 3679 2
1843 3835 2
1843 4957 2
4957 26 2
26 4807 2
1204 4807 2
1204 3860 2
3860 1207 2
4219 1207 2
4219 2543 2
2011 2543 2
2011 3103 2
1443 3103 2
1443 3926 2
3926 2759 2
5090 2759 2
5090 4439 2
4439 2557 2
2557 1506 2
843 1506 2
5308 843 2
676 5308 2
676 4925 2
5028 4925 2
5028 34 2
34 2987 2
2987 2767 2
112 2767 2
218 112 2
5009 218 2
2268 5009 2
75 2268 2
3195 75 2
3195 1339 2
1339 2291 2
2528 2291 2
5051 2528 2
1602 5051 2
2793 1602 2
1710 2793 2
1710 4685 2
4685 3549 2
4588 3549 2
4588 2556 2
1611 2556 2
4157 1611 2
5115 4157 2
2729 5115 2
2729 3993 2
3993 3995 2
3145 3995 2
1427 3145 2
1427 299 2
3713 299 2
3713 3625 2
3625 3941 2
3941 5356 2
5091 5356 2
5091 3622 2
696 3622 2
852 696 2
1665 852 2
5116 1665 2
5116 1356 2
5587 1356 2
5587 533 2
533 5376 2
5376 2657 2
2657 464 2
3185 464 2
3659 3185 2
3439 3659 2
3439 1083 2
1083 4666 2
4666 3244 2
4512 3244 2
4512 453 2
453 1406 2
1406 3663 2
556 3663 2
556 1743 2
4239 1743 2
4239 1601 2
1601 4537 2
778 4537 2
1808 778 2
1808 3509 2
3509 4809 2
4170 4809 2
4399 4170 2
4399 3631 2
1295 3631 2
4767 1295 2
1513 4767 2
3384 1513 2
3384 5564 2
5564 1763 2
4511 1763 2
4511 5123 2
4448 5123 2
4448 3798 2
3541 3798 2
2012 3541 2
5030 2012 2
5030 5294 2
5294 841 2
1936 841 2
1936 4716 2
4005 4716 2
4005 461 2
5316 461 2
5316 2133 2
2133 3030 2
3030 3327 2
5592 3327 2
2030 5592 2
2154 2030 2
2154 1308 2
578 1308 2
1462 578 2
1531 1462 2
60 1531 2
60 3336 2
3336 1390 2
1390 3939 2
1976 3939 2
472 1976 2
2390 472 2
209 2390 2
209 148 2
3861 148 2
3861 170 2
4748 170 2
360 4748 2
598 360 2
104 598 2
4169 104 2
3787 4169 2
3787 1526 2
3085 1526 2
1097 3085 2
4403 1097 2
4403 2506 2
1225 2506 2
1225 4653 2
5479 4653 2
5479 5601 2
5237 5601 2
5237 2535 2
2535 5204 2
4492 5204 2
281 4492 2
281 1783 2
1783 2057 2
2057 3501 2
4041 3501 2
4041 316 2
316 2299 2
3758 2299 2
866 3758 2
475 866 2
475 247 2
247 5518 2
5518 5295 2
2782 5295 2
2782 4882 2
3033 4882 2
4377 3033 2
4377 955 2
4397 955 2
4397 3192 2
3192 4478 2
1232 4478 2
812 1232 2
937 812 2
937 3237 2
3237 4472 2
1771 4472 2
973 1771 2
731 973 2
3817 731 2
3817 1421 2
768 1421 2
4232 768 2
4232 4933 2
2644 4933 2
3015 2644 2
3015 4031 2
1411 4031 2
1411 4302 2
4302 1688 2
1688 3794 2
62 3794 2
5006 62 2
5006 2941 2
480 2941 2
480 1679 2
1679 3458 2
3458 4868 2
4868 5549 2
5549 5184 2
5184 2662 2
2662 2701 2
2701 3875 2
777 3875 2
777 3488 2
5522 3488 2
4899 5522 2
5265 4899 2
5265 1148 2
5144 1148 2
4035 5144 2
4035 993 2
993 1467 2
1467 1095 2
1095 2497 2
2497 1592 2
1592 4841 2
1338 4841 2
5546 1338 2
5546 5016 2
5016 3394 2
3394 799 2
2914 799 2
2914 2432 2
1433 2432 2
1433 585 2
4070 585 2
4070 231 2
1261 231 2
1261 3825 2
5033 3825 2
5033 4888 2
203 4888 2
203 4209 2
4209 2831 2
2831 4917 2
4917 261 2
261 2550 2
1132 2550 2
3148 1132 2
5125 3148 2
5125 762 2
2414 762 2
1476 2414 2
5511 1476 2
3450 5511 2
3450 3946 2
3946 565 2
565 5369 2
5369 929 2
929 1106 2
1106 4273 2
4273 1136 2
1136 5405 2
5405 217 2
217 3449 2
3449 2033 2
2033 1630 2
5579 1630 2
5579 125 2
125 2442 2
2442 3533 2
3533 1846 2
1729 1846 2
1729 679 2
5207 679 2
2381 5207 2
3618 2381 2
758 3618 2
1464 758 2
1464 3155 2
36 3155 2
4785 36 2
4590 4785 2
802 4590 2
2666 802 2
5269 2666 2
2606 5269 2
4714 2606 2
4331 4714 2
3376 4331 2
3376 651 2
48 651 2
3105 48 2
5313 3105 2
1953 5313 2
1953 3589 2
1015 3589 2
1015 5573 2
5573 3184 2
3184 3667 2
1315 3667 2
1315 4806 2
4806 1902 2
4814 1902 2
550 4814 2
484 550 2
484 2248 2
37 2248 2
3171 37 2
3171 983 2
983 4765 2
5219 4765 2
4901 5219 2
4901 4359 2
4887 4359 2
4887 1935 2
1935 524 2
4151 524 2
2806 4151 2
314 2806 2
314 625 2
625 4970 2
2798 4970 2
2798 27 2
1362 27 2
2004 1362 2
2004 3448 2
2687 3448 2
5287 2687 2
1924 5287 2
1924 3554 2
3554 5107 2
5107 647 2
4025 647 2
1678 4025 2
1678 2985 2
2985 742 2
5421 742 2
5421 3028 2
3028 3792 2
3792 860 2
860 4039 2
3673 4039 2
4017 3673 2
496 4017 2
496 2162 2
2766 2162 2
5339 2766 2
5339 3757 2
1224 3757 2
1224 1343 2
3570 1343 2
3570 2204 2
4249 2204 2
4249 226 2
226 4171 2
4171 2799 2
2799 441 2
441 468 2
961 468 2
961 3653 2
4024 3653 2
1675 4024 2
1675 1756 2
5337 1756 2
5337 3530 2
3530 1508 2
3639 1508 2
3639 4464 2
4464 3563 2
3563 1659 2
1659 2397 2
2397 675 2
675 331 2
331 4837 2
825 4837 2
825 417 2
641 417 2
641 2343 2
2343 1436 2
2592 1436 2
1210 2592 2
1497 1210 2
3266 1497 2
3266 347 2
3218 347 2
119 3218 2
4986 119 2
3532 4986 2
3532 5476 2
5476 4349 2
5268 4349 2
5268 2488 2
1162 2488 2
5528 1162 2
5528 5418 2
5418 5536 2
5536 435 2
5582 435 2
5582 4724 2
2015 4724 2
2015 20 2
4422 20 2
2472 4422 2
2472 1801 2
1801 2 2
2 4000 2
4000 5011 2
3313 5011 2
4942 3313 2
4942 4374 2
5018 4374 2
5018 2705 2
2705 4429 2
238 4429 2
238 5163 2
5163 3388 2
1702 3388 2
876 1702 2
2120 876 2
2120 4199 2
5488 4199 2
5488 695 2
547 695 2
547 3600 2
3600 1758 2
5021 1758 2
5021 2956 2
2956 4736 2
4065 4736 2
4065 1881 2
3766 1881 2
4315 3766 2
5218 4315 2
5218 794 2
3177 794 2
3933 3177 2
3493 3933 2
3493 2568 2
2568 436 2
436 516 2
516 3964 2
3964 1986 2
1986 1229 2
1229 2212 2
3467 2212 2
2814 3467 2
5302 2814 2
3302 5302 2
4045 3302 2
1140 4045 2
1140 1865 2
1865 3510 2
3510 900 2
1006 900 2
1047 1006 2
455 1047 2
455 2725 2
2725 771 2
2776 771 2
3522 2776 2
2854 3522 2
2854 2022 2
2022 243 2
3329 243 2
313 3329 2
313 4694 2
4694 1382 2
1382 4794 2
4056 4794 2
4056 5094 2
1152 5094 2
1194 1152 2
1363 1194 2
3699 1363 2
3699 1623 2
5105 1623 2
5105 2098 2
2098 1492 2
2949 1492 2
1800 2949 2
4544 1800 2
4544 3552 2
3552 2453 2
2453 4559 2
3852 4559 2
3852 4361 2
4361 3800 2
1065 3800 2
3613 1065 2
3613 3893 2
1086 3893 2
1086 2604 2
964 2604 2
964 1869 2
4524 1869 2
4524 1124 2
1124 3520 2
3520 3806 2
4661 3806 2
208 4661 2
208 1445 2
2640 1445 2
2640 1396 2
1396 4203 2
5117 4203 2
5117 1265 2
1265 2890 2
2890 4591 2
4591 1822 2
1822 329 2
329 1555 2
1555 3082 2
3082 2902 2
2902 3928 2
33 3928 2
1177 33 2
1177 5156 2
5442 5156 2
1938 5442 2
1938 2815 2
2815 2328 2
2328 1790 2
1790 4833 2
5447 4833 2
2369 5447 2
739 2369 2
748 739 2
748 1826 2
2122 1826 2
2102 2122 2
4149 2102 2
4149 1538 2
1538 5480 2
5480 4872 2
2857 4872 2
2857 191 2
191 5328 2
5328 2904 2
2904 806 2
2889 806 2
282 2889 2
188 282 2
269 188 2
732 269 2
732 5024 2
809 5024 2
809 2862 2
5419 2862 2
5419 2723 2
2723 1274 2
320 1274 2
4585 320 2
4585 3897 2
3897 1941 2
1941 413 2
3029 413 2
5340 3029 2
4820 5340 2
4820 2466 2
2466 5495 2
5495 4415 2
4415 662 2
662 4776 2
4776 626 2
626 4989 2
4236 4989 2
4236 308 2
308 1327 2
5185 1327 2
3396 5185 2
5498 3396 2
5498 4781 2
4781 3153 2
95 3153 2
95 5558 2
5558 4690 2
4690 584 2
584 2764 2
3754 2764 2
3754 5382 2
4859 5382 2
4859 2445 2
3730 2445 2
19 3730 2
19 5149 2
5149 4430 2
4430 1911 2
1911 4555 2
4555 1415 2
3224 1415 2
2826 3224 2
1341 2826 2
1341 4530 2
4530 1444 2
1444 4451 2
4451 4145 2
2860 4145 2
1664 2860 2
1664 3957 2
3031 3957 2
328 3031 2
328 3666 2
1249 3666 2
1249 2531 2
2531 5517 2
5517 4744 2
5205 4744 2
4319 5205 2
4319 4119 2
4119 4338 2
4338 3810 2
2861 3810 2
1296 2861 2
1296 2266 2
2266 2085 2
4651 2085 2
4651 4390 2
5449 4390 2
115 5449 2
115 158 2
1202 158 2
1202 1920 2
1920 444 2
1014 444 2
5106 1014 2
1798 5106 2
1798 3949 2
3949 2166 2
1728 2166 2
5502 1728 2
5502 4506 2
4506 3221 2
3221 1027 2
1027 2270 2
2270 4206 2
5409 4206 2
1718 5409 2
3971 1718 2
2496 3971 2
2496 2400 2
2400 2428 2
492 2428 2
2337 492 2
5482 2337 2
3616 5482 2
4306 3616 2
3163 4306 2
3163 4996 2
4996 4093 2
2096 4093 2
141 2096 2
141 2558 2
5336 2558 2
5336 3878 2
3878 4496 2
4496 1695 2
1373 1695 2
1373 1215 2
2600 1215 2
2600 1460 2
1460 3308 2
3186 3308 2
3186 4582 2
2610 4582 2
3966 2610 2
3966 5044 2
5044 1528 2
2160 1528 2
2318 2160 2
2318 4369 2
2903 4369 2
2903 2421 2
2421 71 2
71 1371 2
3139 1371 2
286 3139 2
286 432 2
432 2652 2
2968 2652 2
2968 5317 2
5317 97 2
97 3418 2
3418 3710 2
3710 1434 2
3595 1434 2
2715 3595 2
2715 5468 2
1075 5468 2
5344 1075 2
5519 5344 2
1426 5519 2
1426 4125 2
2580 4125 2
3536 2580 2
3536 3084 2
1735 3084 2
1735 5578 2
5578 3277 2
3277 1414 2
2391 1414 2
2391 1302 2
1302 1417 2
943 1417 2
943 800 2
800 2787 2
131 2787 2
2086 131 2
2086 4176 2
2158 4176 2
2043 2158 2
3871 2043 2
3871 5338 2
2035 5338 2
1293 2035 2
2948 1293 2
3190 2948 2
2077 3190 2
2077 2844 2
136 2844 2
3862 136 2
4440 3862 2
884 4440 2
4250 884 2
4142 4250 2
2530 4142 2
2530 3547 2
3547 5130 2
5130 4300 2
4300 5509 2
4780 5509 2
325 4780 2
325 1597 2
1597 4705 2
4071 4705 2
3069 4071 2
3069 4097 2
4097 921 2
2257 921 2
2257 2038 2
2038 5191 2
1365 5191 2
1365 2690 2
5048 2690 2
4726 5048 2
1998 4726 2
2485 1998 2
1203 2485 2
3209 1203 2
616 3209 2
1112 616 2
1112 4034 2
4034 3208 2
1691 3208 2
1691 2255 2
2255 3734 2
3294 3734 2
3129 3294 2
3129 4456 2
4456 4459 2
4459 1997 2
1997 894 2
894 1060 2
4457 1060 2
2611 4457 2
2611 1791 2
1791 4578 2
4433 4578 2
4433 5455 2
5455 1461 2
1461 2041 2
4554 2041 2
4554 5330 2
3309 5330 2
3309 2522 2
2522 2234 2
5483 2234 2
5483 1577 2
1577 433 2
4334 433 2
3443 4334 2
4803 3443 2
4803 521 2
4363 521 2
4363 2387 2
2387 3144 2
3144 1833 2
3 1833 2
4649 3 2
4649 149 2
149 2419 2
3118 2419 2
1882 3118 2
1882 1442 2
365 1442 2
365 4674 2
3599 4674 2
3599 5388 2
5388 856 2
5017 856 2
5017 4494 2
4494 544 2
544 2769 2
1495 2769 2
1104 1495 2
408 1104 2
408 2365 2
4095 2365 2
1857 4095 2
2069 1857 2
2069 2136 2
5598 2136 2
5598 211 2
211 948 2
948 2744 2
4929 2744 2
4366 4929 2
1731 4366 2
1731 529 2
3684 529 2
3684 2856 2
2856 736 2
736 3720 2
4242 3720 2
1957 4242 2
1957 1376 2
2388 1376 2
2609 2388 2
2609 380 2
1548 380 2
1690 1548 2
1690 3700 2
3700 877 2
5121 877 2
5121 2174 2
434 2174 2
434 1153 2
2187 1153 2
2187 1137 2
4603 1137 2
4603 1503 2
3992 1503 2
3992 4619 2
4619 2813 2
1048 2813 2
1217 1048 2
766 1217 2
1836 766 2
4026 1836 2
2042 4026 2
2042 1745 2
165 1745 2
3437 165 2
3437 3829 2
3829 1773 2
1773 3669 2
3669 5081 2
719 5081 2
719 1190 2
5408 1190 2
5408 1992 2
1992 880 2
880 4013 2
2879 4013 2
2879 3019 2
1668 3019 2
795 1668 2
795 3979 2
1031 3979 2
1701 1031 2
1701 2660 2
2660 2772 2
2772 1724 2
2348 1724 2
610 2348 2
610 1326 2
1179 1326 2
1179 3326 2
3326 603 2
437 603 2
437 4985 2
4985 2021 2
4968 2021 2
2732 4968 2
2732 5192 2
5192 3094 2
295 3094 2
1163 295 2
2145 1163 2
2145 5290 2
3771 5290 2
3771 5506 2
2978 5506 2
2286 2978 2
4141 2286 2
2409 4141 2
2409 422 2
422 1446 2
1446 3683 2
1304 3683 2
1774 1304 2
2104 1774 2
2104 1889 2
1889 941 2
712 941 2
712 2315 2
2315 4505 2
4505 608 2
4428 608 2
4428 5433 2
5433 2019 2
5560 2019 2
24 5560 2
1811 24 2
4845 1811 2
4845 3975 2
3975 257 2
1044 257 2
1044 2050 2
5450 2050 2
776 5450 2
776 2511 2
3484 2511 2
3484 273 2
2300 273 2
5556 2300 2
5556 2491 2
2595 2491 2
4686 2595 2
4686 2896 2
2216 2896 2
612 2216 2
2689 612 2
2689 1218 2
1218 270 2
270 1087 2
1087 3658 2
3658 338 2
759 338 2
5508 759 2
4948 5508 2
4948 494 2
494 4104 2
80 4104 2
3476 80 2
1900 3476 2
1900 4663 2
4663 3311 2
3311 5150 2
5387 5150 2
5387 5089 2
3706 5089 2
4460 3706 2
4460 4934 2
5402 4934 2
5402 912 2
912 4596 2
4596 150 2
150 906 2
5037 906 2
5037 2386 2
1345 2386 2
1017 1345 2
1017 3268 2
2547 3268 2
1632 2547 2
3525 1632 2
3525 1551 2
1551 1484 2
1484 873 2
1329 873 2
2501 1329 2
2501 3364 2
3047 3364 2
3047 3375 2
3561 3375 2
3561 4193 2
5567 4193 2
5567 3328 2
3117 3328 2
4975 3117 2
4975 4344 2
4344 1113 2
3572 1113 2
3572 4650 2
953 4650 2
953 2375 2
5235 2375 2
5275 5235 2
5275 4988 2
2584 4988 2
5346 2584 2
5346 4638 2
1567 4638 2
1567 4863 2
2167 4863 2
2167 2936 2
2936 3656 2
3656 2631 2
2631 3411 2
296 3411 2
296 2970 2
2970 4693 2
4693 1948 2
5031 1948 2
5153 5031 2
4466 5153 2
1447 4466 2
1447 4903 2
4903 3168 2
4664 3168 2
5158 4664 2
4992 5158 2
4992 3686 2
3083 3686 2
685 3083 2
4337 685 2
4337 1752 2
2238 1752 2
994 2238 2
994 811 2
3138 811 2
3138 3259 2
3259 839 2
2589 839 2
2589 2710 2
2710 2083 2
2083 2940 2
2940 1400 2
1400 4427 2
4427 4087 2
594 4087 2
594 3611 2
1440 3611 2
1440 3781 2
3781 3491 2
3018 3491 2
3018 5234 2
5234 3723 2
3723 4503 2
4503 1759 2
1759 53 2
53 915 2
915 4023 2
4023 5547 2
5570 5547 2
5570 734 2
734 242 2
420 242 2
420 1887 2
2750 1887 2
1794 2750 2
910 1794 2
5311 910 2
5311 2663 2
2663 1195 2
1195 4117 2
1489 4117 2
4821 1489 2
154 4821 2
154 4681 2
3813 4681 2
2316 3813 2
4654 2316 2
4513 4654 2
635 4513 2
1751 635 2
2061 1751 2
4918 2061 2
2326 4918 2
2326 1350 2
1350 2479 2
3452 2479 2
4891 3452 2
4915 4891 2
4915 4047 2
1809 4047 2
1809 2176 2
965 2176 2
5138 965 2
5138 5134 2
5134 5490 2
5490 2307 2
2307 4404 2
1964 4404 2
2894 1964 2
4216 2894 2
2573 4216 2
4572 2573 2
4572 2981 2
3463 2981 2
2979 3463 2
2979 4979 2
4979 3116 2
3116 1186 2
5569 1186 2
5569 624 2
624 4955 2
1292 4955 2
4086 1292 2
4086 2336 2
2336 2169 2
2169 3252 2
5244 3252 2
5244 2288 2
2288 4450 2
2080 4450 2
2080 5532 2
5532 4160 2
4160 1580 2
3147 1580 2
714 3147 2
3643 714 2
1507 3643 2
1507 497 2
497 1388 2
1388 3780 2
3780 2867 2
2867 5183 2
1684 5183 2
1684 4463 2
3888 4463 2
4373 3888 2
4373 3150 2
3150 404 2
404 3421 2
3421 669 2
669 3935 2
3935 1480 2
1480 957 2
1216 957 2
1216 4598 2
4598 2221 2
2221 642 2
642 1708 2
1708 3708 2
5136 3708 2
5136 3767 2
3767 1544 2
1834 1544 2
1834 4704 2
4961 4704 2
35 4961 2
3002 35 2
3002 5113 2
5113 4740 2
5112 4740 2
5112 2515 2
2217 2515 2
2217 3889 2
3889 4162 2
5364 4162 2
5364 4101 2
1886 4101 2
1886 1655 2
2926 1655 2
2191 2926 2
2191 3960 2
4394 3960 2
2148 4394 2
4067 2148 2
4067 505 2
2058 505 2
2058 4129 2
4129 274 2
274 710 2
710 2618 2
4593 2618 2
3295 4593 2
3295 3300 2
3576 3300 2
5406 3576 2
5256 5406 2
5256 2579 2
2579 3778 2
730 3778 2
4958 730 2
3630 4958 2
3630 5312 2
5312 3604 2
3604 581 2
581 4796 2
1349 4796 2
4766 1349 2
1687 4766 2
4054 1687 2
2698 4054 2
2698 4935 2
1234 4935 2
1234 2223 2
673 2223 2
673 2170 2
2170 1910 2
4376 1910 2
4146 4376 2
2761 4146 2
2761 976 2
976 5010 2
5010 28 2
345 28 2
340 345 2
340 341 2
341 2306 2
2306 2331 2
2331 4543 2
4543 4927 2
4180 4927 2
1487 4180 2
202 1487 2
4647 202 2
5046 4647 2
2435 5046 2
2435 4628 2
4628 4532 2
4532 1677 2
118 1677 2
118 2913 2
2913 3568 2
445 3568 2
445 5139 2
1926 5139 2
3065 1926 2
3065 3310 2
1073 3310 2
1073 3233 2
3233 3321 2
4207 3321 2
4207 3934 2
3934 1912 2
2749 1912 2
2749 3169 2
3012 3169 2
3012 1227 2
1067 1227 2
1772 1067 2
4378 1772 2
1314 4378 2
3436 1314 2
5250 3436 2
5250 4791 2
4791 2746 2
2746 4418 2
504 4418 2
504 4756 2
1766 4756 2
3097 1766 2
3097 3032 2
2149 3032 2
2626 2149 2
2626 387 2
387 5333 2
2394 5333 2
2067 2394 2
5161 2067 2
5161 541 2
541 2026 2
2026 4218 2
4218 2325 2
2325 4760 2
4760 4454 2
4454 916 2
4253 916 2
833 4253 2
833 589 2
2467 589 2
2467 3201 2
3201 297 2
4080 297 2
4080 2620 2
410 2620 2
410 2352 2
4059 2352 2
3142 4059 2
3142 5304 2
5304 2679 2
5220 2679 2
5220 4722 2
3293 4722 2
2951 3293 2
1868 2951 2
1868 4701 2
4701 4252 2
3919 4252 2
3919 2888 2
1501 2888 2
1501 815 2
1991 815 2
5542 1991 2
5542 5315 2
3465 5315 2
3465 4545 2
1077 4545 2
1077 1034 2
1034 3359 2
3359 3603 2
3603 4259 2
166 4259 2
166 4243 2
4243 4107 2
5278 4107 2
4053 5278 2
4053 4245 2
1310 4245 2
4937 1310 2
1657 4937 2
4875 1657 2
4875 1565 2
1565 4510 2
4510 1959 2
1959 2159 2
2159 5537 2
5133 5537 2
5133 4629 2
4629 2130 2
2130 3803 2
3803 16 2
2091 16 2
2091 3955 2
1408 3955 2
1408 3424 2
3424 2396 2
5293 2396 2
4458 5293 2
4449 4458 2
2398 4449 2
5351 2398 2
2389 5351 2
2616 2389 2
824 2616 2
4339 824 2
90 4339 2
2969 90 2
2969 3588 2
5004 3588 2
796 5004 2
796 531 2
531 2953 2
2953 1128 2
2430 1128 2
2430 3923 2
3261 3923 2
3261 377 2
377 3189 2
898 3189 2
2195 898 2
2195 2332 2
4528 2332 2
4528 857 2
3892 857 2
3892 4799 2
1123 4799 2
3828 1123 2
3828 4734 2
4734 4074 2
4800 4074 2
820 4800 2
3265 820 2
3265 570 2
4607 570 2
5186 4607 2
4385 5186 2
4264 4385 2
4264 5020 2
5497 5020 2
5497 523 2
523 4738 2
2314 4738 2
3010 2314 2
2437 3010 2
4382 2437 2
4382 3354 2
3354 1987 2
1328 1987 2
1990 1328 2
163 1990 2
5526 163 2
262 5526 2
5076 262 2
3430 5076 2
2570 3430 2
2570 2628 2
2628 2481 2
2481 473 2
473 2045 2
1038 2045 2
