3280
1090 1491 2
1491 738 2
3268 1090 2
2374 1090 2
1417 738 2
1672 738 2
2975 3268 2
3098 3268 2
816 2374 2
2374 3084 2
1146 1417 2
1417 2146 2
1672 2692 2
1451 1672 2
1236 2975 2
1453 2975 2
3047 3098 2
3098 856 2
2150 816 2
816 2988 2
497 3084 2
3084 1889 2
1146 2291 2
262 1146 2
3170 2146 2
805 2146 2
2692 1946 2
2692 170 2
3203 1451 2
1451 1849 2
1631 1236 2
1236 93 2
3108 1453 2
3113 1453 2
2216 3047 2
623 3047 2
250 856 2
2716 856 2
551 2150 2
1410 2150 2
2988 2256 2
1337 2988 2
497 1770 2
497 2966 2
1889 365 2
1889 409 2
2704 2291 2
1700 2291 2
262 1721 2
262 2481 2
3170 613 2
3170 1156 2
805 13 2
805 594 2
1946 1091 2
1946 1429 2
170 417 2
568 170 2
3203 2347 2
448 3203 2
1849 398 2
1849 2535 2
1631 2247 2
1631 2989 2
1084 93 2
93 3186 2
1962 3108 2
3108 73 2
3113 2961 2
2179 3113 2
2216 2972 2
2216 2709 2
3003 623 2
623 2452 2
659 250 2
1393 250 2
2277 2716 2
2173 2716 2
551 2891 2
2926 551 2
1410 1988 2
1410 765 2
282 2256 2
2553 2256 2
1337 1377 2
50 1337 2
1770 2273 2
1770 3211 2
964 2966 2
2966 2095 2
365 430 2
566 365 2
2710 409 2
2349 409 2
2704 2266 2
2704 3130 2
3079 1700 2
1700 2370 2
1721 691 2
1721 347 2
2481 2974 2
983 2481 2
2172 613 2
613 1056 2
1156 754 2
1156 2880 2
1842 13 2
1963 13 2
1757 594 2
594 1077 2
1091 2060 2
1210 1091 2
1429 2475 2
1429 2720 2
3004 417 2
417 1795 2
441 568 2
568 2924 2
2347 1951 2
2347 1289 2
577 448 2
1181 448 2
3005 398 2
48 398 2
2535 517 2
2219 2535 2
1596 2247 2
2247 230 2
2639 2989 2
874 2989 2
1084 2583 2
813 1084 2
3186 775 2
2466 3186 2
1962 1126 2
148 1962 2
2575 73 2
1124 73 2
2961 450 2
2961 460 2
2179 3121 2
81 2179 2
2972 1065 2
2972 2633 2
2674 2709 2
2709 1635 2
3003 14 2
3003 932 2
2452 2313 2
2452 2361 2
1162 659 2
1747 659 2
1393 3060 2
1393 3127 2
2277 435 2
2249 2277 2
2173 1938 2
2173 2005 2
1404 2891 2
2891 870 2
2926 1350 2
2508 2926 2
1988 503 2
1988 1613 2
765 3032 2
765 1209 2
823 282 2
282 3174 2
2553 2964 2
2477 2553 2
2570 1377 2
313 1377 2
1122 50 2
50 817 2
727 2273 2
2027 2273 2
2257 3211 2
599 3211 2
964 1732 2
2015 964 2
2095 358 2
645 2095 2
430 717 2
87 430 2
566 2524 2
1330 566 2
2710 1140 2
1685 2710 2
3200 2349 2
2349 446 2
2266 3103 2
2266 654 2
3130 2748 2
1845 3130 2
3079 80 2
3079 1354 2
2370 3109 2
1667 2370 2
691 2406 2
691 1080 2
3115 347 2
2951 347 2
2000 2974 2
688 2974 2
983 2280 2
1334 983 2
2478 2172 2
2172 2609 2
3021 1056 2
1056 1311 2
1170 754 2
1364 754 2
2783 2880 2
2790 2880 2
1842 2919 2
2737 1842 2
1048 1963 2
1963 508 2
2199 1757 2
1757 1185 2
1077 128 2
2574 1077 2
345 2060 2
675 2060 2
1742 1210 2
1210 100 2
3158 2475 2
3216 2475 2
2720 176 2
1929 2720 2
1764 3004 2
3004 1215 2
1795 2637 2
908 1795 2
1455 441 2
441 424 2
2924 3276 2
1760 2924 2
3279 1951 2
1951 3168 2
1869 1289 2
3220 1289 2
577 2348 2
577 1001 2
1181 997 2
1181 1611 2
3005 2774 2
3005 1814 2
48 2295 2
48 1558 2
517 481 2
517 3033 2
2219 42 2
3164 2219 2
164 1596 2
1787 1596 2
883 230 2
230 126 2
567 2639 2
2639 2297 2
2933 874 2
874 2448 2
1211 2583 2
418 2583 2
813 3006 2
2971 813 2
775 2865 2
2683 775 2
2820 2466 2
106 2466 2
1126 790 2
1173 1126 2
2944 148 2
148 328 2
2575 3169 2
1280 2575 2
419 1124 2
1124 1908 2
450 957 2
450 1556 2
460 2356 2
1412 460 2
3121 2648 2
2377 3121 2
81 2401 2
2680 81 2
1065 778 2
1065 2902 2
2633 674 2
285 2633 2
802 2674 2
2674 331 2
1635 203 2
1635 2505 2
3250 14 2
525 14 2
932 1291 2
943 932 2
2313 1807 2
2313 729 2
2361 1231 2
2361 2358 2
413 1162 2
252 1162 2
355 1747 2
1747 1886 2
3060 505 2
1560 3060 2
3127 1456 2
3127 2062 2
1180 435 2
673 435 2
2249 2627 2
2249 949 2
1938 2430 2
692 1938 2
759 2005 2
1424 2005 2
1714 1404 2
2585 1404 2
870 221 2
1663 870 2
1350 122 2
2409 1350 2
2508 23 2
171 2508 2
503 1357 2
503 2787 2
554 1613 2
917 1613 2
3032 2101 2
3032 225 2
437 1209 2
2500 1209 2
2432 823 2
2364 823 2
1076 3174 2
3174 1175 2
2964 1550 2
432 2964 2
2504 2477 2
2477 2628 2
2570 3089 2
2570 1130 2
3041 313 2
2399 313 2
2435 1122 2
2244 1122 2
2368 817 2
817 523 2
727 386 2
2960 727 2
2089 2027 2
2027 3145 2
2257 2723 2
1331 2257 2
699 599 2
599 2112 2
1004 1732 2
1732 2702 2
1582 2015 2
3179 2015 2
906 358 2
358 2276 2
1861 645 2
315 645 2
717 2239 2
717 1634 2
1610 87 2
2838 87 2
2524 2426 2
1568 2524 2
1330 1871 2
2366 1330 2
1140 469 2
2958 1140 2
1685 1648 2
516 1685 2
3200 2597 2
3200 1293 2
2007 446 2
446 1659 2
114 3103 2
987 3103 2
654 2671 2
2246 654 2
824 2748 2
2748 160 2
1845 2655 2
1845 1888 2
3080 80 2
2471 80 2
1354 1207 2
2886 1354 2
1461 3109 2
3109 3131 2
1248 1667 2
1667 3120 2
2406 2777 2
2406 1038 2
3262 1080 2
1743 1080 2
3196 3115 2
3115 785 2
2951 2436 2
3042 2951 2
2812 2000 2
2000 2756 2
688 1362 2
3139 688 2
2280 2903 2
272 2280 2
1334 857 2
1334 2587 2
2478 2909 2
2478 2235 2
410 2609 2
2609 489 2
3021 2503 2
455 3021 2
1311 1961 2
1311 271 2
1677 1170 2
27 1170 2
1458 1364 2
1879 1364 2
132 2783 2
2738 2783 2
739 2790 2
2790 909 2
2919 1217 2
1125 2919 2
2737 1093 2
2737 1503 2
1048 2771 2
1048 2036 2
769 508 2
508 605 2
2619 2199 2
2315 2199 2
1185 2097 2
2317 1185 2
378 128 2
19 128 2
2574 2659 2
2574 2218 2
345 2853 2
345 421 2
2546 675 2
675 2579 2
1742 121 2
1742 561 2
100 1970 2
100 1141 2
3267 3158 2
2896 3158 2
44 3216 2
3216 584 2
176 2550 2
2163 176 2
1929 2194 2
1929 184 2
1764 2232 2
968 1764 2
786 1215 2
2617 1215 2
1477 2637 2
2064 2637 2
2279 908 2
908 1460 2
595 1455 2
1455 1074 2
424 1481 2
424 1184 2
1523 3276 2
1851 3276 2
2817 1760 2
1760 445 2
3279 319 2
924 3279 2
767 3168 2
3168 2881 2
1869 521 2
580 1869 2
3220 2422 2
3220 2131 2
578 2348 2
2348 2703 2
1001 120 2
1001 1737 2
603 997 2
997 1956 2
1611 1398 2
901 1611 2
2774 801 2
719 2774 2
882 1814 2
1814 728 2
2734 2295 2
2295 2165 2
1558 2392 2
1558 2977 2
481 2223 2
481 82 2
3033 3040 2
3033 1615 2
2652 42 2
1355 42 2
3185 3164 2
3164 2843 2
2707 164 2
164 408 2
2178 1787 2
2917 1787 2
652 883 2
883 1890 2
145 126 2
126 3010 2
952 567 2
567 3134 2
2297 318 2
204 2297 2
2805 2933 2
338 2933 2
2448 2590 2
2448 36 2
3160 1211 2
1211 188 2
219 418 2
281 418 2
3006 4 2
3006 3162 2
2091 2971 2
1708 2971 2
2865 995 2
2865 938 2
2683 1618 2
2683 902 2
2820 2488 2
2820 710 2
147 106 2
106 433 2
790 1789 2
790 2211 2
1173 339 2
1173 362 2
2944 2849 2
1272 2944 2
328 1399 2
635 328 2
2149 3169 2
1342 3169 2
472 1280 2
2646 1280 2
634 419 2
2567 419 2
1908 2296 2
1908 2183 2
2761 957 2
957 284 2
51 1556 2
1556 1966 2
2356 1538 2
918 2356 2
1412 1617 2
1412 3055 2
2648 1754 2
377 2648 2
1466 2377 2
2377 12 2
1137 2401 2
2401 1573 2
2680 1378 2
1110 2680 2
2929 778 2
778 2255 2
2902 887 2
1796 2902 2
2337 674 2
2560 674 2
1014 285 2
285 2536 2
802 1423 2
372 802 2
1089 331 2
2773 331 2
203 506 2
203 2142 2
2505 327 2
2527 2505 2
2259 3250 2
1459 3250 2
525 280 2
1176 525 2
1291 2130 2
173 1291 2
2698 943 2
492 943 2
2670 1807 2
1807 3209 2
729 1114 2
729 2367 2
1231 1537 2
933 1231 2
2358 1661 2
877 2358 2
413 873 2
748 413 2
252 2521 2
1857 252 2
355 2492 2
355 1749 2
2245 1886 2
2024 1886 2
505 1882 2
505 2344 2
1560 2376 2
112 1560 2
1456 800 2
1456 456 2
2062 1384 2
2062 1449 2
1994 1180 2
1180 1580 2
2188 673 2
673 895 2
2627 3088 2
2627 1800 2
949 3123 2
2057 949 2
444 2430 2
2430 1713 2
692 1990 2
692 2159 2
1620 759 2
759 344 2
1424 631 2
1424 2284 2
3229 1714 2
1633 1714 2
1574 2585 2
2585 54 2
2735 221 2
221 1932 2
2788 1663 2
1663 3227 2
122 1934 2
122 1974 2
959 2409 2
2409 370 2
23 789 2
2410 23 2
171 1096 2
171 501 2
1357 2512 2
1178 1357 2
2787 696 2
130 2787 2
554 2677 2
554 2281 2
917 2907 2
1349 917 2
2101 1269 2
798 2101 2
1062 225 2
225 2397 2
437 1786 2
437 545 2
65 2500 2
772 2500 2
2869 2432 2
2432 1105 2
2364 3082 2
2364 2167 2
1212 1076 2
1816 1076 2
3002 1175 2
2765 1175 2
702 1550 2
290 1550 2
317 432 2
432 537 2
2504 841 2
2504 1588 2
2616 2628 2
2602 2628 2
3089 1707 2
3180 3089 2
1130 1705 2
2396 1130 2
2719 3041 2
1792 3041 2
2632 2399 2
2399 3194 2
1834 2435 2
2435 3231 2
2868 2244 2
1896 2244 2
2368 1598 2
2368 747 2
523 1950 2
523 1576 2
1112 386 2
386 3023 2
2960 2937 2
2960 376 2
2089 240 2
2089 2697 2
2185 3145 2
1045 3145 2
2723 1586 2
2723 682 2
2107 1331 2
768 1331 2
699 1755 2
527 699 2
2112 773 2
1584 2112 2
1160 1004 2
2563 1004 2
2702 626 2
102 2702 2
1582 1058 2
1582 2437 2
1195 3179 2
3179 2307 2
906 3233 2
1368 906 2
3062 2276 2
2518 2276 2
1861 174 2
886 1861 2
3188 315 2
315 2018 2
2239 2845 2
2411 2239 2
1634 3146 2
624 1634 2
954 1610 2
2424 1610 2
2104 2838 2
639 2838 2
2426 1002 2
1003 2426 2
1568 165 2
972 1568 2
385 1871 2
172 1871 2
2876 2366 2
1767 2366 2
469 2390 2
469 2990 2
2450 2958 2
583 2958 2
1648 914 2
1648 2300 2
516 3154 2
3020 516 2
2597 2762 2
2597 299 2
1293 2730 2
1293 1855 2
2007 422 2
2007 1843 2
1659 1506 2
1830 1659 2
114 210 2
114 2231 2
987 1192 2
979 987 2
1472 2671 2
1905 2671 2
2705 2246 2
2246 239 2
824 724 2
2084 824 2
160 2078 2
160 2102 2
2655 463 2
2655 3070 2
1784 1888 2
1888 2226 2
3080 2489 2
1860 3080 2
3212 2471 2
2471 1736 2
1207 2016 2
1374 1207 2
276 2886 2
2341 2886 2
1461 1071 2
1328 1461 2
3131 1815 2
1028 3131 2
1248 124 2
1248 2795 2
1086 3120 2
593 3120 2
2777 1193 2
985 2777 2
1850 1038 2
3184 1038 2
3262 6 2
3262 1314 2
1743 3111 2
1753 1743 2
3196 3208 2
507 3196 2
785 103 2
785 2875 2
2436 3197 2
1837 2436 2
1213 3042 2
3255 3042 2
2812 3095 2
2812 2556 2
1519 2756 2
2756 2290 2
1593 1362 2
1362 260 2
3139 2676 2
1179 3139 2
2903 2103 2
2903 519 2
272 2115 2
2599 272 2
116 857 2
1166 857 2
1018 2587 2
2885 2587 2
2909 185 2
2909 3249 2
2943 2235 2
2235 1111 2
930 410 2
410 2858 2
489 585 2
489 3119 2
2819 2503 2
1151 2503 2
1333 455 2
455 2456 2
1095 1961 2
1961 3177 2
271 1079 2
271 125 2
1677 2052 2
2388 1677 2
123 27 2
1055 27 2
1499 1458 2
1458 3223 2
1919 1879 2
1879 1728 2
132 680 2
3213 132 2
2738 2318 2
2722 2738 2
1133 739 2
739 269 2
909 596 2
2391 909 2
670 1217 2
1217 325 2
1208 1125 2
297 1125 2
549 1093 2
1093 1094 2
1503 3093 2
1503 1627 2
2771 540 2
2605 2771 2
2036 2700 2
2679 2036 2
769 2665 2
1049 769 2
1859 605 2
605 1239 2
961 2619 2
155 2619 2
1986 2315 2
2600 2315 2
192 2097 2
700 2097 2
1222 2317 2
812 2317 2
378 1385 2
499 378 2
1712 19 2
513 19 2
2035 2659 2
459 2659 2
2218 1286 2
1561 2218 2
2601 2853 2
2853 179 2
1699 421 2
421 2736 2
2714 2546 2
2546 2190 2
68 2579 2
2579 293 2
3063 121 2
2467 121 2
518 561 2
561 1157 2
865 1970 2
1970 815 2
2465 1141 2
1141 2321 2
3267 1238 2
235 3267 2
2896 2322 2
127 2896 2
3137 44 2
2957 44 2
584 2144 2
584 26 2
2550 2728 2
2550 2544 2
2163 195 2
2040 2163 2
1841 2194 2
2194 1512 2
1960 184 2
849 184 2
2232 135 2
2232 2732 2
968 2413 2
1651 968 2
786 31 2
786 923 2
1943 2617 2
2617 3052 2
1477 956 2
1477 1150 2
2064 2476 2
1243 2064 2
2279 1252 2
2279 3009 2
1460 2240 2
387 1460 2
2343 595 2
1462 595 2
1074 638 2
1074 1371 2
1481 1205 2
504 1481 2
1996 1184 2
2724 1184 2
564 1523 2
2526 1523 2
1851 1389 2
1851 1317 2
2817 714 2
2817 685 2
445 1865 2
2066 445 2
2209 319 2
2799 319 2
3246 924 2
1227 924 2
2758 767 2
767 283 2
2881 108 2
1761 2881 2
521 2769 2
996 521 2
580 1478 2
580 1683 2
2422 2793 2
2422 1976 2
458 2131 2
2131 1437 2
578 2996 2
578 251 2
2703 2545 2
1511 2703 2
1308 120 2
2741 120 2
2254 1737 2
3096 1737 2
205 603 2
574 603 2
1956 1987 2
1956 757 2
1398 2063 2
1398 644 2
1057 901 2
2335 901 2
801 2513 2
801 3125 2
719 3248 2
57 719 2
882 1431 2
882 2826 2
728 1392 2
41 728 2
2551 2734 2
2935 2734 2
1826 2165 2
2165 2829 2
2392 552 2
678 2392 2
2827 2977 2
1609 2977 2
2458 2223 2
2223 572 2
117 82 2
277 82 2
2986 3040 2
234 3040 2
1615 1500 2
1615 640 2
2652 2842 2
1482 2652 2
1581 1355 2
1355 1679 2
3185 193 2
3185 837 2
2843 2494 2
2843 428 2
1344 2707 2
434 2707 2
408 2910 2
408 1267 2
2178 2011 2
2178 604 2
2917 2395 2
2213 2917 2
2234 652 2
652 2221 2
2147 1890 2
3100 1890 2
940 145 2
3236 145 2
3010 1386 2
3010 2161 2
952 3065 2
952 231 2
876 3134 2
169 3134 2
318 2031 2
928 318 2
2487 204 2
204 1281 2
2805 2125 2
1924 2805 2
1991 338 2
2855 338 2
2590 637 2
2590 1438 2
2359 36 2
3102 36 2
1578 3160 2
2405 3160 2
1607 188 2
2916 188 2
219 2143 2
3242 219 2
281 215 2
627 281 2
2201 4 2
4 2275 2
3162 697 2
3162 944 2
47 2091 2
615 2091 2
1708 1893 2
1708 2482 2
2153 995 2
2010 995 2
474 938 2
938 2058 2
2110 1618 2
1618 760 2
902 2350 2
902 308 2
2488 24 2
2488 1214 2
710 2713 2
571 710 2
1226 147 2
3024 147 2
433 836 2
433 807 2
1789 94 2
1789 897 2
2211 3124 2
2211 1444 2
339 1887 2
339 1884 2
2109 362 2
362 1450 2
2894 2849 2
1619 2849 2
1272 1318 2
3241 1272 2
1305 1399 2
1399 2495 2
635 3171 2
635 833 2
2991 2149 2
2836 2149 2
1616 1342 2
1342 96 2
945 472 2
472 2365 2
1043 2646 2
2646 2498 2
1325 634 2
634 1999 2
2567 2745 2
1422 2567 2
3165 2296 2
2296 2987 2
2183 529 2
2183 452 2
3182 2761 2
3107 2761 2
2519 284 2
284 866 2
51 3156 2
2963 51 2
1966 3001 2
1966 1013 2
3085 1538 2
1538 1487 2
1303 918 2
918 3058 2
1617 2460 2
3012 1617 2
3055 1911 2
1915 3055 2
2565 1754 2
2486 1754 2
2208 377 2
377 7 2
496 1466 2
2837 1466 2
12 1341 2
1645 12 2
2625 1137 2
1137 238 2
1573 3016 2
1573 91 2
1378 1952 2
1378 1161 2
1110 770 2
2721 1110 2
2929 2298 2
2389 2929 2
771 2255 2
1365 2255 2
2887 887 2
515 887 2
1796 2491 2
1159 1796 2
2882 2337 2
257 2337 2
2560 1998 2
2560 2304 2
1014 245 2
749 1014 2
2536 3000 2
2536 2124 2
84 1423 2
1423 2571 2
2323 372 2
2154 372 2
2739 1089 2
1203 1089 2
401 2773 2
1515 2773 2
506 388 2
506 1324 2
2142 1710 2
2142 1594 2
1944 327 2
66 327 2
1051 2527 2
3050 2527 2
1346 2259 2
2753 2259 2
2956 1459 2
3038 1459 2
1775 280 2
2542 280 2
2462 1176 2
1176 546 2
2130 750 2
2130 1270 2
173 1414 2
173 2023 2
2184 2698 2
2698 1066 2
925 492 2
492 397 2
2670 1446 2
2044 2670 2
1872 3209 2
3064 3209 2
1114 3141 2
2418 1114 2
1224 2367 2
2367 704 2
556 1537 2
2918 1537 2
933 2941 2
843 933 2
2174 1661 2
287 1661 2
553 877 2
1250 877 2
873 1419 2
873 842 2
3152 748 2
809 748 2
3104 2521 2
2521 2490 2
1857 1984 2
314 1857 2
794 2492 2
1276 2492 2
533 1749 2
1749 1283 2
149 2245 2
1731 2245 2
2326 2024 2
11 2024 2
1246 1882 2
1882 1874 2
1716 2344 2
2743 2344 2
85 2376 2
2376 2215 2
1527 112 2
1810 112 2
800 431 2
483 800 2
2186 456 2
456 2552 2
258 1384 2
1384 144 2
1449 101 2
1449 664 2
1994 2212 2
2645 1994 2
1580 563 2
1580 1020 2
2188 2890 2
2188 118 2
895 3172 2
2923 895 2
1863 3088 2
1447 3088 2
1800 142 2
1800 1629 2
3123 1709 2
305 3123 2
45 2057 2
2057 1027 2
217 444 2
1589 444 2
1713 511 2
2962 1713 2
2934 1990 2
1827 1990 2
2159 878 2
490 2159 2
1486 1620 2
896 1620 2
3167 344 2
1367 344 2
631 2522 2
631 1730 2
1891 2284 2
1658 2284 2
3229 2181 2
3229 818 2
1633 141 2
2717 1633 2
1574 2353 2
1574 591 2
54 946 2
1117 54 2
2735 1759 2
2735 900 2
2292 1932 2
2053 1932 2
2788 1380 2
2788 3039 2
3215 3227 2
3227 2810 2
1129 1934 2
1934 721 2
1974 2770 2
1974 1655 2
2171 959 2
3028 959 2
3086 370 2
370 1288 2
789 892 2
789 2884 2
2410 37 2
2410 1517 2
303 1096 2
1096 2555 2
501 690 2
3205 501 2
309 2512 2
259 2512 2
1178 1657 2
1948 1178 2
696 2883 2
696 212 2
130 3206 2
2895 130 2
1895 2677 2
491 2677 2
1 2281 2
2281 302 2
2907 1282 2
2907 1867 2
761 1349 2
1520 1349 2
1269 2382 2
1690 1269 2
1969 798 2
1852 798 2
1062 2604 2
1062 867 2
2397 994 2
187 2397 2
1786 2733 2
1702 1786 2
1295 545 2
545 310 2
65 1375 2
2133 65 2
1628 772 2
2484 772 2
2352 2869 2
375 2869 2
1105 1388 2
1105 3228 2
2122 3082 2
1904 3082 2
2167 175 2
1880 2167 2
942 1212 2
1212 1359 2
2204 1816 2
60 1816 2
2768 3002 2
3002 2798 2
2765 1799 2
2765 3046 2
702 1505 2
702 2596 2
1232 290 2
290 2920 2
317 202 2
317 367 2
537 1791 2
2312 537 2
841 2621 2
64 841 2
2629 1588 2
1588 2238 2
2616 76 2
1273 2616 2
2602 2045 2
2706 2602 2
1707 735 2
1723 1707 2
3180 2593 2
1229 3180 2
1705 74 2
2930 1705 2
2396 1483 2
3191 2396 2
2719 414 2
2719 808 2
1792 2547 2
1692 1792 2
2747 2632 2
889 2632 2
1597 3194 2
2642 3194 2
3192 1834 2
512 1834 2
3231 722 2
3231 1132 2
2868 1583 2
2668 2868 2
1554 1896 2
576 1896 2
2824 1598 2
425 1598 2
819 747 2
747 2287 2
1971 1950 2
1221 1950 2
855 1576 2
244 1576 2
2334 1112 2
1674 1112 2
1183 3023 2
288 3023 2
2937 542 2
2937 718 2
879 376 2
376 2938 2
240 270 2
240 1804 2
2697 412 2
2697 2070 2
1877 2185 2
1691 2185 2
1682 1045 2
1045 1741 2
1442 1586 2
1586 1113 2
682 2069 2
1858 682 2
2952 2107 2
3044 2107 2
676 768 2
768 1448 2
1755 2 2
1755 150 2
1313 527 2
5 527 2
2459 773 2
773 261 2
1584 186 2
1584 226 2
742 1160 2
1160 3099 2
2563 2586 2
2563 349 2
2093 626 2
500 626 2
63 102 2
852 102 2
366 1058 2
2328 1058 2
1534 2437 2
1297 2437 2
1195 919 2
1012 1195 2
2307 737 2
2307 1233 2
39 3233 2
3233 514 2
1368 1235 2
2354 1368 2
3062 2968 2
3062 3263 2
2518 2823 2
2518 2004 2
486 174 2
3068 174 2
2729 886 2
886 320 2
3114 3188 2
3188 2136 2
2018 292 2
2018 2807 2
2845 3013 2
2562 2845 2
2451 2411 2
2411 2584 2
2892 3146 2
3146 2630 2
624 119 2
1271 624 2
954 1565 2
954 1535 2
2424 1545 2
1306 2424 2
1081 2104 2
2104 2572 2
1579 639 2
639 3234 2
383 1002 2
1002 3265 2
1003 2818 2
1003 1172 2
2844 165 2
165 30 2
972 1715 2
249 972 2
79 385 2
2931 385 2
172 2193 2
172 2237 2
3061 2876 2
2429 2876 2
1767 1434 2
1501 1767 2
2390 462 2
1722 2390 2
2990 470 2
2990 3007 2
2450 910 2
799 2450 2
583 2141 2
583 2433 2
914 1336 2
701 914 2
2300 544 2
3083 2300 2
3154 1978 2
3154 781 2
2502 3020 2
864 3020 2
2762 853 2
2762 2039 2
2077 299 2
619 299 2
1612 2730 2
2730 182 2
1855 3259 2
3150 1855 2
3031 422 2
422 1876 2
2649 1843 2
1843 1128 2
1506 1088 2
1506 2954 2
1830 1907 2
2114 1830 2
2050 210 2
1953 210 2
2231 1992 2
2231 929 2
1192 2338 2
1776 1192 2
979 2414 2
2072 979 2
1472 1914 2
1472 3116 2
351 1905 2
1905 1452 2
115 2705 2
1751 2705 2
2568 239 2
2086 239 2
724 2980 2
724 3245 2
2084 2042 2
2531 2084 2
2078 2164 2
2078 346 2
689 2102 2
2198 2102 2
463 653 2
1035 463 2
3070 335 2
3070 1910 2
743 1784 2
726 1784 2
2226 1315 2
2226 113 2
2489 703 2
3214 2489 2
1860 2108 2
3014 1860 2
3212 3272 2
3212 1686 2
1736 3173 2
1218 1736 2
1652 2016 2
2016 1696 2
1374 465 2
1374 471 2
276 1123 2
276 1039 2
827 2341 2
974 2341 2
1199 1071 2
1071 109 2
2099 1328 2
3198 1328 2
2786 1815 2
891 1815 2
2251 1028 2
2067 1028 2
124 2381 2
124 2764 2
2928 2795 2
734 2795 2
1949 1086 2
1086 2449 2
593 1075 2
593 1997 2
168 1193 2
1740 1193 2
985 792 2
985 427 2
2846 1850 2
880 1850 2
774 3184 2
3184 2262 2
498 6 2
782 6 2
1314 189 2
1314 2796 2
921 3111 2
3111 29 2
348 1753 2
1092 1753 2
681 3208 2
1498 3208 2
507 3090 2
698 507 2
103 3280 2
103 2970 2
2189 2875 2
475 2875 2
2408 3197 2
3197 1848 2
1837 536 2
1837 875 2
1213 1031 2
1213 530 2
3255 2265 2
3255 2286 2
2945 3095 2
3095 2145 2
3015 2556 2
1935 2556 2
2117 1519 2
1519 3253 2
2290 1441 2
903 2290 2
1593 1625 2
1593 156 2
1339 260 2
260 1526 2
1698 2676 2
1470 2676 2
1660 1179 2
1179 1937 2
2103 2120 2
2103 1623 2
1993 519 2
519 2913 2
2115 2233 2
2115 153 2
978 2599 2
898 2599 2
116 1029 2
116 922 2
2447 1166 2
3274 1166 2
1018 2299 2
1018 646 2
2885 3025 2
2885 3051 2
2695 185 2
2303 185 2
1774 3249 2
3249 2371 2
888 2943 2
1931 2943 2
2135 1111 2
3157 1111 2
1376 930 2
930 1727 2
2858 2028 2
2858 2059 2
980 585 2
585 720 2
3119 1167 2
3119 1260 2
2270 2819 2
2819 1820 2
2220 1151 2
828 1151 2
1333 222 2
2982 1333 2
573 2456 2
2456 2636 2
1718 1095 2
1095 167 2
2034 3177 2
2901 3177 2
2507 1079 2
1079 183 2
423 125 2
279 125 2
2052 558 2
237 2052 2
2388 1540 2
1169 2388 2
2557 123 2
275 123 2
2767 1055 2
2715 1055 2
1495 1499 2
1499 1823 2
140 3223 2
3223 3091 2
2191 1919 2
3271 1919 2
3147 1728 2
295 1728 2
1831 680 2
607 680 2
3213 1788 2
708 3213 2
2318 59 2
787 2318 2
2722 920 2
522 2722 2
1724 1133 2
797 1133 2
269 2914 2
2319 269 2
596 163 2
596 2431 2
2391 1103 2
2391 547 2
3045 670 2
3017 670 2
325 2051 2
325 2666 2
2100 1208 2
1216 1208 2
2470 297 2
297 2282 2
549 2603 2
549 1639 2
3133 1094 2
2511 1094 2
3093 1168 2
3093 2675 2
860 1627 2
1627 1967 2
2626 540 2
540 672 2
2339 2605 2
2605 2726 2
2831 2700 2
1507 2700 2
98 2679 2
2679 2416 2
2301 2665 2
2665 1637 2
1259 1049 2
1049 1340 2
2915 1859 2
1570 1859 2
3257 1239 2
1239 2922 2
844 961 2
961 3178 2
2893 155 2
155 1746 2
1102 1986 2
684 1986 2
2699 2600 2
2600 312 2
1508 192 2
3278 192 2
700 2525 2
700 2859 2
2742 1222 2
1513 1222 2
247 812 2
2861 812 2
1385 1603 2
2775 1385 2
1082 499 2
2373 499 2
1712 550 2
1712 2126 2
513 2205 2
513 2329 2
3269 2035 2
2035 706 2
2693 459 2
459 1614 2
1286 1382 2
1286 2688 2
1561 2283 2
1561 197 2
2601 835 2
3069 2601 2
1006 179 2
179 752 2
1819 1699 2
1699 1387 2
1980 2736 2
2736 1772 2
2714 62 2
1642 2714 2
628 2190 2
1390 2190 2
1177 68 2
1121 68 2
293 2780 2
293 1241 2
3063 2532 2
2412 3063 2
1142 2467 2
480 2467 2
2195 518 2
518 1085 2
1157 1469 2
1157 1149 2
865 814 2
865 1329 2
3230 815 2
1917 815 2
2465 838 2
2111 2465 2
3163 2321 2
2321 1406 2
1083 1238 2
2506 1238 2
2573 235 2
235 1543 2
2322 1496 2
2322 3048 2
1703 127 2
127 2187 2
3137 218 2
3137 1734 2
2957 157 2
2957 2992 2
2660 2144 2
2157 2144 2
2582 26 2
2305 26 2
2728 1299 2
2132 2728 2
2657 2544 2
1147 2544 2
195 2540 2
195 1813 2
2040 3027 2
2040 1489 2
1841 1913 2
2870 1841 2
1512 1426 2
2997 1512 2
2950 1960 2
834 1960 2
586 849 2
849 1017 2
2866 135 2
135 2480 2
2732 2384 2
1011 2732 2
484 2413 2
451 2413 2
2030 1651 2
1651 89 2
31 1042 2
31 1726 2
923 1379 2
391 923 2
1943 368 2
1396 1943 2
3052 353 2
3052 2258 2
2228 956 2
956 610 2
2090 1150 2
2439 1150 2
2476 1602 2
2476 3193 2
1243 1846 2
1243 1542 2
1252 539 2
1252 2999 2
1154 3009 2
1769 3009 2
1533 2240 2
2873 2240 2
387 1752 2
387 2386 2
2343 333 2
1717 2343 2
1462 1391 2
2549 1462 2
638 214 2
1606 638 2
1136 1371 2
1371 2814 2
1104 1205 2
1205 1026 2
602 504 2
504 611 2
1996 927 2
1996 1546 2
587 2724 2
966 2724 2
564 2309 2
2407 564 2
2162 2526 2
1824 2526 2
55 1389 2
2003 1389 2
2615 1317 2
1317 2336 2
714 1601 2
714 407 2
685 1023 2
685 371 2
1865 2083 2
1134 1865 2
2066 357 2
2690 2066 2
2209 913 2
2209 2403 2
955 2799 2
2799 2061 2
3246 569 2
3246 1165 2
1227 2661 2
478 1227 2
2624 2758 2
2758 3129 2
283 2610 2
283 129 2
3076 108 2
108 2701 2
429 1761 2
989 1761 2
2769 340 2
2769 2138 2
996 1571 2
996 1906 2
3217 1478 2
1478 1927 2
3247 1683 2
1683 1041 2
2793 1144 2
2793 948 2
1976 2106 2
1976 1636 2
804 458 2
458 436 2
2169 1437 2
1411 1437 2
2996 2152 2
415 2996 2
251 1278 2
251 49 2
1420 2545 2
2545 643 2
1511 2712 2
33 1511 2
762 1308 2
1408 1308 2
2741 1148 2
2741 2182 2
2254 1258 2
482 2254 2
3187 3096 2
3096 2985 2
205 668 2
1695 205 2
574 134 2
1945 574 2
1780 1987 2
1987 3266 2
3159 757 2
757 622 2
2063 617 2
2063 2438 2
644 2118 2
1263 644 2
1057 581 2
575 1057 2
683 2335 2
2335 2634 2
2513 396 2
3135 2513 2
3125 555 2
811 3125 2
2272 3248 2
3248 3094 2
57 598 2
2325 57 2
2360 1431 2
3034 1431 2
2826 1100 2
2826 1493 2
1484 1392 2
1392 2236 2
41 2622 2
41 1530 2
2551 1818 2
1539 2551 2
2935 3026 2
2935 104 2
2442 1826 2
1826 166 2
2969 2829 2
3166 2829 2
552 2455 2
2404 552 2
678 669 2
678 3252 2
2827 2548 2
2827 2158 2
1609 1835 2
274 1609 2
1443 2458 2
2682 2458 2
1654 572 2
2993 572 2
117 447 2
763 117 2
1320 277 2
612 277 2
2927 2986 2
2986 796 2
234 1965 2
1939 234 2
1500 1808 2
3207 1500 2
640 216 2
640 1319 2
2842 3142 2
2842 1676 2
1482 2825 2
2055 1482 2
1581 1878 2
1581 984 2
1679 1332 2
1811 1679 2
1152 193 2
193 1521 2
3202 837 2
837 403 2
493 2494 2
2494 2472 2
428 1191 2
406 428 2
1344 2763 2
1300 1344 2
1475 434 2
1274 434 2
2134 2910 2
2910 2669 2
1267 2874 2
1782 1267 2
548 2011 2
2011 2851 2
604 2995 2
1626 604 2
1643 2395 2
3118 2395 2
2200 2213 2
2213 597 2
2234 78 2
2234 2464 2
2221 2038 2
1778 2221 2
2147 2776 2
2520 2147 2
278 3100 2
3100 2678 2
723 940 2
940 2463 2
2214 3236 2
3066 3236 2
1386 266 2
2686 1386 2
2161 2025 2
1439 2161 2
3065 1547 2
405 3065 2
231 2905 2
2543 231 2
876 904 2
201 876 2
3037 169 2
1868 169 2
614 2031 2
570 2031 2
2608 928 2
928 2852 2
2487 2263 2
2487 2268 2
350 1281 2
2379 1281 2
2125 306 2
289 2125 2
1924 1901 2
1924 854 2
2936 1991 2
1991 693 2
2855 1918 2
3261 2855 2
1562 637 2
2274 637 2
2897 1438 2
1438 268 2
2359 2116 2
2359 10 2
3102 821 2
820 3102 2
2755 1578 2
1873 1578 2
2405 2877 2
2405 337 2
1607 1171 2
1607 3153 2
2916 1488 2
2916 2554 2
2143 2170 2
3190 2143 2
3242 3078 2
832 3242 2
215 3273 2
3019 215 2
627 2862 2
400 627 2
2658 2201 2
1666 2201 2
3225 2275 2
2275 2402 2
697 502 2
697 228 2
944 1693 2
1979 944 2
47 1828 2
47 1109 2
2446 615 2
615 1069 2
1893 473 2
1893 736 2
2482 2068 2
2482 1762 2
746 2153 2
2153 740 2
2010 520 2
2010 784 2
1765 474 2
890 474 2
154 2058 2
2058 1435 2
2110 1745 2
2110 999 2
760 931 2
760 32 2
2350 1326 2
2229 2350 2
308 1838 2
322 308 2
24 2754 2
24 1116 2
1214 1785 2
3072 1214 2
1793 2713 2
2713 2119 2
2516 571 2
571 2378 2
1033 1226 2
1351 1226 2
3024 1064 2
3024 2151 2
836 2293 2
1553 836 2
1802 807 2
807 311 2
94 3270 2
936 94 2
990 897 2
897 1678 2
3124 1356 2
3124 384 2
1444 947 2
1444 970 2
1099 1887 2
1768 1887 2
1884 2872 2
1884 3226 2
1797 2109 2
2109 510 2
485 1450 2
2485 1450 2
2894 99 2
2440 2894 2
1619 399 2
2043 1619 2
1564 1318 2
1318 2663 2
1898 3241 2
1662 3241 2
1305 1009 2
34 1305 2
3264 2495 2
2495 2766 2
1257 3171 2
3171 1245 2
833 2017 2
1790 833 2
2991 665 2
2175 2991 2
329 2836 2
2836 935 2
1616 2425 2
2523 1616 2
96 194 2
96 3260 2
945 2206 2
945 3140 2
2365 1653 2
2365 2375 2
1043 2791 2
2002 1043 2
2203 2498 2
2498 667 2
2046 1325 2
1325 1514 2
1999 2848 2
1999 440 2
2745 2075 2
1847 2745 2
69 1422 2
1422 97 2
3057 3165 2
3165 2641 2
2864 2987 2
8 2987 2
529 1285 2
616 529 2
452 2331 2
1995 452 2
3182 830 2
1510 3182 2
3107 2687 2
862 3107 2
1421 2519 2
2519 1567 2
373 866 2
866 1219 2
3156 2947 2
136 3156 2
2963 3029 2
2963 241 2
1189 3001 2
3001 845 2
1013 2363 2
1101 1013 2
3085 1805 2
3085 2054 2
1894 1487 2
2981 1487 2
1303 3149 2
831 1303 2
3058 2264 2
3058 58 2
38 2460 2
2340 2460 2
1536 3012 2
3012 3240 2
1911 2306 2
1911 663 2
1915 656 2
390 1915 2
2565 1528 2
2127 2565 2
264 2486 2
2486 1054 2
2208 1415 2
254 2208 2
7 233 2
248 7 2
496 2342 2
242 496 2
618 2837 2
321 2837 2
1341 885 2
1341 2750 2
207 1645 2
1645 152 2
2625 2461 2
2625 1585 2
341 238 2
939 238 2
1809 3016 2
3016 1000 2
91 2778 2
91 3073 2
1952 1153 2
3011 1952 2
1688 1161 2
2620 1161 2
3244 770 2
326 770 2
1284 2721 2
352 2721 2
2298 687 2
2298 133 2
3222 2389 2
2389 2320 2
273 771 2
771 1729 2
2591 1365 2
1923 1365 2
1656 2887 2
1010 2887 2
2921 515 2
1817 515 2
2491 951 2
2491 2940 2
1490 1159 2
1138 1159 2
2882 1304 2
1825 2882 2
257 559 2
257 1230 2
2351 1998 2
543 1998 2
2304 1502 2
2304 1641 2
2759 245 2
2071 245 2
1405 749 2
749 206 2
1127 3000 2
1916 3000 2
2124 642 2
633 2124 2
1395 84 2
84 2802 2
589 2571 2
2592 2571 2
2323 1244 2
2323 1474 2
18 2154 2
2154 208 2
2739 3254 2
200 2739 2
1203 3143 2
1247 1203 2
401 705 2
105 401 2
1515 1338 2
1015 1515 2
388 756 2
388 151 2
2285 1324 2
2020 1324 2
868 1710 2
1710 744 2
1594 3122 2
1433 1594 2
1106 1944 2
1944 361 2
1566 66 2
66 2832 2
2925 1051 2
389 1051 2
1120 3050 2
3050 220 2
1346 1739 2
1346 1007 2
1068 2753 2
1668 2753 2
780 2956 2
2956 2854 2
3054 3038 2
3038 2260 2
1067 1775 2
1070 1775 2
2542 998 2
2542 443 2
3049 2462 2
360 2462 2
2129 546 2
2008 546 2
750 531 2
750 229 2
1270 381 2
1270 1870 2
1414 43 2
1414 2012 2
2400 2023 2
330 2023 2
2184 2499 2
2184 2835 2
884 1066 2
2230 1066 2
267 925 2
393 925 2
2014 397 2
2248 397 2
1145 1446 2
1446 2192 2
2044 2092 2
2044 3112 2
2509 1872 2
3238 1872 2
1864 3064 2
3064 3097 2
3141 2566 2
3141 2047 2
2806 2418 2
2598 2418 2
986 1224 2
1694 1224 2
704 1524 2
22 704 2
2065 556 2
2860 556 2
2073 2918 2
2081 2918 2
2941 992 2
1684 2941 2
1854 843 2
2113 843 2
304 2174 2
2794 2174 2
287 1766 2
287 1256 2
553 783 2
553 2139 2
1577 1250 2
1551 1250 2
1419 1926 2
1419 1504 2
2789 842 2
842 1773 2
3152 662 2
1756 3152 2
1464 809 2
3218 809 2
2105 3104 2
3104 1323 2
2490 711 2
526 2490 2
1984 2288 2
1468 1984 2
314 28 2
314 3075 2
794 1234 2
794 243 2
609 1276 2
1276 158 2
2782 533 2
533 2314 2
1283 1032 2
3221 1283 2
2696 149 2
1649 149 2
2278 1731 2
2294 1731 2
661 2326 2
847 2326 2
11 1509 2
1413 11 2
1246 476 2
2261 1246 2
1630 1874 2
953 1874 2
1716 392 2
1716 3148 2
2743 2811 2
1188 2743 2
85 2227 2
2166 85 2
2613 2215 2
2731 2215 2
1527 2561 2
1527 1720 2
2242 1810 2
1711 1810 2
431 1681 2
2681 431 2
3161 483 2
483 1964 2
323 2186 2
2497 2186 2
2552 25 2
2552 1947 2
258 826 2
590 258 2
788 144 2
3175 144 2
1673 101 2
101 863 2
2469 664 2
196 664 2
2212 1343 2
2385 2212 2
1457 2645 2
3176 2645 2
1021 563 2
958 563 2
1587 1020 2
2912 1020 2
1933 2890 2
1525 2890 2
2454 118 2
118 655 2
3172 839 2
3172 2744 2
2311 2923 2
2479 2923 2
1863 2576 2
1863 1479 2
1447 2085 2
1447 630 2
751 142 2
2727 142 2
1629 1373 2
1629 803 2
1709 61 2
2611 1709 2
305 1555 2
305 453 2
45 538 2
45 2978 2
560 1027 2
2421 1027 2
2898 217 2
1237 217 2
2973 1589 2
1589 1174 2
511 1798 2
3204 511 2
592 2962 2
2962 2746 2
2271 2934 2
2934 1689 2
1827 1647 2
1827 2691 2
2094 878 2
2528 878 2
1548 490 2
488 490 2
1486 3136 2
991 1486 2
896 1206 2
467 896 2
3167 777 2
1592 3167 2
1367 806 2
1367 2537 2
2522 2168 2
2148 2522 2
1730 2056 2
1983 1730 2
1891 2197 2
1891 1697 2
2355 1658 2
2828 1658 2
2453 2181 2
2181 2888 2
3117 818 2
2026 818 2
881 141 2
764 141 2
2717 981 2
725 2717 2
1803 2353 2
2353 90 2
591 1646 2
591 1454 2
946 77 2
1942 946 2
1117 2569 2
1117 2009 2
1294 1759 2
1759 1675 2
1844 900 2
146 900 2
131 2292 2
2292 3275 2
2053 86 2
354 2053 2
2932 1380 2
1380 608 2
1801 3039 2
3039 3126 2
3215 1418 2
3215 363 2
2810 755 2
2810 1155 2
1840 1129 2
1532 1129 2
721 2694 2
721 2821 2
2770 2041 2
2770 1955 2
1098 1655 2
1655 2899 2
2171 2651 2
1480 2171 2
858 3028 2
1957 3028 2
3086 2196 2
3086 1833 2
1288 2533 2
1288 1529 2
1922 892 2
892 1541 2
2884 2222 2
1522 2884 2
37 300 2
37 2423 2
1517 707 2
265 1517 2
301 303 2
56 303 2
1097 2555 2
2555 2345 2
690 1158 2
851 690 2
1427 3205 2
3205 975 2
309 2483 2
309 438 2
259 2394 2
259 1265 2
1657 255 2
2468 1657 2
1223 1948 2
1948 1402 2
1591 2883 2
894 2883 2
1959 212 2
2906 212 2
3206 1407 2
3206 2241 2
2895 1053 2
893 2895 2
1895 1322 2
1895 2904 2
1264 491 2
1552 491 2
1 1005 2
2955 1 2
302 2588 2
15 302 2
1282 3144 2
1282 1671 2
1832 1867 2
1867 2225 2
761 2510 2
761 53 2
198 1520 2
1520 1196 2
2382 695 2
224 2382 2
1690 3018 2
1690 766 2
2415 1969 2
582 1969 2
1852 2098 2
1852 1430 2
2604 2942 2
2606 2604 2
867 2074 2
2708 867 2
994 1290 2
994 528 2
1590 187 2
187 3008 2
1881 2733 2
829 2733 2
1702 629 2
2121 1702 2
1485 1295 2
1240 1295 2
2946 310 2
1758 310 2
926 1375 2
2330 1375 2
2133 1050 2
3235 2133 2
356 1628 2
1628 1925 2
2484 479 2
2484 982 2
2352 2685 2
1885 2352 2
375 601 2
246 375 2
1388 2140 2
1388 2953 2
1531 3228 2
3228 1680 2
199 2122 2
1930 2122 2
1904 1473 2
1301 1904 2
175 2857 2
175 1131 2
1880 1467 2
1880 343 2
532 942 2
694 942 2
1359 1897 2
1359 509 2
457 2204 2
2204 2785 2
60 1763 2
60 2559 2
2768 1725 2
3199 2768 2
2856 2798 2
2816 2798 2
1799 1194 2
2815 1799 2
1370 3046 2
2088 3046 2
2032 1505 2
2530 1505 2
2596 2037 2
733 2596 2
2867 1232 2
209 1232 2
2920 2534 2
562 2920 2
202 1025 2
1779 202 2
1363 367 2
367 2123 2
1047 1791 2
2332 1791 2
2312 449 2
960 2312 2
2621 666 2
2621 495 2
64 1063 2
35 64 2
899 2629 2
95 2629 2
2238 2830 2
600 2238 2
2369 76 2
76 1347 2
1273 3092 2
1273 850 2
2900 2045 2
2045 3043 2
256 2706 2
1277 2706 2
735 912 2
735 1059 2
2809 1723 2
2638 1723 2
2593 364 2
2156 2593 2
1229 342 2
1229 2635 2
74 67 2
74 2474 2
1575 2930 2
2930 3022 2
1483 1046 2
1483 1016 2
3191 588 2
3191 359 2
414 1744 2
70 414 2
369 808 2
808 394 2
2547 2398 2
161 2547 2
1692 3251 2
1692 487 2
2747 1632 2
2747 2797 2
1605 889 2
1985 889 2
1597 1030 2
1327 1597 2
2642 3035 2
2642 2800 2
3192 677 2
3192 1981 2
468 512 2
1383 512 2
722 967 2
2372 722 2
1806 1132 2
1132 1309 2
1583 1310 2
1600 1583 2
324 2668 2
2668 2804 2
1554 1822 2
1554 2612 2
1036 576 2
657 576 2
2824 180 2
2824 2801 2
1394 425 2
425 1197 2
819 1516 2
819 3087 2
1975 2287 2
2287 1856 2
1971 1061 2
1971 2224 2
213 1221 2
1621 1221 2
648 855 2
937 855 2
236 244 2
244 1771 2
2334 859 2
2334 1883 2
191 1674 2
1674 2850 2
2784 1183 2
3224 1183 2
2087 288 2
288 1034 2
649 542 2
2357 542 2
3237 718 2
541 718 2
879 535 2
2441 879 2
2938 871 2
2938 1352 2
17 270 2
270 1296 2
1804 1669 2
2623 1804 2
137 412 2
412 72 2
2070 1664 2
2070 2080 2
1877 9 2
625 1877 2
2662 1691 2
1691 1397 2
1682 1463 2
3132 1682 2
3256 1741 2
1312 1741 2
1442 416 2
2871 1442 2
1113 1559 2
334 1113 2
138 2069 2
2757 2069 2
2580 1858 2
2155 1858 2
2252 2952 2
1201 2952 2
83 3044 2
1360 3044 2
676 1249 2
676 2417 2
2740 1448 2
1448 2889 2
2 1644 2
2 660 2
150 1253 2
1163 150 2
1266 1313 2
1401 1313 2
1735 5 2
1862 5 2
2459 2673 2
2459 2316 2
143 261 2
1875 261 2
186 454 2
186 2792 2
1738 226 2
226 1821 2
742 716 2
742 294 2
2908 3099 2
3099 713 2
2586 2243 2
1687 2586 2
1135 349 2
1302 349 2
2644 2093 2
2093 2808 2
1497 500 2
1812 500 2
63 2387 2
2006 63 2
679 852 2
852 950 2
2393 366 2
366 2443 2
2328 1839 2
2328 2653 2
3183 1534 2
2879 1534 2
1297 2847 2
962 1297 2
1989 919 2
1670 919 2
1012 650 2
1115 1012 2
791 737 2
177 737 2
1233 1638 2
1233 1072 2
39 1572 2
307 39 2
514 2302 2
514 374 2
1235 1190 2
1287 1235 2
2354 2664 2
2354 1345 2
2968 1958 2
2968 2033 2
3263 442 2
3263 3181 2
1866 2823 2
2823 993 2
825 2004 2
2004 1335 2
1902 486 2
486 411 2
296 3068 2
1549 3068 2
181 2729 2
1024 2729 2
2380 320 2
2253 320 2
3114 1900 2
3114 534 2
2136 1261 2
1107 2136 2
292 178 2
2979 292 2
1164 2807 2
2807 1268 2
3013 1198 2
3013 2689 2
2562 3210 2
2562 861 2
2959 2451 2
1087 2451 2
2515 2584 2
2096 2584 2
1608 2892 2
1853 2892 2
20 2630 2
2630 2177 2
119 2434 2
119 872 2
1271 21 2
1366 1271 2
1369 1565 2
1432 1565 2
1535 2781 2
223 1535 2
1928 1545 2
934 1545 2
1306 71 2
1306 92 2
795 1081 2
1081 2840 2
2572 2445 2
2572 1936 2
3 1579 2
621 1579 2
2210 3234 2
3234 916 2
88 383 2
383 2308 2
2514 3265 2
1518 3265 2
2818 1202 2
2818 988 2
2983 1172 2
1200 1172 2
162 2844 2
46 2844 2
2529 30 2
30 1941 2
2427 1715 2
2420 1715 2
249 2949 2
249 647 2
2289 79 2
1777 79 2
2931 2998 2
2931 1400 2
911 2193 2
971 2193 2
869 2237 2
2428 2237 2
3061 2457 2
3061 793 2
2667 2429 2
2429 2984 2
1434 3219 2
2939 1434 2
1501 2589 2
565 1501 2
3081 462 2
1750 462 2
1665 1722 2
1722 111 2
2419 470 2
470 3030 2
2564 3007 2
3007 1060 2
910 3053 2
1186 910 2
846 799 2
799 380 2
2141 2207 2
2141 3151 2
75 2433 2
2433 426 2
1336 745 2
1336 2048 2
3128 701 2
40 701 2
848 544 2
544 3232 2
3083 1019 2
1544 3083 2
2496 1978 2
1978 298 2
2672 781 2
781 2202 2
2502 731 2
2502 658 2
864 2863 2
139 864 2
853 1078 2
853 1781 2
1262 2039 2
2039 159 2
2077 2643 2
965 2077 2
619 107 2
263 619 2
336 1612 2
2711 1612 2
1187 182 2
182 2333 2
1143 3259 2
3138 3259 2
3150 1622 2
2022 3150 2
3031 2493 2
1704 3031 2
2911 1876 2
779 1876 2
2649 1040 2
2649 2324 2
1604 1128 2
1920 1128 2
1088 1292 2
2538 1088 2
1316 2954 2
2954 1228 2
1907 1275 2
3277 1907 2
686 2114 2
2114 3056 2
253 2050 2
2050 2752 2
1953 1706 2
1953 1624 2
1992 1307 2
1972 1992 2
606 929 2
929 1008 2
2338 1279 2
2338 2595 2
1776 2647 2
1776 2079 2
2414 1921 2
110 2414 2
2614 2072 2
1139 2072 2
1037 1914 2
1719 1914 2
3116 1022 2
3116 2760 2
709 351 2
2362 351 2
2834 1452 2
2976 1452 2
420 115 2
115 1255 2
1751 2269 2
1751 1829 2
2568 1794 2
2568 2839 2
2049 2086 2
1416 2086 2
969 2980 2
2980 641 2
3245 1494 2
3106 3245 2
2042 1361 2
2042 3189 2
3067 2531 2
2531 1381 2
2164 1940 2
2164 2160 2
346 1982 2
346 620 2
2001 689 2
689 2656 2
3077 2198 2
2198 2327 2
653 3101 2
404 653 2
1035 732 2
2640 1035 2
651 335 2
335 2019 2
524 1910 2
1353 1910 2
2346 743 2
730 743 2
3243 726 2
1836 726 2
2841 1315 2
2967 1315 2
113 382 2
113 2749 2
632 703 2
703 286 2
3214 822 2
810 3214 2
557 2108 2
2108 291 2
3014 1977 2
3014 2180 2
3272 464 2
3272 915 2
1686 976 2
1225 1686 2
3173 2473 2
905 3173 2
1640 1218 2
1218 402 2
2577 1652 2
1652 379 2
1696 715 2
1696 1436 2
2965 465 2
465 1073 2
471 2654 2
471 3074 2
1123 2082 2
636 1123 2
3258 1039 2
1039 3155 2
827 2501 2
1892 827 2
974 16 2
974 1440 2
1912 1199 2
1199 1595 2
2994 109 2
1599 109 2
2099 461 2
2099 2684 2
3198 332 2
494 3198 2
2786 232 2
2786 2558 2
1471 891 2
891 2541 2
776 2251 2
3105 2251 2
1968 2067 2
2067 1251 2
2381 2581 2
2381 2948 2
2764 973 2
2764 2517 2
2928 2267 2
2928 2137 2
2607 734 2
2751 734 2
2618 1949 2
1949 1701 2
2449 2803 2
2578 2449 2
1108 1075 2
1075 52 2
2021 1997 2
1321 1997 2
1358 168 2
1783 168 2
1740 466 2
2013 1740 2
792 3239 2
792 3036 2
1052 427 2
1428 427 2
316 2846 2
2846 840 2
880 1118 2
1465 880 2
774 1748 2
1563 774 2
2262 2217 2
2262 753 2
498 3071 2
498 211 2
1899 782 2
2539 782 2
189 2772 2
2725 189 2
2796 1254 2
2796 3201 2
921 2176 2
921 1348 2
29 671 2
579 29 2
439 348 2
348 1954 2
1092 477 2
1092 2310 2
1903 681 2
1973 681 2
741 1498 2
1498 2813 2
3090 190 2
1242 3090 2
1298 698 2
1445 698 2
3280 1119 2
3280 2594 2
1182 2970 2
2970 1220 2
2189 2076 2
941 2189 2
1372 475 2
475 1044 2
2408 1557 2
2408 907 2
963 1848 2
712 1848 2
536 2833 2
536 1403 2
3195 875 2
875 1409 2
227 1031 2
3110 1031 2
1733 530 2
2029 530 2
2265 395 2
2265 1650 2
2250 2286 2
2286 758 2
2945 1909 2
2383 2945 2
2145 3059 2
1204 2145 2
2444 3015 2
3015 2878 2
2128 1935 2
1425 1935 2
1492 2117 2
2718 2117 2
3253 1569 2
2779 3253 2
977 1441 2
2650 1441 2
2822 903 2
1476 903 2
2631 1625 2
