349 15570
82424 85097 28429 2873 87842 17080 64118 92574 88818 87936 76154 42198 37504 17753 92188 62485 29183 47754 41249 98904 46411 13818 25167 60515 81325 33073 12433 65699 43853 6180 16662 92915 25280 11864 25964 2053 66092 90999 49989 68727 63827 65163 46345 54358 22700 31062 97666 14037 97428 45489 20307 48990 32620 59503 69966 36945 23740 46524 39505 57380 74175 65930 94371 92517 47141 14934 6321 30494 61828 94419 8298 57762 93697 48821 28688 70458 31120 2527 8904 792 66316 87706 37913 56860 92722 60324 84109 17076 86532 16797 19920 56097 81323 43922 33199 49582 93644 81146 54885 69987 18106 7208 3717 81216 21526 31097 57180 10170 53284 96568 89333 48957 34819 84982 85705 95980 97239 57450 8689 32733 54671 46954 37439 10761 82224 75231 15441 9224 19017 22281 16704 51390 84589 20360 71441 99691 667 36788 64986 73717 7370 79038 30540 58613 4082 80618 98481 33264 73320 67659 90450 7615 61402 3274 43548 75373 31919 39524 88050 98908 36368 29670 6021 93381 10606 33269 3593 79533 18841 46276 32361 73922 45019 97125 64368 83313 48945 51800 94265 18351 42641 28457 23818 19406 3047 63421 92983 21360 17198 55354 98450 96006 17031 56327 42568 54819 6270 52964 27989 81232 69482 4354 37128 96467 77454 78269 94673 45064 21010 4496 26619 52743 2942 40556 73558 78708 56141 22025 27008 93214 16266 25926 8602 45347 65785 43954 25830 97431 77261 5448 74579 5148 76574 48840 7774 49048 51417 23249 67119 53154 57087 98307 3112 33465 73815 38238 84042 6630 90522 38820 56031 8262 66201 61412 36726 52938 79227 52683 37328 8223 79954 40610 31058 1756 37249 97947 76940 7117 73869 64890 11494 37413 91142 8190 67919 63150 28328 95907 71281 29686 26619 96935 55024 70856 8681 86317 75833 25307 93007 74309 89811 30078 26540 60084 9683 78524 51335 34862 16204 18062 73603 37802 29542 52974 1158 48816 95890 79632 57341 77425 10588 99262 22925 36936 38772 42323 8104 51664 4177 81568 1809 81728 10586 37266 2220 38018 7747 24251 31109 30886 71003 3743 54780 74990 10806 58252 82229 22193 60139 94912 8778 33992 37206 34813 11549 51537 85717 6493 27002
50476
9772
19759
54060
11038
22207
12559
53387
50747
25360
57203
1998
4605
15405
56
40698
34213
55691
43714
37319
33842
53405
38143
16881
14597
31864
50743
59320
14615
26383
41432
29352
37080
42254
10518
28817
20270
31568
20032
7468
7666
749
15241
5100
17202
40034
39070
6737
29559
35544
44961
14792
15778
40168
33589
50798
44915
35887
52518
60166
13718
45004
25843
29551
30435
35501
3553
43495
28454
7569
59547
60398
11508
20012
5745
18066
56666
6293
20019
55999
59369
47371
47154
59812
18610
18374
28728
59047
58792
37583
43450
47385
32308
30559
52240
938
43180
16766
17953
34825
33681
42452
264
7609
41274
14651
45889
42154
3185
26715
20546
26750
43881
1072
25576
20161
22729
15611
51351
29647
57055
22947
3787
49734
38555
58097
27055
49649
5477
44676
32324
14263
59094
41760
54255
23693
25860
6323
5518
23392
7573
12897
34102
8522
8008
43341
35028
1234
3887
27723
32898
35880
44685
49379
37657
52341
8444
36843
53857
46708
60253
38036
35412
45595
31950
54439
57346
55027
55312
23339
25100
53993
45432
48073
54159
48084
4259
59851
58088
566
14694
4520
54828
51263
12801
58651
40744
37428
55112
47782
31757
52566
28719
20263
36564
4881
4755
58370
29686
40763
31275
25116
31830
25226
9652
5830
51349
33505
47990
44288
55173
20039
54719
59878
41929
14765
54024
1739
53628
35129
17583
30003
13884
4816
47343
36938
104
42702
17944
36790
2299
16202
38106
40038
9927
18798
34126
14607
40778
58432
14000
16739
2070
31197
58910
54856
3649
33788
46304
46472
52081
26596
13132
58243
4590
36263
37436
24240
21574
27379
31112
47443
41662
9192
17203
23437
34340
21719
24246
31933
18972
45922
29265
13899
20070
22908
43766
45805
25640
14809
32917
36614
60173
23552
41133
7129
43649
30399
48280
10114
54284
2520
37960
3161
57001
23849
57421
26233
32330
20413
35860
7931
40715
40292
23000
13169
53110
6756
26098
4580
59065
51323
5299
56671
15467
35076
15957
37767
48393
38086
14906
13400
51434
42484
51147
11997
5993
11046
57375
42956
27549
23670
36781
41902
9707
53602
2909
56851
33557
2924
41542
39300
17062
16974
11410
36558
45272
22191
40709
17269
10421
44998
4720
18726
34042
16691
60005
57999
59600
51371
54131
36150
48901
40802
36260
10180
8673
28101
18838
52575
6434
39565
34322
21627
6012
23483
22725
21725
29428
19915
37610
27463
1767
41714
59551
7856
7901
823
55982
56272
12397
1582
3880
18843
18728
41177
7578
60084
2753
46917
36212
60102
20294
13685
14941
47670
34413
30259
16031
38350
47642
18147
16282
16037
12917
7373
23421
15135
7458
47453
20682
22554
47503
33554
41989
49166
23834
51200
6321
44619
48624
32996
59574
19005
29802
55381
26736
22117
15431
3412
13417
12280
39622
53156
28979
59684
19096
23112
11309
32718
11216
15090
24771
13144
40842
45367
39797
57340
23449
5274
38231
21264
7868
29946
13006
49421
28022
10429
43388
37272
54885
52885
18287
49313
35285
19536
47254
29467
45536
20336
33279
46230
18910
12927
17524
46339
45116
24424
29728
38484
4499
18128
7747
55344
18927
39268
56951
26489
51347
12245
34537
16530
7413
27665
2702
10932
12990
7623
38900
48507
28156
33625
19928
49751
33355
3280
35010
41161
41688
28877
7381
6690
49485
58510
50061
1217
18669
12196
36658
40646
19084
49836
57830
36463
42146
29164
44702
16995
30340
36326
53326
27118
31042
30418
49731
10213
40820
38826
42915
2568
6055
48797
33546
17226
3938
10472
9500
49684
26956
13713
17147
22537
20442
42527
16425
13442
5142
14729
49770
49257
2497
35991
197
20730
37273
3477
886
33178
53842
26917
15247
10043
959
55764
16404
7857
40844
9666
51899
13703
23260
32360
1983
38728
57794
40421
35749
46565
35437
33632
45824
57201
11836
36272
23017
51491
17903
28747
33166
51342
18463
13234
47415
1520
56529
15909
59486
37025
21466
50987
49451
41787
22337
42032
25996
37858
57890
3322
1204
22640
32794
41960
55022
36167
60675
56534
13250
19008
59348
49748
16875
12656
15530
46911
51657
29174
2815
34397
39859
24683
47745
51750
5512
29916
11720
59483
9548
37240
26314
20182
30557
13095
10908
12636
14665
59887
29385
47341
52764
43084
36037
15019
25098
33793
54448
33415
55653
9771
30230
53682
38642
4792
29827
28456
13831
46657
16528
30438
7030
48989
10434
15086
25829
5334
19745
19206
19934
48699
59892
43049
714
8435
55893
52361
3943
13879
47243
7158
47527
47581
20269
7916
3093
17407
44625
5701
9722
55695
35283
56695
59260
15355
7918
43588
19273
1467
56220
17845
23215
54123
12043
43864
17510
39878
45735
59237
40900
54031
29791
9142
47910
23564
37363
493
1781
19295
59687
36013
21075
18893
58535
53351
11669
50613
37798
26693
50911
35946
58133
30236
20256
28577
51478
8001
37421
21929
6449
53423
14631
5099
14550
36042
43171
37739
60030
51510
44507
48601
30234
8302
57787
26728
55492
16452
31141
152
11009
30179
26871
16421
49029
39360
58753
50866
54237
23569
37945
6644
16224
46065
47435
24342
2304
730
23819
37291
10713
7172
57487
6725
10109
17771
28692
5919
36071
16069
24241
44913
13627
44662
42354
49112
21397
28811
36882
38117
38518
15878
23328
44382
49500
9282
1968
38684
42820
20822
23361
38445
15286
42459
10993
51839
11999
40488
6220
33844
24884
23936
42257
54482
12902
22026
38160
34296
50782
44471
57893
33958
16867
23674
20877
5552
21698
26276
49129
52163
950
15318
59109
39188
2645
57072
25900
29163
42875
54980
1480
43861
50927
20770
15263
9357
53905
28604
41503
28603
60680
6700
41898
19360
59232
33052
24105
19686
31106
58707
58484
10476
19630
8265
37563
1081
6304
610
47072
30671
29508
47817
17046
9632
53761
3688
54839
49792
13761
30970
11823
36685
19829
51671
52057
6448
34917
14677
42620
56314
2519
30757
35133
45685
42565
21474
53112
2194
11895
25258
37823
4878
19392
39422
17811
19711
44878
36656
9601
26823
24237
26245
31035
3929
18444
9176
13365
13676
34991
17689
18645
16500
33026
40127
52017
36007
39029
48606
15554
21117
1226
16836
15500
55785
8770
47300
39954
11393
38718
56342
48425
2363
54956
28925
4294
50058
16932
18999
24835
2083
56986
35740
12829
17280
18888
10497
18570
36704
28578
38538
57564
34857
27923
38637
59322
3627
8406
27181
9169
56893
58173
52892
59225
3146
55350
55723
23791
52310
29805
52502
49085
26040
36171
2256
8430
29028
4167
49269
7719
54079
27201
24910
12551
40592
19120
49538
42457
28478
22563
35626
20313
54054
4445
4649
20765
4132
53357
10973
32358
14630
22864
23129
9675
51782
28841
27774
40513
48397
16911
47388
32464
6203
41132
32011
16623
1876
41253
19280
27285
25029
32288
9775
2034
42196
37090
57196
22193
44732
46352
45801
22290
43721
4173
18932
30391
10019
60712
31516
56779
15351
14989
12915
42495
52504
56578
50159
45737
27828
37092
39171
14881
30549
4428
23414
55373
9158
34451
2812
6158
57164
12161
608
18036
48
59203
18196
7851
24377
57451
33199
20056
35266
10448
12672
14258
8096
46915
6727
3226
961
6468
37656
37816
33819
1693
10048
54776
41790
26278
29850
31323
10681
17031
31971
29557
55486
55316
11205
15094
5773
56071
14819
58238
13774
1613
53169
43148
2786
415
2944
25962
8438
5579
22179
13338
25597
22287
50592
34367
4504
35169
43534
49620
34402
2554
8307
21800
45625
34436
23221
43834
20963
48928
54943
30962
10269
11200
45881
27331
35616
24744
34048
35135
25954
35438
52877
24412
40854
54230
51559
41894
43128
50634
33329
54846
27043
49491
46658
603
60423
51039
19383
11525
35610
43817
33772
72
14336
51499
15421
51684
34979
16046
30973
45170
29353
60403
10031
46473
55964
50168
7046
7935
17263
9646
24210
6607
14480
49669
10018
47760
35149
2858
2853
37905
39452
47788
17940
26903
54171
24682
39563
30314
10669
57805
57373
46205
38291
51054
18338
10414
2266
33004
19333
33977
22163
43803
10327
45627
58248
51191
54139
57144
15668
38636
51292
55030
2367
2150
43075
60447
57883
35236
14568
41011
12368
52707
45599
44163
11817
47162
41928
7390
57746
24655
20773
50038
37737
12922
8902
17088
56384
9578
56865
9699
54347
22052
9651
29209
37473
44205
52887
25171
8737
12075
42559
41452
26157
42929
30416
13710
7844
55543
17468
25518
1133
33875
46955
5999
21480
4381
43880
5703
30164
23141
28931
47196
50449
46459
4116
36405
18259
34681
50831
29200
60372
9948
6129
27155
1291
28687
14355
20396
37204
24086
51810
49403
9764
49541
50169
15342
3942
41876
3486
52439
47934
36202
19916
37209
45934
60148
1951
29323
43672
30911
43633
40643
10642
12200
42086
4601
12977
32302
49199
30710
7575
21559
51182
5112
50792
53796
12496
40210
52215
26849
51461
53304
57343
20558
42060
53085
53159
17152
38849
29405
29581
57388
18057
24011
23302
53164
4065
41883
25652
44098
25269
50157
47100
30952
36799
3566
10897
11457
8218
611
19356
33912
19125
9263
26748
41121
55803
5032
19721
58012
21058
22697
23660
7416
36573
12479
27327
29465
41529
37711
60702
17301
21588
8163
37917
38474
36366
19104
7026
52100
50846
51125
47709
9073
29064
3012
43756
38271
32674
29282
28938
4366
59235
9886
42474
24724
1412
55639
39696
57163
5410
18690
43298
55254
42420
50807
43147
5940
16700
57901
34535
7283
52329
5538
48037
23083
25102
23333
41450
51276
58972
59822
57226
14363
59223
31279
4763
3137
29634
23233
13406
16373
36540
18512
3818
42903
3131
26712
667
48409
4128
38863
55873
912
28371
19555
52768
37314
8145
19062
59104
9302
48298
22680
3972
37119
12383
24485
37986
34698
4342
36771
38923
42248
10029
56428
29230
34802
22710
26362
11068
20302
17885
49393
54427
30585
15158
57754
31470
7070
48735
613
6147
48443
16630
23289
45238
31941
28926
9535
43097
58652
7516
34023
16988
16603
33565
6874
460
3966
46395
24375
19218
21684
27225
50930
6245
36760
23291
50265
8537
49280
3384
38098
26038
12351
39364
1601
14253
53629
31471
45579
29082
15030
42134
10408
58252
19970
36399
53379
2780
17265
54491
20168
46226
3764
55247
30174
31738
40473
38032
23381
45794
35726
44722
34412
1056
23890
47316
30475
51317
45426
24078
11436
9617
49345
32740
60621
26295
7613
19491
53832
55390
5695
20047
16813
12652
51168
49604
12166
20344
54752
28610
17489
8477
5772
52521
4237
21174
37769
28435
19777
49681
16873
33812
41885
46262
54663
33154
35838
18876
26083
14114
8507
29175
7635
53565
4789
44407
55890
35823
13698
11138
15402
60127
58997
48876
24701
19937
28131
656
15924
12905
3580
13342
34609
52490
13907
23514
6891
53291
11909
37342
18676
34650
18793
50855
12037
59189
5268
41804
27643
36101
21337
26371
52853
45613
43574
9080
41914
33969
25746
43552
2359
59247
46412
2606
48160
54234
48361
57397
15748
21923
24409
6593
9681
36137
39620
29299
22328
32624
58020
39403
4501
30656
35325
39977
38441
34611
31942
32787
52857
12048
49143
37411
34953
44235
7737
40200
43370
20020
33333
6463
37500
59251
32351
22188
21205
31729
21624
19113
6117
2589
41434
8201
37704
34363
34202
53740
21324
21015
50366
1785
28050
30695
18811
27015
4894
26109
60709
33887
3026
47834
9894
22083
36918
34610
46280
40424
22998
12388
26114
45315
41705
44916
57319
1619
34038
8830
18750
59
15000
3306
20555
54551
21379
17756
43405
53000
48051
10657
30805
20620
10362
39527
43697
21130
54010
34524
59238
26804
13914
22972
49772
2690
53815
19579
57565
43010
12779
34008
42428
37043
582
1335
2051
36223
23747
47611
5888
25791
9931
17667
15806
6682
3338
38674
54501
15343
53819
12811
24276
27209
2157
31721
59898
20498
652
44843
5442
32280
58919
17314
2503
45016
59042
22145
20990
5697
58603
2689
49021
22402
36600
42613
40723
16954
3408
2583
15296
967
16545
31696
14062
2594
48833
32425
37655
4131
8859
41448
54428
29445
30674
4507
47792
12788
39106
45609
17116
44744
32315
47845
57674
12711
27029
36683
41233
41427
37424
2679
47813
46512
1770
38400
59262
54742
29241
2078
46343
59854
13933
44597
22642
24491
12756
15913
6992
44746
975
32155
17695
37315
2566
5220
7950
47356
15710
2378
6037
60482
18377
51026
42367
18180
57109
15660
29610
21175
60385
49365
31557
46002
14434
38280
47753
24711
50309
12621
45816
29632
2030
34599
43844
59095
38074
4084
51765
8400
10514
51202
28027
20610
26228
56141
49674
55908
38676
21824
46764
24048
4153
18356
57843
49584
16989
18363
17877
36770
34869
20038
50893
9914
34333
34578
52489
31043
31860
10626
29310
54991
4172
58423
18944
8521
45036
44801
39666
58341
41330
13494
31834
25876
59572
10161
37940
46895
54724
27564
313
13038
48779
45224
43849
54304
32812
58738
19599
8212
3211
3381
6464
9387
289
35655
25483
7491
50594
49833
56891
52509
30745
41200
57210
24588
9735
27803
52480
11218
42874
26675
6507
15098
7985
9407
16007
41865
31993
28842
24693
45253
22639
2795
3265
51284
49123
15312
58923
49975
36553
11582
16651
10571
47152
54353
45393
45980
47774
33542
22346
51846
7979
32112
38964
52246
42941
48940
36041
54573
60003
20093
52809
1483
16783
49036
40075
23635
11893
29441
266
59839
6325
21999
8920
40791
59554
1501
40965
14302
45697
23065
57431
25536
18585
16908
27486
19439
12571
25338
37861
22753
10016
56715
18056
30986
24023
48338
46779
6446
17843
43726
37054
38793
4025
54542
30650
40085
55055
45458
56439
1934
33399
21454
19562
6053
46890
26689
17593
10331
60169
3121
19311
12231
19888
39356
7064
15578
48643
57535
19898
26203
9877
27710
15191
56716
39387
29498
19414
21412
48615
34945
23510
42663
22105
57716
51427
30020
32231
48005
38422
52418
23204
24396
19304
34905
17932
176
21922
26155
44214
4351
40578
52628
5869
25302
12758
8082
23775
21320
14303
17882
50107
17414
4226
370
37795
27560
26003
20146
42480
49992
40129
55805
43487
19517
3071
19427
36172
56432
4220
47920
32694
20936
10451
16151
54446
16275
26134
54221
10541
26950
56827
54212
12173
31873
4453
24675
53913
5063
5532
50488
38773
11798
29111
23071
13808
39862
48102
12852
58042
34211
26427
58937
27401
40704
56934
25397
844
9417
59236
19723
12743
4115
20335
38084
16649
56225
9222
31351
39144
33769
5311
56212
10644
49502
29326
19323
52382
35850
13699
52011
42067
48682
19690
42209
19019
37352
16476
49096
32320
6922
54343
40971
23231
35137
40482
34442
31716
42206
55362
47177
11210
55795
17170
23368
1973
20645
8800
4147
42091
54782
25463
27189
22668
46926
56463
42580
47201
18516
35265
52356
24893
13893
37074
4332
20848
42038
26319
24987
958
18822
52430
2859
20289
55034
57870
56990
3407
53066
19459
6701
54899
19337
53190
31278
43919
44159
58794
59418
12011
29692
14823
60391
53621
41602
41625
39138
14447
45068
4402
7503
19208
16641
53654
54919
58540
7043
57326
57351
1865
25729
43007
35717
8136
35037
54506
15428
46531
27122
59800
57713
4288
47893
28720
7540
22140
28891
28121
10779
27952
42979
20669
13709
20488
9250
56909
35935
25805
35869
34383
49605
13200
52603
9953
4387
4276
12076
36665
33172
14535
8773
2512
28319
23840
43098
23639
27228
48534
19738
49820
20315
53597
44908
51395
13835
46023
50465
54556
13297
59690
20435
58779
27041
26674
39632
51807
807
39916
59321
24358
10543
25991
11613
52717
12995
51672
58434
54040
1560
14237
31390
23131
57395
52338
24612
6849
33893
25434
37001
35350
56828
46803
54152
8600
57224
1544
13671
23539
26261
17957
18407
16358
39060
58755
15037
42016
4245
40691
7735
25633
2828
13601
49226
35623
43926
31022
457
47260
42455
7839
7509
1624
58210
32510
50827
4837
17200
17182
15705
33350
42600
44212
59607
5322
36968
45446
12661
12490
42854
52547
41426
20899
57772
50246
24980
29325
7210
834
26096
14283
48113
27780
35405
9636
32682
20664
9512
3109
11580
3533
2380
49494
444
58177
6501
25967
1851
32827
46897
53334
13137
23343
18484
54837
39691
7253
19205
38186
39924
31221
40886
36421
8675
24619
28216
5214
40222
31953
4494
52242
45213
28349
57582
31805
59399
24354
3443
5148
41086
29007
28367
10708
25753
47888
55897
17024
49612
42711
49283
37590
52364
21086
6257
30402
35100
59509
14396
8666
34162
47088
23358
37698
27880
34653
8622
16222
46499
43174
24268
27183
20088
28967
29731
57328
47163
40447
54840
9183
22570
14705
55011
3249
26292
57119
40556
60378
25684
11379
25380
37362
44957
37980
28474
60604
31160
11416
4730
40818
25908
52253
419
31625
52218
6527
8452
51573
37437
20672
27391
20491
25033
6599
14688
32671
655
47536
41669
27262
36621
33657
7451
25145
1384
10684
52117
36595
57348
42837
38682
24966
39148
47714
29594
2907
11220
37399
56427
7960
57179
27310
58754
20436
3804
803
33663
17664
6688
42261
34405
3363
40185
12141
57927
7749
25783
55429
30830
44454
42246
14003
4038
18173
2335
60517
52312
2534
33545
12286
28302
33782
45939
50260
88
6215
49182
35217
30408
36997
23816
32137
35469
48205
12403
19425
34882
51098
43226
53091
16091
23779
8585
49561
57384
51881
25445
26291
10097
26027
17678
25460
50914
39905
13176
42238
13856
21522
59053
4071
43235
51764
9013
24958
35294
59716
59869
39948
51136
34338
2446
23832
37548
34286
58149
30588
35827
13113
52466
39928
18013
37885
24918
12721
4301
21963
17985
39036
44417
41146
37011
39270
1720
57316
27028
33732
23323
1214
34312
51164
16561
19400
5546
59683
2297
6652
10722
5567
16473
30715
33244
1616
15291
23927
31720
32319
48559
42115
22636
44224
1498
14178
19662
12201
40284
11810
18754
57848
13286
51592
58125
30261
9898
22997
2997
51702
8950
56132
28021
53459
14383
11638
60194
9229
10489
57937
35715
35805
36571
2221
5356
23335
16103
3410
52047
44729
8196
25564
36617
43732
14021
44093
12766
32881
38618
30638
4440
31385
29293
6107
21061
13059
32383
41195
2935
7275
50984
42359
42996
38978
18986
17863
42783
32393
40153
15265
35070
12727
31602
368
27735
43551
34269
17207
49153
32809
44929
9658
40179
37055
19538
24823
14281
19611
34966
12595
3191
42097
25083
1530
34685
32816
54670
11718
28975
1914
13328
56557
3640
33742
24062
54470
57053
5480
32575
9444
4005
17321
41922
17434
46488
27
38164
40476
52939
58021
5049
35844
13612
14698
56122
25651
12089
51152
105
31599
57655
53125
22455
55818
45643
12512
44594
8020
55505
24229
22581
4982
35961
30705
48231
57238
49937
57733
6656
25599
15045
39253
3291
12816
19258
40186
57068
21564
39967
16121
25624
44668
14466
30942
58905
36744
25632
20999
41702
36499
25211
47701
54966
6806
52233
32313
46264
23808
59324
4478
59253
24627
15595
27278
43134
33523
16319
5564
37687
59099
22333
27851
21667
26170
42612
48301
12504
31033
33181
21021
19883
17213
8519
49994
20079
5266
60046
18889
35494
48455
50359
31970
48515
11339
24591
182
9727
11532
47342
49319
20151
40483
60596
18867
41833
52271
24378
3727
47000
17345
35699
6946
13527
49353
24203
18235
50021
13824
34772
21065
3698
13215
37545
54528
32771
35209
27985
43629
45679
10431
28561
23074
59669
50010
21818
7080
27153
34920
26086
43319
29784
57139
21771
22950
52004
8464
32666
57928
20888
28442
34501
29682
47380
616
47184
39222
42451
7486
13392
2806
58452
50319
58529
50099
15233
49941
42247
6627
26197
31564
34480
54617
44896
58073
16117
9276
23953
24979
13934
33590
58473
6495
54559
11920
438
52491
56646
46683
57168
24988
31966
40530
34314
38586
1836
55196
55447
32094
39494
27318
8
15181
5070
23895
57135
33404
59559
12168
39943
32972
5048
23466
51001
26355
34579
45429
23636
21071
24962
26256
52099
47767
5143
32226
29371
51668
34996
1550
51955
50015
60165
60618
17401
32268
41745
1405
56404
54513
30476
51876
56835
23331
38851
57307
22814
18030
42183
54256
14485
28761
887
4679
4584
45012
47460
47455
37145
5710
17205
30001
11289
13638
60282
49272
16137
41419
59682
30604
52645
1091
7359
10583
49710
2444
2865
41904
40094
18557
54331
14994
27215
25232
14524
19936
15016
12527
52472
54273
22249
48287
51300
12948
49808
56548
1855
22344
13261
19051
45164
14211
42679
21709
2946
11851
59004
33580
49024
15629
10554
32639
37751
26710
19899
46190
32130
37056
33914
7445
30856
60585
3298
3206
3068
59010
5889
6693
45769
37521
8665
36419
46161
4838
56656
52866
36543
30010
52872
21142
43676
38584
35207
48199
52735
16157
18197
23908
15861
17488
57542
23618
5091
53568
6057
51472
41593
30698
20826
47509
5837
43403
45657
18595
37862
16190
22511
3154
1243
57783
49243
207
8670
37846
45580
22288
15034
14572
40653
52933
45468
37474
5420
2683
2236
26582
14131
59246
25865
29839
13180
31322
29603
60328
11437
33035
51863
12461
2405
40333
57126
53735
33861
59544
42682
44888
33744
50356
51338
41126
40618
27524
57127
43419
26605
9486
6127
34035
13937
1164
9124
26266
51516
19678
21742
11674
56069
27405
26458
41889
4321
12066
36050
26800
25084
22860
45620
2747
11183
24684
57385
29694
30525
24879
15011
10698
40545
20175
32552
54090
6549
16749
26394
8225
30516
29909
52568
10092
26413
5183
7035
52990
1277
40370
26379
32486
51194
51021
10069
8659
32990
44893
44935
6658
52249
45379
60542
48017
13798
45538
60491
33392
18974
47633
40121
1087
8014
42275
52840
29985
31270
34120
3935
1854
58622
57829
6063
35170
9450
1078
12618
12820
26201
42214
21077
34520
57599
45267
41958
3246
21805
977
56063
60647
32513
3746
30288
30810
35670
45906
59666
32985
5
24218
30401
7774
55692
42300
6551
42561
9353
15896
4585
17439
32505
59837
3769
30442
12537
48965
55990
4048
6299
36632
36634
4800
4775
56433
47913
23584
54009
41451
32529
20750
58883
18510
9755
46556
35047
15359
36010
39295
59198
24751
8931
23413
26785
59507
23965
35875
4438
2316
1350
45602
21357
42754
15212
24671
48098
47330
30891
50587
19224
30007
45636
8997
30859
49884
26901
6008
57364
35254
3805
51887
40615
45761
5402
1125
697
7653
16950
19802
7776
33647
12106
17770
9734
18369
32000
778
48206
50631
50474
5668
6575
23223
37964
39736
60077
17878
53784
1663
5036
3786
22904
38601
21384
18150
6863
13395
21505
59741
48770
33860
60026
19512
48105
23507
58044
13240
1409
44580
25202
50795
55441
18657
40528
38706
56568
26808
54074
7357
18832
13375
3070
46867
17178
52806
27421
24848
52177
19119
48299
20417
15839
830
42844
33211
23798
24996
45779
32634
41387
49905
27418
9660
38942
37323
53695
43915
29274
27388
10359
18277
16801
51561
26677
26754
32975
1774
47582
15219
44661
51686
22285
59855
17419
26764
27420
2790
33339
21082
57383
35370
29659
5722
21981
41377
30736
25068
48442
49844
22608
17551
31781
34251
4625
50912
3936
308
40118
4765
60569
56601
731
60183
43749
32073
35382
45559
15270
25935
19967
1507
3954
2287
41294
37716
53552
32916
48835
42879
13335
14646
15539
53518
43033
19882
59045
36044
55277
48509
35229
32043
52041
27687
55271
46051
28303
36935
11749
26189
58230
30084
2505
41692
17866
35390
5627
39642
42069
15213
51852
4201
31541
18764
31409
57195
29340
6187
40518
5073
10281
59105
5315
26283
24001
45244
26202
34267
8446
22300
53033
44063
58056
4139
39053
2010
39404
8350
3545
52455
27591
43046
15133
13682
8630
26481
33062
34528
6180
53616
7748
1263
28698
41924
20461
2317
46589
60357
4680
19346
45511
28072
2835
45392
42803
392
54282
3173
23016
58208
25291
58354
47114
39550
20367
1640
57634
15532
15450
16738
11491
35758
20261
22175
38685
23836
56616
18123
24932
11558
6917
53195
31350
44167
18998
50658
37565
41357
57202
5399
23968
54000
27931
34326
53673
51948
35618
15325
54977
38257
33858
32572
27148
23750
42163
28481
39292
3837
49019
40968
34549
57491
7280
15638
9138
41355
4076
21925
43042
10380
41288
34651
33427
31736
20935
52640
32711
50848
29587
56316
11591
38629
5341
15234
2500
24837
38185
19127
15868
13138
18158
9156
27583
37462
32630
60500
52390
581
29436
7309
13376
37661
26105
42661
41943
24026
24982
21179
43586
19409
10222
1755
59226
13687
10867
20940
57515
45072
18891
32429
44592
43480
19432
20744
22513
14280
51242
43123
53005
44749
44246
14175
32480
22240
36555
28298
5735
49441
49753
48522
26224
16178
29307
13100
7412
31418
57963
10748
17004
8555
29389
47323
42684
53624
44714
11406
51758
51059
34780
37618
38304
47653
35369
43944
27377
43037
57257
52944
44870
51299
22293
51802
7102
14697
50009
42406
6755
55187
55467
36418
43807
8631
32723
14635
24279
52052
33804
23534
34912
7639
18351
4718
48157
22861
58829
42588
7872
54039
26650
12514
22354
34364
11239
36503
17020
42168
13688
15117
24189
18519
59263
14517
22289
28920
9847
41241
60418
44085
41844
16407
5461
3487
31231
34623
17291
35069
37385
11260
36322
6902
31527
7194
51041
1553
21815
47747
36844
18521
20717
27847
58521
2524
4746
51819
9114
56137
42045
58574
25194
31763
28819
46246
13048
22796
21047
51327
43581
43063
26617
8153
34512
8914
2088
2740
2178
8481
26442
52948
59539
56563
33748
1071
31681
27349
17187
17283
50370
9682
56135
36125
32428
40699
37943
8455
60545
7015
28864
28965
28780
53898
12212
18725
21676
60470
11761
23355
50337
44484
28805
32109
39341
52535
45386
30739
52778
21741
12326
4618
39652
35671
4070
40941
32810
5252
11273
44536
60021
36905
58317
26843
31663
58739
42545
13966
10816
25004
42404
49492
30795
20867
5147
39449
37568
56543
16287
30181
29650
8337
47017
42274
24796
43446
9529
11409
29005
8245
15015
25978
59752
26854
41935
45055
40979
6302
23560
44348
23648
2452
27394
50124
35082
37417
14200
15619
40046
22963
19625
54523
44079
45898
23985
12336
28054
50361
38428
40582
53928
49346
48542
41668
22371
45917
52160
18515
59788
37797
14338
29954
16725
8595
456
8856
38491
19202
49238
16657
26500
13044
32065
33039
59704
57324
53411
17634
1023
13799
40501
58368
40874
20739
41814
41981
46930
30925
1904
39505
10198
10265
39025
15367
60190
11176
27051
29601
26490
58756
8590
20071
49929
34556
33620
42211
36338
36335
23745
38026
59984
43769
42059
40608
3984
56610
32512
32450
56002
22104
40945
20823
16782
18751
5418
54767
38081
5968
44820
45749
46529
43738
3450
27360
59802
17922
50139
8881
26769
10838
47313
55336
10008
1455
9695
11263
24347
37224
9592
9469
33361
56691
3700
14341
12358
48694
26672
48799
29661
47256
30661
25249
14805
60342
56748
26867
3106
13550
20094
60139
50885
16913
33385
21794
45364
44228
48917
60134
20780
32638
39008
24722
16177
22690
27438
34290
44133
19561
56053
46553
11992
47506
59784
44110
26537
33229
50765
22630
26972
42242
22910
35417
10871
59172
35359
379
54661
42971
33379
31364
19911
49802
6489
15930
57097
17785
29242
20384
33540
60020
31308
38111
50769
26641
34299
11432
1760
42709
43491
41129
46133
10744
59675
38663
24319
31342
51476
29895
48599
51814
329
25305
20752
54766
28282
13102
46994
15035
21007
39041
57455
23269
52602
27915
759
37384
3037
42284
14335
29755
44476
50888
49934
45078
14975
10107
25819
34809
23003
14073
5240
12633
23899
34323
23980
10840
60422
32640
45195
46214
55714
18179
4476
13807
6901
12658
52153
36773
43122
5777
16366
11346
26623
39348
3488
25886
43472
4799
45232
43117
2604
7637
56767
12243
26318
41539
8512
50456
3940
32364
41116
35403
1977
16809
59286
37524
6275
19917
2454
32612
23806
6251
22146
20988
56271
18039
55782
3930
23357
28890
50960
35969
33270
8875
43310
32650
31291
25995
32391
52110
48780
39123
2669
41882
14329
37038
47942
43499
11918
8890
5141
34499
49950
2700
38171
37253
18165
46151
58245
16568
3557
1393
9458
57727
29744
46614
15023
54165
8894
35057
51692
44129
15507
29623
51911
23406
45909
31508
3759
45703
39547
23637
15323
31226
1990
39958
5488
17033
45279
49057
54218
10519
15512
23435
54801
57017
36319
20307
28276
34350
38404
41831
40875
58729
49408
47417
43613
9569
17686
580
53336
22942
44011
56139
30764
12086
35131
3657
59406
23767
30521
57878
22905
16374
57610
44582
25620
46856
32306
57697
40260
18065
41565
5945
47719
2902
15193
26166
60126
27628
1563
40014
9826
31514
2688
31478
37368
45617
13434
6578
17625
43743
8633
42431
40434
310
42743
33754
50509
54455
45202
50231
20515
11081
27050
25482
37327
55580
13975
29045
5010
17123
42466
48744
11843
37
29890
26227
43945
11349
58598
49856
38411
32050
18136
26212
42352
16014
6497
33366
48000
10295
28080
9533
4393
50670
7594
40334
47364
60359
36278
3375
44946
6305
58801
55788
41519
32631
52461
23069
20271
5775
34862
46663
21657
40508
54138
3722
55402
26776
25906
57141
25699
29182
17177
39419
31305
15171
29582
59751
32025
30869
60306
15558
48007
19769
14954
26926
37815
41909
29599
24663
30250
34047
52846
24581
14525
53215
54195
47476
4858
13957
28929
54989
53310
52914
42508
21019
51083
16284
58863
24266
37965
18149
9223
59314
38557
14947
26350
40219
22174
52742
18161
6466
487
13772
43730
49197
42699
48851
35436
46559
13623
54035
4192
8234
7814
59625
25129
2784
34370
13574
14704
16668
9182
58442
11666
20998
3296
49209
44934
6331
42485
24035
24662
50918
20334
21544
24853
49579
15702
10159
17774
10524
59388
9040
18451
7786
3454
23784
28220
30898
20278
32904
22132
7227
56300
56591
55706
60210
30527
40471
39275
8730
1399
37068
3039
60058
33872
21991
31782
44276
59034
30492
33866
13171
43543
40595
41987
28494
58030
32659
44756
28088
27993
43079
38283
54593
22079
53911
48914
59381
17443
49167
29721
50736
27152
10766
18140
41664
2361
52135
26636
43414
44289
22525
46477
43276
55033
22985
11108
2851
20280
17733
54183
40526
21641
6655
14838
55260
57500
44877
45596
30070
5741
39056
56863
36959
13280
50020
31699
19641
17359
50692
41561
28230
32040
6587
8616
11978
9852
23537
21414
48307
59664
26749
46410
13068
45306
35331
47562
46208
23494
50300
60160
12984
19451
38324
49524
50007
42598
11993
46134
18304
31441
59411
3958
48230
2038
4777
34507
13634
11708
7196
46541
50317
44614
20708
40613
6808
35800
34586
23644
12413
44775
13369
36116
37329
16878
22709
56457
20097
22634
14052
17767
32182
51488
12449
12981
16902
816
10240
11832
12713
30332
52009
26087
28295
20640
4318
24914
30626
46359
14752
19946
42790
3937
3850
1732
24740
40986
53040
34353
11639
22277
15464
3616
36712
43367
52752
58258
55087
50787
34223
29917
25927
30297
34169
46630
48648
52128
32196
36345
7932
4001
30142
40111
36778
51722
22014
25314
23626
57433
20639
41545
26578
24239
21711
32776
55414
47850
9986
30201
33050
58544
5219
1459
21843
4030
18085
27664
647
34768
23370
50858
37050
46121
24097
54522
32096
57037
34039
56086
29160
20575
26789
18175
26988
43911
13168
56795
40342
29359
27096
50501
20910
44684
28616
38649
15017
28361
12472
37757
31313
17796
16860
15657
6611
33884
56945
16741
7076
36367
36386
44144
57803
8280
11518
43193
36465
45463
7976
31070
44076
47387
2451
54864
32293
40603
14107
4598
47496
12835
9055
24551
3944
25997
10491
49251
4766
5622
16451
11890
54709
4382
7267
12065
24946
30878
58240
25368
50331
21835
19942
25490
26334
49828
15123
57792
56214
3233
18449
27949
2377
38819
9599
8411
35046
6453
58616
8698
7513
49907
21754
28791
45254
35865
33724
46482
19312
19196
7055
48925
26135
7471
51697
55007
5270
45809
47027
46066
40586
28402
48212
10629
56360
8760
6221
37330
1818
6879
3170
55103
10131
543
26651
40789
60710
3087
4092
34855
11849
40888
9545
24297
47086
57741
12674
58960
55825
25657
21069
41498
51412
10731
47646
25205
21849
7542
50556
27079
41608
28113
38340
11737
44687
50857
56099
12313
42672
59026
41646
9385
9061
14399
1655
42268
56134
15537
5225
21882
42563
16714
11543
53474
52201
8640
12923
17744
13477
51628
21580
40999
28534
20944
9521
3009
37010
32053
13429
21920
34964
12751
20870
60261
38129
54135
14553
12248
4125
24779
28325
3992
41540
3449
57248
5672
60141
6800
56589
23490
16413
36569
10336
17549
8943
23796
853
48655
23862
5187
28391
30058
1503
38694
39147
23996
34570
32764
2303
19900
16123
2196
36899
8990
25122
19909
16661
16481
40297
19231
48324
51542
13097
28
20459
42659
5898
49583
46677
60716
23322
8415
29240
7632
25581
58882
11615
58407
18193
29337
32850
38140
5338
27948
48511
57268
58605
51729
50762
21942
25052
39310
54467
16821
36550
41674
29854
21549
32721
27428
31466
37973
6786
48272
31827
27212
12904
32987
32786
5623
32359
55502
23187
2607
46777
3777
35611
10260
30995
51740
60446
15415
27927
52987
55104
55968
46461
39026
24192
14789
26968
60721
36822
32608
15546
25176
53466
21095
52339
34659
8953
47203
41849
20966
9802
53061
18222
45383
8944
15712
29137
20180
57297
45767
24115
33750
47452
46456
26930
41525
52811
42541
51613
31271
25392
35959
58496
19372
32133
9495
36913
5308
9565
12047
41782
23059
11869
44317
11659
31359
41004
8021
2187
1989
29923
40550
3537
13785
47791
8451
25310
23761
36398
15989
34164
13828
12894
18871
16027
44683
53453
46514
18778
13677
56031
7065
14516
34633
13953
1424
45155
5980
29315
14323
19041
19050
6060
41939
39411
39104
10671
11411
59334
14526
2190
34851
13668
48191
58734
55985
15370
16876
11069
50718
45663
58701
7112
57904
5376
7669
27531
56786
14551
3795
503
10134
7455
50809
25845
37625
22038
59212
43297
50388
21169
2515
48131
19765
25711
16393
18899
58094
57306
43090
15721
51653
24376
45307
22723
8586
6475
57112
17331
42084
14325
54735
50994
43355
1464
46204
53402
48183
44007
25426
60211
7085
55674
26571
31144
21779
49045
9374
20696
16659
19420
999
47689
30641
4425
41919
13181
35060
21635
37662
47872
38045
51391
6337
10436
10197
48251
28167
60546
9857
12837
50167
36887
5146
8736
46313
1032
57593
19192
6540
53927
22818
16615
34045
17148
1135
52937
48952
57592
57339
25214
30186
38949
48669
29317
43418
16042
28533
25812
30128
52085
25127
32645
59707
52835
21407
16744
16085
22684
12071
43151
11783
3596
42055
47641
21764
30731
22058
33709
21998
25826
18357
12768
733
8614
1515
1621
47749
1868
31479
2550
47778
9908
16
45252
11106
50943
6783
896
41955
38406
7704
32392
11711
26310
33828
56731
21351
20726
31235
14413
12732
23900
33694
58334
51682
16384
12903
32127
51379
8407
33469
54922
26468
19116
5696
38910
51898
36211
1353
26897
44585
55149
1493
45023
50518
57494
19929
32105
40507
50266
51246
7167
41974
18528
59549
45740
60568
32620
20448
52660
43101
1177
8025
59147
25003
9228
1620
10341
15357
29078
20273
2121
26686
48121
19236
36725
54656
20852
48165
39438
28277
34171
27375
24864
49454
18896
34631
52920
1894
39320
12526
34574
47187
33890
34776
23559
34638
4946
12298
15594
26695
15267
35748
46328
34154
23348
25567
17962
60351
7536
39697
49292
55460
36949
56744
8807
16743
22113
53734
21111
30648
55203
3378
15817
36479
21608
24219
52573
55632
21733
40058
8095
37064
60219
12926
12169
40994
73
30623
27093
20441
7379
56709
13734
16048
58396
24993
22757
6581
59943
22332
55659
57960
27240
54622
721
10876
8251
60608
50349
23312
53419
23478
24702
46189
24732
4701
36395
59608
33096
32272
56817
16166
39358
58642
16096
56907
48580
14233
51546
34856
11516
32806
5149
12870
9593
56655
17090
38108
996
7592
49550
40193
43856
32229
11049
41020
25877
17956
18274
22399
57546
18048
50080
4274
19105
6907
3092
42093
44563
36194
56216
34913
8368
978
46651
47655
17824
33176
3
22551
22465
52395
54603
54399
57511
27795
54534
56022
16093
17760
17209
5301
47449
14609
12044
22696
22535
19822
23146
51501
46621
43157
24022
38057
43754
30978
32894
38988
19923
31277
41422
17130
25661
18737
47727
20300
30212
35264
34220
24565
36783
40295
1996
57704
26788
30124
12097
25852
50132
1307
44254
8098
7256
46022
46876
49198
49598
12034
43447
6815
8194
54744
12996
49735
33845
52842
19048
44535
7130
2889
52203
49670
36430
26522
2382
25340
46509
55731
36447
12497
13647
23771
5823
50921
44483
7391
46387
20633
38035
10270
10594
58694
9941
20553
17048
25272
22654
9332
59968
42724
1541
45005
45698
22298
20338
10997
21410
2706
35566
51844
57517
55269
25693
57671
34414
9133
60209
47977
11477
56221
49880
4725
21403
37324
3442
27918
46408
51880
39695
57354
57466
39261
15654
22822
20058
43882
31724
42491
27652
34274
16040
45083
10304
27835
48349
7157
1212
20864
32999
10804
38348
11850
29996
32088
56903
28320
2258
5797
48169
12665
6411
7880
51453
27429
31529
53045
576
16231
13058
42065
29125
51601
40175
38250
19493
15459
58721
15664
42552
23910
45947
36868
6134
24511
29897
48760
11818
53289
23684
47891
33570
16967
54442
14358
38648
23391
57178
41856
13303
35160
59408
14757
26816
11384
31264
33280
38439
9083
47412
20761
11386
23206
55093
22109
28347
33319
54722
8796
55511
41201
31425
22939
39176
27571
57199
42297
23528
35171
5908
40259
48839
55875
17230
36431
7692
58569
6051
3150
1149
21101
46928
9998
22843
57522
25585
45273
53850
44204
10824
18638
44986
57573
48184
15511
51616
10945
54814
17604
7781
57863
14165
4570
59806
29501
15568
26443
14878
37955
11073
36491
30052
57216
11988
5894
35224
46424
28612
44078
4326
53989
28225
34701
2081
18777
9029
39796
5871
22515
45861
19665
40944
30777
26398
23137
5166
46627
22673
5275
50134
35891
5787
38571
54947
58114
11658
53763
17266
22211
12353
36510
2772
58965
37467
43465
19522
49725
4929
12347
31840
57900
40149
1848
1886
50466
25048
29898
26660
4032
20967
25095
60483
56446
58060
45229
34741
14112
50025
51960
11243
50100
1182
14385
10192
20160
47957
56072
18895
45863
27174
56076
24604
46968
5440
8933
26683
11370
23605
42005
33451
24951
25398
52286
32662
27200
25744
2262
46849
50226
53225
2324
37396
43109
60375
57292
4650
8768
7519
53487
59588
32406
51183
60214
30327
26043
22218
22297
31249
52330
27474
17043
57225
34212
53211
3815
55647
31808
33479
52023
32156
33139
49378
5528
418
33968
54007
36751
804
58545
38734
58290
17518
28005
23546
20072
39549
935
28017
15818
25111
14334
19490
9333
16882
43616
4285
9408
49108
45773
28602
27744
22865
58543
36259
55371
14026
19095
20740
27542
56647
1128
2237
8893
16217
24036
45699
33924
46201
49303
32625
12625
367
5497
49829
51554
25589
52144
24415
12739
57707
3419
65
18174
26123
38769
18234
35695
45825
7787
33060
41229
53377
29674
20017
16453
47917
6749
45677
54244
124
29349
28512
42900
39307
318
12124
4155
43440
28795
23811
30316
40066
17633
13989
20821
48922
51002
35402
21237
49227
34272
36127
11141
4926
17143
44646
7061
25142
36581
14292
55682
49306
47999
6355
24793
59879
44624
23055
39831
14415
2160
39189
40242
45540
2577
57200
8355
28742
57424
3530
53680
44943
56364
7591
35889
20986
38865
126
56381
44342
4487
54338
25393
33961
30773
10688
52745
568
55361
18602
13325
57392
47923
30423
54900
4857
39781
40113
54880
2800
3002
17591
48594
48783
46493
7499
33192
57425
20886
674
19363
33847
37150
6602
34590
13801
40187
53329
31500
39262
53457
38665
32357
20499
60142
35226
19370
35797
17405
45257
28681
30734
34426
60202
13140
51787
43228
32390
25294
32248
26053
42438
18465
42581
44503
13863
13127
27404
54431
45274
40248
38568
16197
42651
6937
25809
58546
25891
14714
56502
10687
58976
2509
60004
46101
34111
22967
9364
29463
46967
19247
45747
24888
23873
54669
18940
33743
19760
8776
39631
2207
274
53851
30999
650
7250
8654
54888
30116
9758
6122
15180
51993
31708
6071
44969
35408
16419
57218
27568
51245
56649
22877
52101
38056
43623
51833
48058
3916
2133
53070
10894
28031
6923
40629
27011
33666
2938
42265
47921
30683
58323
22160
27384
30498
22101
9451
33446
54911
38950
22617
18294
59639
50794
8678
36864
52696
23508
42391
20427
4181
46296
2703
48974
24973
42379
43468
30812
12638
9300
32649
7360
484
2173
11274
1343
47241
28994
33986
14284
59275
50878
56209
40033
42488
25234
55498
40692
5881
15126
19355
57722
58279
16944
25384
57211
18394
26991
4277
59396
48384
41246
27606
22241
58226
18873
56190
21173
29439
1347
5712
20352
42756
60037
4583
33722
1858
52697
43275
10315
13133
45949
56050
15636
34342
51018
23240
27471
58053
1577
14848
58458
13053
15535
1533
23010
30144
42373
19418
7441
23884
6294
3898
22845
44376
47195
28680
23064
11878
20163
22176
59821
45979
1262
43979
39301
18640
23066
13203
57569
55945
34885
29815
40569
30922
25747
34182
3573
5020
59466
18035
17211
17397
6697
48915
52272
52500
10615
52766
21294
38948
53375
39482
56530
42326
51727
49503
21137
8725
36529
16835
30684
20818
7962
10444
20228
22446
54654
30900
31180
40982
36936
25514
2475
40347
45912
13803
12329
4434
19336
39914
16482
14374
56346
22573
23640
20914
21690
29251
7681
39218
47711
32257
53567
49925
23022
19318
45100
41756
44341
50758
40549
48668
21675
22239
6704
50142
21523
21860
11066
27725
13150
9838
40830
11643
50428
8976
59573
10893
46530
27495
18879
43587
11541
18072
60707
14634
33335
12825
47989
18780
24098
34944
34721
27419
8312
35440
12908
25611
29808
53472
9110
25328
34069
37002
1754
39782
22192
34484
17022
43793
53710
32822
20869
26377
39706
57260
29699
54939
23099
17068
48367
42507
45885
15792
42575
9577
32728
27690
51798
55892
13334
35023
55067
60047
45346
49823
24401
52239
39637
25278
53473
9982
5034
23858
36288
54191
3045
17752
51969
41476
56260
41977
24825
23666
17535
10221
27623
5135
15762
6608
16395
9697
14182
29333
17234
11460
10005
24368
54415
16931
54248
54315
44314
60464
58525
6348
44583
57265
55054
19321
25417
20749
54349
35105
52656
45166
9793
41214
51107
17161
21116
34712
19572
58332
1634
12523
42686
59048
41576
34767
28166
32424
32099
38774
56985
49771
3707
30959
49200
5516
45822
23940
47157
14545
22228
40741
39272
44791
37642
41421
43103
33463
56488
57066
50141
41516
39220
8404
57736
11264
48144
21664
37893
33928
11907
11786
17754
51477
29263
2704
24685
42868
26791
37361
49642
4117
59529
44728
33527
34690
25557
46569
18991
39581
12340
36824
4888
1674
4579
51443
32892
13367
9335
23603
41317
28488
40346
31535
901
11715
33442
5007
35241
58057
40042
51256
12694
34395
30244
6825
9362
44550
39789
17830
44763
18058
40911
58683
51310
50052
31817
40425
24043
59658
401
7927
35669
23042
39345
2323
45176
19023
33190
46988
46358
52858
17115
10643
60564
24122
27791
3143
51129
58647
10510
6081
18388
60616
53244
51909
10677
37141
59581
54002
10470
38579
39112
19357
31975
25326
22760
34464
9312
7001
2787
26081
44239
39371
22368
34668
14449
46894
37778
9100
25369
15903
59510
10690
1922
37803
26905
60679
42551
38091
30982
36209
20656
37874
5779
44049
42381
19610
47866
39935
27876
51405
42629
9380
10418
58131
54812
27400
44576
12197
58542
47082
48740
50903
59908
38392
36349
14452
60267
22184
53547
55018
46011
36113
24146
4754
6951
4509
35145
14168
26021
28272
39487
22653
48907
18841
41438
25535
30190
2788
16998
45539
40213
46009
55184
7347
56587
7407
48377
10969
58640
17949
59085
58706
30779
5744
55353
17482
54996
46041
34134
16767
41598
58263
46982
41647
13740
11910
246
48464
49665
42535
15326
3739
44071
25530
22484
57821
12688
29629
16379
38810
34700
15550
28854
56166
32900
58237
939
4219
14812
1463
45855
58004
32287
27624
10360
45975
46829
26886
43104
14177
36015
15947
60691
11129
7141
49011
13599
41271
33549
52919
44657
40798
9913
3540
45350
29313
33465
40669
51768
45150
33591
4822
52173
31538
52716
59951
1123
38028
24748
13460
32502
34459
30382
55528
11440
8790
57587
29970
10660
25039
22082
8118
48312
24854
48147
26312
51495
11213
38541
30105
396
27557
19570
32578
15132
38243
54213
42718
37952
21319
10529
42643
43202
18445
11380
46162
3854
30664
29932
21068
60049
3223
27866
35915
25274
24874
21079
4937
49148
25802
14066
6829
48483
54576
27656
2166
1960
20716
58437
7048
34824
34302
15962
49568
55517
18540
48957
48748
23193
30029
59519
3678
4689
35957
36247
38480
29510
32162
36134
36871
47879
42727
60449
9352
40862
48150
30845
5987
41811
36269
6982
26708
42589
48040
53259
36709
15730
44403
50446
47654
30237
43565
18561
33010
16915
30682
15991
11961
57745
39305
27970
26786
26733
11739
58942
15677
28900
15288
54723
24528
51494
59133
35843
27489
46770
39496
31718
54729
23086
10761
15520
35042
48653
44711
7663
17969
52220
27158
35167
26726
21185
40721
52178
18416
49875
3423
2158
17529
5431
10209
26252
15400
59610
54201
58049
19507
47870
25412
20243
51435
53634
17530
14407
34275
37827
23237
22788
59876
53895
2470
11207
58019
51231
11253
4925
30444
12868
22264
24109
32628
44773
19281
7894
59831
14121
46441
44236
51829
29590
21362
14393
32420
18545
31084
3260
49777
21140
59046
27925
3716
12133
27142
51857
56653
34349
53313
37994
24670
491
57254
57506
21108
13683
47097
24518
11444
8861
53795
7348
43598
4764
20369
57302
35882
7007
53728
56677
12976
1304
606
48045
8852
27114
10663
59873
4726
26361
393
35608
53321
22605
2213
28418
2650
6014
6663
47148
3435
31318
60434
21825
15981
4971
32193
49493
50357
16312
8403
42986
46889
19595
8576
45690
53267
49203
12703
19707
26861
7361
181
53296
34513
48015
19688
16799
59939
28682
8895
55871
39346
56028
19307
56831
33979
31173
26524
4058
43938
1993
6603
22408
43433
10793
53140
44629
52217
21749
10006
52209
46868
4974
29884
53121
50391
18853
49477
28004
11769
1716
58722
44767
43288
16539
17172
17016
42078
26219
52127
1821
35013
37227
9761
17126
21427
40398
39561
4906
41021
40402
5747
17797
8897
23929
20873
26637
28000
37710
28398
3544
33202
7982
60110
39325
31787
44591
12918
4805
7084
29321
23341
13708
58087
23441
51799
3970
12563
32554
14626
42509
41048
13292
47402
220
10975
28427
39841
25714
6941
3165
8671
43610
15332
35012
21744
18114
24420
25174
12116
16314
29096
39842
15465
18833
1
35547
39673
40026
37195
43242
7966
4240
36927
47239
21519
52855
11180
12429
34087
51066
20968
16746
36664
31596
20535
21811
36383
52946
51404
48155
4788
9901
43192
35921
34447
18905
37813
59240
32381
1984
48610
16397
42861
31558
5537
38504
15751
40250
21959
20358
48747
47277
57762
49294
54196
39824
20440
52555
51060
34279
41489
8930
14876
575
43640
33729
59119
25001
37765
52554
56803
4495
39197
21178
22364
20642
33783
24029
19880
26993
50144
43214
40933
53762
25583
19621
35039
5190
35639
18869
45433
59923
49270
15409
38006
9969
45656
56588
47399
74
37154
26343
34740
45185
49639
34505
20841
56866
26568
20391
1895
35537
16171
6200
57600
41954
28778
2567
41784
38921
46081
5826
6019
24337
5771
40951
10762
2357
8210
35475
42103
12940
32454
34583
42799
55630
38277
44122
47269
10837
34055
22872
11830
44247
48556
17315
40339
37841
51923
27027
20758
56013
5614
17341
8668
20382
47237
44120
40881
43772
11255
43712
46249
21309
59586
11404
14019
5292
45919
36489
53548
38776
16308
23420
50865
16837
12867
52995
14328
51548
43671
10481
19249
59474
58639
18696
12805
60437
10333
21893
44050
36017
15130
58284
31542
59798
6826
17580
7605
18524
38612
8907
16505
30819
26113
17487
1189
20840
56533
55669
35101
49078
45471
34205
28116
31989
2754
27100
13289
11272
1242
47664
3733
48893
39434
31236
20248
18362
6852
19042
58930
50082
59443
26978
55549
948
42033
50343
43835
31352
33915
16288
57365
40059
33605
5310
59241
6214
9184
52639
12467
1293
17800
15177
13354
25896
37617
33150
13219
58766
27619
8381
29630
9635
8159
9655
22316
5867
1001
11281
31844
19728
35884
12615
20679
26024
9233
55512
27084
43051
28657
8545
17993
11692
36561
17085
48080
47741
2750
39772
22215
3073
19187
26848
36933
56689
23694
47299
46152
57482
59727
19943
6414
50785
1216
52433
35243
9068
29396
22687
2569
24810
39264
24119
48750
10668
10959
47332
19952
17472
48441
24878
46407
791
59629
55391
4122
1999
22809
56901
48215
39827
59310
42530
18850
5911
58229
12489
52129
42068
6573
30302
28695
28893
28322
58825
41905
55433
3437
14147
47663
17997
5406
20977
28945
37099
16572
15232
36296
51167
16855
7720
42924
27081
5470
32030
56738
21948
23473
37508
11573
49335
23489
26391
14968
38953
43899
14764
29614
1673
9669
1147
29840
24094
10683
23621
28678
56999
6491
31924
59761
15250
20013
2883
19948
30211
43346
1363
22505
10167
52976
57833
14829
51402
24198
42143
740
59654
44293
44607
852
1959
58502
44347
44202
53675
15526
39164
39065
6296
39872
47964
9984
8923
23292
8333
47009
5374
7150
10525
2011
50961
48521
32218
46375
54997
6594
22966
26974
44029
24960
39810
39548
14565
4397
8727
18373
11959
14209
44438
50853
54580
586
57394
52662
2541
26667
30896
57524
59894
22318
28620
36535
12518
50935
10895
5109
30311
43132
20500
28525
2526
10012
42475
49131
45147
54570
26542
52807
23499
9756
3543
11728
15169
45867
42322
22895
1642
46821
24391
5018
35963
28856
52694
31464
18808
8827
15269
21618
37780
37454
51228
18335
7185
12411
623
29793
28047
9325
30502
5267
40636
21572
29286
45283
39567
17128
17666
34509
49641
37184
18054
23485
779
8157
3979
43704
54924
53918
12480
23941
29972
39458
34497
34655
50904
35895
31361
53643
35159
37205
453
29074
7838
57918
2955
31666
17070
54178
29641
16277
43347
9210
10718
11334
55297
55150
34604
15847
19365
5449
16822
626
5976
17437
38144
49896
25870
38295
45227
10704
50076
57834
28675
20445
57277
10385
44652
37140
60450
41730
4612
17751
31200
7300
22856
41936
22527
54296
59316
13946
14096
59842
13839
12253
10577
55176
7089
23001
46730
60331
11782
39834
58118
10548
8235
9759
45505
51293
44299
17619
53358
11148
36610
12198
16707
35917
3103
60072
59062
34970
42592
8813
8402
55808
16302
29483
57493
13898
44688
17324
56310
7418
49156
2107
46413
21575
23119
36653
4449
38451
36722
22334
44609
53717
14022
25452
40308
53627
3864
27755
15392
5930
19328
15671
43140
18375
54360
16278
27597
27102
58394
829
33711
54844
41712
55657
24451
40212
1132
47537
42853
7059
32651
22
58445
34585
5923
38653
8910
55593
44464
26556
37033
55266
58435
10427
2761
28192
40685
4743
52822
9330
10666
22394
60273
1349
8488
19488
21136
12978
24621
13800
39315
53349
3833
20540
3472
26798
23566
26012
55143
13563
24906
42
55769
48618
57028
13161
45064
23021
8294
14601
54391
29117
13074
50502
49530
31661
19072
50668
44135
55317
52463
50017
37373
595
49887
52679
35435
57048
42955
54568
29711
53987
12972
24402
40858
18711
21945
31792
34562
9198
33824
38161
18763
14458
32956
17672
26400
30901
3896
55444
10493
55899
24668
39906
25151
36687
18639
55958
60637
46136
28876
59390
3994
53264
49413
40656
6240
44216
43553
32186
34123
34901
16078
49119
10926
8602
39469
34390
60280
14157
29627
6004
57708
18952
1476
40192
33779
17609
41747
9814
14287
17117
53199
4976
5936
53408
39226
24305
24695
43554
34907
57845
1880
802
44399
23932
39869
35428
47138
10257
2071
48029
36088
15639
49023
26747
54959
53152
39058
42962
52897
32592
52671
2499
18946
58039
33440
48142
24283
56255
57156
27700
2013
54785
52175
19438
46842
42610
1597
43048
46074
16611
59489
982
20878
52193
13227
19242
27444
47833
21277
17565
41185
31603
9856
13445
42320
25630
34137
10828
12377
15114
679
54022
30167
18973
50402
30793
58310
38119
25224
57568
4394
52269
57966
48518
35459
9608
47370
47810
23966
26625
48588
28165
55603
1231
16099
3973
51044
21890
51919
11985
5718
32954
4747
20015
20467
24789
38355
36389
44884
57743
60719
52388
19456
47240
43498
27292
37223
664
40128
10765
36122
34794
9730
41380
29810
44832
17791
11488
18370
18177
8035
21601
50371
45090
13826
7893
11670
31111
30018
8817
16629
15364
8664
6964
50520
23226
6438
58359
43281
23928
13587
16559
42062
17495
58309
42782
5233
19477
37041
54488
26976
9534
35949
9539
48316
14643
34861
27167
15309
24465
3065
40631
3855
20472
10230
55618
7368
8574
50557
59291
54999
17859
33851
56222
44770
2809
59569
39742
35932
5439
35836
10366
50976
13793
42965
16670
17000
19791
2108
43592
56612
4295
19092
1618
32035
30744
57536
11454
42336
38413
35684
25204
14732
13532
40912
40722
35366
20241
38087
57791
11465
12959
15886
5306
57366
35384
37308
34347
40955
30784
15463
17887
40711
8112
52483
55704
25759
9089
41618
42631
15666
56154
10407
23029
21327
36730
53307
34841
36618
55781
26588
11960
42821
28586
28551
44922
21688
22379
1920
27881
10740
55833
49013
38233
42040
17873
51483
59345
44755
15680
49893
27818
30132
14146
12941
45597
8208
18546
24622
29173
2360
18300
4758
10915
23036
18405
14127
10781
25299
54678
1581
34571
43212
10089
35122
38972
16220
16251
28574
17015
60525
28223
31026
21030
56541
54405
47945
49509
52432
58371
15205
20173
11441
43378
18537
48413
53864
15376
2348
20485
35148
59270
17994
52776
2755
42382
10139
11165
36774
51906
33965
22874
3684
5255
6869
50149
22156
28823
45044
38598
47848
36537
5231
18762
7148
47062
59327
29198
23182
56780
2805
41170
42583
3811
41075
2748
12821
41526
26934
46576
18409
11144
32107
29087
51524
56043
4317
46092
39724
43142
4093
23663
43219
39684
15808
34337
21806
964
43455
38688
44538
31670
35762
36255
25317
51956
30871
47835
47937
44160
19588
34040
47616
51506
14748
4541
12184
49186
372
30628
43316
34325
3509
4954
36929
49299
29080
35811
7242
11790
31914
56274
14555
32102
36819
11347
59724
36623
42298
31059
55938
28183
4770
27629
49522
41016
59511
49106
3715
50527
16947
5743
49977
1443
43383
48039
24855
44795
51590
58103
38702
45796
60179
29206
36213
19684
53915
20250
30775
30592
49956
29420
57752
33457
34852
59657
40732
10271
384
10861
28860
28953
52986
35681
52244
27620
9553
39313
50965
23641
46434
12389
22397
23894
26535
59819
37307
39461
1517
17250
34896
50741
59435
58287
33998
19872
49680
47628
52436
26618
53988
3567
44352
49374
29351
32451
35351
2507
53038
33416
5247
51282
35682
54799
30289
10877
8140
13585
12000
14870
6069
37864
15707
45573
35910
14522
21622
51661
15308
3633
9311
25847
55834
52331
1611
38864
55809
8919
15083
50181
30846
52927
58268
5835
39150
40247
19431
31963
42910
53990
44956
14436
41720
41998
35739
54258
53640
12505
6641
24336
2714
50713
41347
43912
3023
36308
6995
46875
12457
8247
40687
13249
34731
60476
42644
26965
7934
47931
59372
38760
37133
31572
11784
33883
14608
26230
13621
25172
58383
722
28387
20085
33198
33626
1264
45951
43853
3882
57537
25131
54279
29135
31548
19962
46966
1572
51779
39758
59401
55235
36264
43709
46769
32017
42832
18810
8584
7556
38047
48577
20359
48539
45756
50239
50102
24788
53186
16879
7822
12863
46058
13610
15353
29305
34817
10650
25664
14988
44799
27648
23857
14004
2387
55726
7230
2440
17837
38191
2663
30351
15184
1988
60348
12221
1148
9111
59590
26454
29092
37576
15224
27598
1137
31959
13378
48938
57209
2523
18666
31672
31905
35866
49322
31785
40106
29409
7899
39783
45864
55909
55484
38741
18029
1536
30647
41726
16298
20067
28151
45420
15832
35088
56238
22749
36163
57616
60615
17906
38879
16417
22964
48807
51654
23658
28055
8509
16045
34007
17965
30583
31680
22568
57861
44514
1589
31443
50409
1890
58524
12226
19679
44885
27458
29098
57094
40751
10456
60152
47538
30039
42064
52313
13503
57514
34372
33649
40930
8007
21636
53805
59458
46405
14547
29055
9589
31798
19126
13678
25433
32852
56019
5767
20119
20319
35414
35723
44904
13311
18095
48254
54498
22762
32021
36802
2351
56618
45546
11125
11242
43039
36932
46617
27788
13988
18450
55565
2613
4727
1108
20993
10227
8643
26054
8134
56562
3575
59012
13082
46067
54317
47193
25285
21983
18301
49978
38419
23450
18551
52962
23162
51997
55986
2428
21895
14254
43138
34642
51057
13954
45192
43026
44605
59862
30915
4451
44982
52045
55446
31188
38457
960
26146
44524
43931
63
86
51507
13007
34672
46772
50310
59299
17332
56607
22518
36331
48050
33254
47956
36270
31420
43251
20715
22024
44785
31110
48063
28437
58050
5943
42101
56111
28706
51466
50051
54156
8352
30342
38755
59487
31184
10387
37638
34180
55394
18028
32568
59438
6194
34733
3359
37386
21244
3478
37320
11742
51636
56263
35458
48245
46049
44112
14006
32078
50543
41402
5041
20548
56584
51086
373
19910
38215
33758
51046
12619
1792
15701
47319
55920
49969
47700
35424
22155
30652
23481
28468
60640
26613
3482
10250
59617
44887
8880
28396
32367
45210
40727
28410
54094
8029
17683
41363
57090
8338
1905
10787
28909
35757
53807
59818
32158
31791
3933
14905
27312
21341
14733
29470
19849
44751
48143
59779
14978
41601
59992
5778
18237
1358
24481
29329
56810
42126
19033
9818
1233
55329
11021
8341
21521
5127
43651
40156
8195
8752
36195
34435
2293
39108
18003
52843
29579
6940
40997
14348
58568
16378
22291
39932
42270
46330
40305
55264
55567
23245
12770
3312
19691
52762
24753
27253
36469
26678
14670
53712
4809
26984
11377
56181
55811
34948
28949
3207
23106
14465
24839
1425
19191
4144
57559
3496
24135
49775
17179
53667
25126
42626
23472
1722
37922
55456
17342
59098
17790
19212
55725
34245
50171
22468
9607
8047
8372
16019
40287
26882
13844
20600
6719
51805
59107
15782
57370
22884
16207
14176
19764
21176
29009
59996
45835
47438
18768
34420
43777
10219
13516
26467
10204
59809
49370
22357
44677
20209
29519
12872
35019
21025
25303
43474
21038
56874
50923
33727
773
49931
7222
22099
42693
12809
14422
46778
4552
31776
58474
51945
54483
4059
5061
51789
60186
20836
9650
26390
55310
47147
43663
44198
54796
29158
18191
8619
54302
42917
6386
22459
25756
35777
20167
39321
14122
14625
53100
53146
54395
19467
59942
49902
55671
33231
53488
19411
59742
51532
4223
57341
1626
17554
25362
44243
49097
25565
54277
55828
27968
2265
19602
19141
60189
26945
6038
3373
23793
40787
49788
37793
9463
46086
38068
30486
13178
2801
52896
27712
27087
4346
37326
26548
42149
1298
19974
33265
25878
58802
29157
9095
13453
48811
3719
4688
7647
11417
58459
31164
43144
14279
54868
10173
29984
47510
27440
16863
55272
33913
45159
14041
60667
33854
59534
49219
45593
3425
49352
36401
38963
14603
58817
1699
6935
10083
9567
56004
56151
31126
23397
535
35090
8318
4370
26778
60050
36582
47047
8075
32641
22728
32415
43437
49990
35870
45955
3086
40133
14800
53424
54298
60519
42587
38448
7816
19608
48139
6512
18849
15610
30740
31129
685
53879
58453
22202
1223
20043
52743
24037
11824
17585
52314
37853
4794
5357
5639
42479
43362
2877
35901
39389
10264
36047
21503
5071
42422
8834
50870
56717
53060
52928
30348
53829
5510
32066
26510
30008
51933
14528
6415
30831
40597
4913
16422
42812
44938
34022
42207
35951
12264
3029
48709
29527
36214
27248
17775
51970
22319
40728
54664
43620
14777
21556
24598
8220
41350
32328
24429
50559
24754
8356
44292
44495
7883
3686
36559
10280
32267
21862
23501
8162
15356
17089
3348
46844
8783
58215
60120
51608
51289
13275
54322
37770
299
880
52165
44065
19671
9275
2687
1779
22378
16382
30156
2619
49903
26213
41864
22593
19527
1253
12880
7912
40107
878
2951
8473
44294
6272
59462
21413
48593
16551
1119
29000
49081
17718
22936
55421
10936
42590
34494
36373
17308
19188
45111
31575
6597
2884
252
28634
17029
46297
4748
1946
47025
9446
49181
12385
56799
57556
48805
2027
54688
6226
59414
24725
23500
51594
33042
36119
21785
28633
44931
18712
47762
38547
59110
15044
6993
25462
17220
28688
46342
42648
59204
59043
1430
27012
23314
48083
47275
33161
11321
921
50714
52280
18729
32331
42221
20951
40833
11991
32175
54760
18592
57490
17010
41067
16399
27988
52558
44953
49350
59484
34465
40109
47060
55977
46079
48116
7696
38305
26288
20354
33170
40029
56850
38671
9912
26148
17783
53736
22975
55445
19831
55637
10872
22721
53011
36114
39350
56957
10974
36574
34194
49005
13825
4111
4953
23629
53978
3242
17693
4526
32555
37901
7770
29407
53004
50777
10452
38268
22726
8723
38896
5899
8336
523
49613
33983
45490
17329
47329
26646
20638
13977
28782
27195
42332
52234
40984
2064
53104
21731
45686
27801
29847
40849
432
36343
31243
14418
9924
33304
24529
44318
5686
54318
44951
32210
45791
42413
42147
51192
38620
7326
23398
21878
50842
36880
6093
15319
11208
11770
27104
12914
7340
39334
33433
51447
11362
39910
20412
48401
59025
38992
23733
6853
49895
44449
14604
41120
30182
56823
37635
21083
15970
35140
20777
47044
27277
26005
31651
5340
45977
47524
27972
19546
28810
10811
24881
50121
41941
46446
32399
58256
29846
48190
12836
29347
31759
25298
33074
26345
35425
7925
52297
32323
48202
54301
36958
45548
34762
25383
59948
41597
15229
24254
12891
6361
59200
5254
41628
36371
46017
42622
46103
56070
30404
2269
22887
35730
56720
46164
49942
20102
11806
12082
55838
56714
44220
24935
40904
7264
508
37623
51462
320
23084
6196
60302
35772
25697
55907
21231
7282
48127
7216
39778
31436
2063
2268
23783
42323
47884
8523
11595
47149
24394
25654
57882
39541
57264
26262
35495
3005
31800
10520
25493
59127
60492
19018
5625
22747
52993
46594
2482
1012
36872
48650
17732
31607
16173
11197
5645
49864
55348
23360
21299
16387
1813
38299
20832
16671
16406
49706
53650
4514
12359
39407
56240
45066
13865
46119
16410
20646
14696
7805
58425
58670
19540
6542
32775
38468
30077
391
33757
51176
8314
17082
20808
46798
60221
45470
8906
2468
45935
16966
36478
28245
36391
41596
16770
7284
30928
4287
52739
26305
4376
30146
6422
7011
45475
53699
56765
4709
42395
21233
18558
7974
15062
27668
11358
54848
1893
42241
51384
17588
4783
44152
44410
41313
28211
33024
18078
37544
53551
51849
55914
4703
8353
21234
11693
29825
55130
10390
47115
49861
41670
11672
49424
33917
41988
221
29980
5971
12038
32845
1250
38110
33832
50238
40726
59649
8855
350
22973
10396
42543
38152
47814
36964
55571
19591
37824
32899
22350
47630
1728
14424
120
12591
52021
32279
18953
7039
56967
28755
37351
44547
60387
41907
49211
43827
6570
26333
57964
58127
34600
9402
16188
35246
44437
45707
34012
7808
11153
22477
20484
45981
40372
14145
54096
17937
56982
36170
31324
18539
7159
52683
50489
34237
52621
56812
37694
5909
47048
11497
43504
45124
13104
3299
16258
48469
35270
55604
35734
50646
29628
13352
48369
40255
57760
14075
53749
42077
48524
50250
31885
23948
7122
51333
2012
590
9897
708
47526
33955
6400
43277
29026
43246
10355
52064
57724
1300
50652
6412
18765
2542
33137
19506
8486
38452
56174
34477
26851
55406
52867
13787
48892
55513
59035
47769
35320
53147
17237
38999
37199
24520
18917
12252
27363
34176
37309
4193
34489
33791
28725
47472
36021
43779
41364
42025
37504
28607
11949
49776
22829
37018
12459
29395
7929
25046
54283
50508
34941
33403
2111
47083
45615
6872
40796
51190
50546
14730
29513
51414
38844
18748
7810
18856
46228
42517
17777
51261
8214
13900
30587
11743
13015
24058
35497
5455
37255
17649
22892
51875
59935
45204
376
35771
24955
33905
48930
23337
25523
28833
37147
2476
44193
17344
52623
42905
52096
21582
20705
769
1545
29149
33075
47795
32891
15897
10699
48365
52146
53253
14897
8828
51675
53512
56159
40600
54065
36508
29848
29576
37768
6721
44405
8639
40311
32171
38342
19403
55009
14463
2056
38553
59068
35153
55036
25548
34958
12080
31893
20262
14534
44836
11086
54173
4303
24905
23463
33297
53001
31978
31640
35296
34533
26354
10225
18200
55001
15592
27645
12151
44253
27869
44164
22544
36311
21096
35251
6884
11859
20232
21854
50754
4513
57221
1578
47695
7580
33967
34328
27575
12079
36716
29095
44659
46404
10342
18350
43269
38812
25914
2829
41066
23212
27718
40035
59307
55983
7702
22178
35830
58
15042
47634
42293
21211
11363
13880
9718
53496
48093
54129
9235
7606
25769
57207
50114
30654
9978
43451
40607
49282
25253
31354
21367
20874
52996
38486
56104
44603
52649
60581
48789
15686
33995
11996
49511
643
33759
14390
33390
43537
55078
56445
14882
41269
22648
13510
3221
6139
10157
19826
30590
22870
5023
17779
51958
26133
47615
40519
2535
18021
106
18070
49948
52377
26332
12573
24849
6403
35109
28581
40825
19097
16536
11430
24794
56889
10386
36006
27611
6846
41672
41461
8424
29734
41108
8331
12622
43922
24553
6807
24072
41458
11336
11630
11301
52143
3823
44356
50877
59287
23628
26093
4399
32604
33521
43384
48635
54526
48849
24298
51614
59249
33659
46689
24040
2415
59969
49516
25343
38367
1654
37444
22937
51065
40190
8645
35410
21272
55595
57738
54507
11813
128
26936
25517
51547
9547
5928
50345
2737
17789
33849
12458
10929
31174
15891
16531
57807
427
43985
7624
42737
23746
53863
22891
48543
36275
59670
60622
53197
34717
4472
23799
6632
40956
11598
50564
15728
23556
45786
2666
14959
46687
4069
58914
46905
4136
60170
41637
6944
45355
59028
54647
13524
27693
40437
32588
28384
6246
27879
58497
3362
30488
32597
36984
46371
27184
50882
57184
40159
59337
42015
10948
20736
57831
27696
53217
13565
28114
46392
40553
19214
31481
47838
28652
38892
54061
31891
23160
10495
15027
5766
19914
38888
25553
47248
40671
39870
11579
11039
43387
56483
20643
14221
47344
49891
28541
52118
48319
34829
30440
11983
47335
29294
35909
36459
50463
53427
39258
32342
21753
22988
34058
17788
5834
40024
42447
9574
57660
35231
25444
33029
47898
30741
6817
15375
47766
24382
29905
44238
6799
35479
31048
16587
26570
32281
16771
59786
55215
40712
40108
657
37447
37348
28170
56922
30811
52894
15633
13462
6312
8502
42219
41752
8996
25939
24508
42463
40878
48710
16897
21509
22445
43061
29472
4951
32862
61
60240
20782
29273
2224
6659
49755
33993
58424
26395
15931
12815
42124
45246
36118
27516
48474
49489
9462
31158
33818
28639
22580
50609
6975
744
50932
57193
27917
11921
16363
29427
18160
37122
19229
38993
56389
14762
56606
345
23591
17622
2627
18334
21394
18642
781
50249
48211
56379
33587
6999
49252
59195
38645
41590
28136
614
43763
54756
54480
5618
19157
24897
41494
11621
19054
1354
1707
20341
20371
33474
22440
1907
3196
55471
4542
12781
31688
516
60497
14381
39001
35032
10530
51088
18864
39212
17337
52546
24301
52092
51436
19526
27435
32888
52232
4102
22040
60222
35052
45501
19397
280
51082
8246
24948
19750
2122
18069
35044
44745
13242
1997
42355
44575
28808
27766
30622
9092
14860
6915
57885
54148
19225
47665
20370
27904
26602
33144
11304
50155
17600
9677
42960
32902
16905
14871
56902
54492
1423
46150
11574
58235
58023
55085
30021
639
58953
56283
2860
40300
794
57584
46005
53783
20337
53881
32698
49284
21734
29176
16352
3736
13424
37014
673
19140
35275
41260
22555
12532
28046
48953
6428
46192
57435
14443
18965
8780
27291
25818
14243
5371
41351
46458
34015
34863
51831
43354
46093
29260
18225
58629
32013
48621
30651
25854
48563
44237
57868
53111
21062
14969
23990
39067
15460
19560
47996
2922
41305
51305
59592
29391
25498
27098
4066
53076
11744
42228
26566
3604
55967
28899
17223
21167
32610
50090
5738
25960
54915
49965
53848
32622
59297
47311
50480
33820
42276
7676
9261
26079
50819
52181
23515
36941
37553
25716
59102
18275
53655
35033
56224
18384
27682
59288
9835
11581
20150
55478
24959
46737
45428
40537
21402
31909
15695
58392
6358
37303
16679
9030
37334
2501
45843
1109
12847
45678
60105
31549
52447
52618
46513
21048
9657
55951
20718
36384
29724
39284
53101
27565
57903
54474
14049
57073
8713
45126
17599
23533
9510
18454
27625
42707
20552
49943
30072
60356
20104
32602
10836
12068
965
34143
39048
23400
27475
22421
23901
46300
37425
32980
50601
16807
21940
6326
24885
49418
38188
37628
22806
45577
33886
18479
43854
15824
54462
40892
57973
47958
26185
40511
58911
30642
15827
5192
57422
32858
5893
18015
40454
31562
36544
16884
29161
12227
49242
6579
58451
22601
16428
58901
44992
50298
22051
33175
27650
19971
34228
6845
31530
31016
23149
34006
7457
5167
47592
30406
10946
14171
35506
54107
17786
1215
30789
52619
49546
1167
2189
50570
16304
33220
16263
21346
15293
30834
54838
13372
57147
52179
12683
57528
29931
8581
57572
52680
13820
58027
43895
30800
23004
40946
14346
58219
9831
25467
15207
44794
454
55855
56066
24809
56007
25833
21072
41012
56688
35705
29008
31889
49052
37008
29140
39140
4063
20130
38493
15387
58886
29786
52161
13036
19371
28042
40211
29059
45277
3445
42490
47132
26589
16136
24974
40883
13608
39444
38103
25725
59410
17624
54626
25313
58516
25013
43813
59933
44015
58077
43059
16730
23387
32756
4266
6796
24184
40313
30217
22944
29604
9830
28063
16483
60035
40966
24920
13978
6318
29756
7067
35923
54774
47645
53535
54013
54567
27459
13324
49532
60018
2026
48943
46521
3198
4915
58602
31894
31302
15510
55229
20096
42266
45789
36990
32571
53495
25595
37800
36236
29296
332
40045
31960
47406
26366
6166
30985
3520
49457
13270
29915
31951
44666
43183
20298
29900
7758
11929
55998
21609
29522
46946
2463
10443
48445
17042
13129
9875
30038
53514
3275
15760
47657
42008
56958
33598
45743
38335
58784
44249
46438
11804
54242
39660
41300
9252
4880
18472
23934
29595
16564
12364
49231
39881
52446
36511
48787
34132
54276
9410
54813
36605
55071
48820
60220
50287
5731
7002
56032
52831
42278
21399
13940
21306
4299
39446
9484
41868
10579
46035
1314
33059
1259
51743
45075
41083
49813
23828
58781
45958
51184
7672
24568
4029
24782
4931
8715
53935
48208
9435
2513
17225
36453
27268
5768
43891
783
55515
21165
15003
4250
5115
35617
55082
13868
1965
24206
58751
56773
41022
7833
16907
11827
58560
981
27540
11453
44175
21473
58656
699
11162
15496
17453
24408
43736
17749
28104
17996
10617
18012
16108
14828
44086
12637
20407
14408
39866
42548
46389
27809
15607
54103
23081
3470
9745
38859
57485
14513
30474
12214
46686
7958
16577
6336
35450
46612
52049
2278
7094
48980
10777
45448
27521
15864
29554
60661
13551
38360
18087
50120
6324
51187
35696
18969
50323
18243
41555
37290
7871
37602
12401
33002
37686
56378
5189
14044
33149
30571
14644
53374
18819
38531
8260
22185
46052
44826
28983
38869
32556
19800
39079
1192
17506
51509
47041
34926
18455
29187
49026
14295
27442
8533
37360
12256
18870
21383
19776
19743
53460
48217
16786
26440
58365
56330
23918
47637
48343
916
57314
51313
59723
55068
15474
4993
52062
14742
28640
35635
3427
52334
32453
24366
27754
19445
40387
30335
11355
55937
49490
51550
21656
48267
12943
50724
44081
20229
30994
54662
3430
6695
54328
36339
12985
5854
49589
12579
31764
13654
16165
22932
37839
28957
865
50956
47770
49664
46775
19112
16244
60092
25071
46600
43365
1575
233
255
19382
10827
12118
17294
4989
46524
48533
50363
16633
34849
17051
32653
30180
29773
14252
6171
23155
40572
56492
593
4377
38934
37896
35796
31539
54027
56400
57272
56839
53801
21888
129
46723
27078
27063
7801
340
17829
56664
36717
48843
43220
15138
33698
50737
39557
40834
41825
30808
14680
5711
10314
46402
10439
11608
25424
53352
47787
44006
20614
18507
44921
16409
28287
17891
363
57212
24681
40167
13340
36102
13233
20544
13615
15739
19870
50749
25155
54682
39719
12952
3844
37748
36642
57376
9290
29304
28056
9671
52394
3630
57171
39462
54610
17645
54541
12596
13525
20408
8843
59940
30670
49774
39821
30363
60212
23377
4930
25985
46142
32814
51268
9850
28567
38633
53360
23471
1035
27304
47847
49628
20137
3230
19475
24524
38302
31122
50780
34649
42602
60312
26325
6369
12513
25235
53971
30940
30057
16063
22771
38930
45628
24486
42042
56641
21528
31496
37087
59944
5885
25776
19813
58466
28433
43112
38998
34889
31630
47828
20416
14429
40548
27863
21251
20511
21569
12817
2225
17278
28734
13026
21783
28961
15602
29945
58612
13091
29318
60317
9544
36312
54168
16235
42857
22431
11481
45480
18498
22256
21192
33067
46848
51644
46308
8242
56506
10986
38664
9511
49434
31642
23259
53955
10050
13783
59805
30924
39066
48100
33143
58147
11705
49728
17761
59445
6000
34774
9899
26380
32629
40466
57531
47471
10965
58837
1595
55117
33132
2873
32585
33524
15122
36894
42432
42870
46090
56217
13041
874
26317
56549
9125
3751
20748
7087
53400
48382
53389
21369
38238
8767
56621
17642
60040
28912
8964
12757
48572
46471
8231
38549
40279
32150
55866
7138
57934
54538
53756
52308
48390
22917
51841
13300
6781
56100
55955
38297
50702
55152
12777
45904
46815
38265
17787
39113
32203
39860
5737
37870
49738
16909
40587
40843
35003
40599
55025
58623
58503
39540
60441
17721
33949
55922
57668
45918
6182
45554
16635
23867
12273
25853
13501
35604
20041
54048
20184
39233
6908
15567
55259
598
36970
53882
15481
24049
4899
55458
12628
3931
48362
3952
8285
49754
58690
60607
14427
12669
12717
17191
9464
47160
9208
2320
38660
45338
46571
40051
45600
22077
4330
20136
33346
4769
4199
29458
10245
47268
20800
27311
4751
55061
11656
12476
29902
2042
54089
52519
50695
31595
60451
21786
24569
30606
36103
50403
48064
37807
31241
53388
37712
55677
43607
1129
13733
53519
13481
13264
9428
14614
51929
59447
19059
49960
49590
43913
3756
52185
36052
42809
5761
1079
29536
18100
3491
28030
9123
12304
25271
398
36588
47672
2328
56611
22741
47748
23382
52001
37689
46281
2771
26085
21995
24202
15487
2651
1161
52601
39756
58313
56608
16874
4983
18310
24077
38870
8038
228
13254
53561
22498
46735
42204
22619
20550
1207
50816
17323
3712
6061
49351
36139
24889
19539
10330
9115
34072
46396
6754
13872
39306
18989
44741
46484
11679
52352
46260
49789
24522
50756
1260
22072
27423
31462
20297
33594
56631
53980
7475
6782
39375
7675
26078
8390
26304
42019
38589
6283
29824
42358
29952
19053
28248
34587
726
26609
1599
18314
30669
22451
53138
55165
12833
59143
30544
21222
51600
48313
18232
10696
13428
57529
37971
53428
20403
29181
3465
13582
12723
43427
53731
43702
51316
54928
30820
25281
20828
8083
43108
29894
46377
53331
49285
22676
36782
44386
56074
23170
39573
31485
36158
24095
21810
46874
49032
59945
41174
20451
795
24070
53743
10538
8781
32813
39347
36271
47863
29749
15918
27202
59844
27778
12374
2716
34389
9257
48993
5935
29447
31911
49432
10889
34765
42639
58505
34639
9427
20674
25910
29658
16330
52826
40022
45406
18596
28952
33702
56267
31644
48888
31789
27014
49714
41547
2996
34608
38883
20409
22670
31181
4681
36897
9966
2659
50143
48857
17392
40144
60520
24108
58408
13823
28221
36820
33717
6629
29276
59778
8109
36379
18311
28679
20423
38926
43994
39099
58658
44897
56090
47815
43254
20879
56848
59446
35579
28693
28237
14377
18675
35814
19179
31947
12423
132
18555
35400
11863
60674
38995
8137
34295
52985
42348
28913
4821
6836
4676
1849
40995
37664
7759
26389
35305
21
60628
14955
19309
47206
17508
19351
6614
46949
45239
43407
32369
36483
22711
26881
15625
22672
5884
50299
46851
36458
33112
45344
49473
33492
25836
39663
7508
27969
35918
30776
1631
10137
5534
51538
22879
19091
26777
10873
58773
32145
2210
16015
43058
25680
59883
60225
18866
23786
10503
3753
47258
4224
1795
35597
14900
58227
46938
13410
18104
8169
33206
38242
2985
7914
3214
59735
2808
20493
34618
40323
32720
35493
46380
54604
23688
25993
19452
24493
57908
7767
17484
30281
56880
49852
11388
18518
12790
10086
26175
30965
46533
36488
48814
53027
27905
30874
44681
35902
46970
42609
80
24562
47212
5864
21795
10171
14918
14314
14668
58180
46604
35953
12036
38919
45671
48592
36711
7144
23667
6235
4901
57896
21629
22651
33959
26723
40652
57428
22971
60136
11675
57935
19405
45606
56875
59394
12524
41189
369
1230
11750
60454
44962
46925
9315
1718
53412
54469
13619
18404
22999
22369
57682
7889
40009
53838
34304
37271
54111
43900
39849
54586
36161
24657
8263
2305
30620
5592
52917
25221
18588
29943
20904
31376
13997
20607
19789
16115
45851
45085
3650
22045
41792
30204
28087
51469
5554
56617
13312
46580
36415
6436
21241
13847
46995
33685
56470
41259
41293
40383
51290
29800
38174
16538
58744
7029
47064
39443
41649
17976
23579
21080
54921
37210
22552
39747
60075
30163
7778
50131
41018
6550
44814
46879
38444
57406
29758
38596
10604
56539
31254
28259
20662
7802
13736
11905
19638
32079
27639
22531
19222
25864
30835
28793
31142
35368
24931
1155
16129
10914
3098
43001
13913
3458
27180
32670
36736
25076
9859
19186
56015
41261
56988
59382
31579
11636
26311
8544
46942
24956
58717
39225
28676
8607
26424
5616
30239
41473
637
47490
28571
51188
52820
48714
57563
43558
8100
53607
49648
2001
55738
3601
39018
48949
19693
34259
35822
59952
34561
53708
58336
25923
11553
5206
29314
48122
29874
58527
48053
59187
9996
22182
37245
41223
5464
42082
57071
40103
33090
6036
4750
43796
16116
34466
25458
8295
24745
45270
55258
49882
51226
59950
11808
56197
28258
56632
58045
37743
33873
15373
1255
54333
50941
45356
6622
58399
16196
43876
15446
28963
7063
22311
11284
22946
7616
31338
24811
18446
7367
16948
48062
24942
50285
48104
44190
53810
44345
817
45071
31991
15585
37306
46644
10933
2340
37648
30309
29399
6546
3590
40062
26947
59571
40560
23801
9505
16834
6882
20863
14306
18471
29262
35624
47830
16183
27920
37406
54271
54252
33985
39587
48552
60427
35455
11413
51047
7815
49718
2050
7082
37978
6389
2374
47207
4810
60079
11330
39247
17106
29792
53287
17305
14439
34662
15330
33436
7886
25024
26900
52345
32919
4083
16861
57320
19981
4825
34280
380
20905
27004
25846
4291
52470
15057
15118
41255
23540
8638
16921
56966
14395
6359
56454
37000
29424
53536
20955
40498
54793
25431
25233
32617
37491
11230
13876
43294
51763
44883
3975
6792
42111
50920
54805
20743
2058
58604
27966
60349
48288
52900
5090
24275
41908
56350
278
16760
770
32964
46767
20265
27763
49486
35040
26289
26341
19654
42787
27824
32462
34483
38198
35512
115
28646
2076
57785
53489
41196
52479
59130
53298
6761
34988
25984
51562
52712
19648
1727
12378
24484
40845
10080
16602
39340
42937
49407
17555
16181
20171
49356
56403
51625
47953
55134
41771
893
25951
9653
48065
52741
40272
55979
49328
50817
45775
36829
42029
19583
811
50617
45357
37408
20398
56820
24197
29779
44991
12666
55483
23654
57751
36888
47337
57923
40233
23614
8259
14595
34315
11686
20197
4531
40502
14590
38099
53018
13656
25882
5862
12109
39570
11699
18408
15813
743
40753
11186
39390
47972
56054
55145
26655
60625
49553
32214
35263
7350
56304
58689
6810
302
13948
42779
13889
16648
14144
37003
46379
58864
32188
17481
54438
26071
38941
31013
53406
3766
19253
24154
48428
38037
59392
55642
1570
34107
2545
6281
50696
58783
29208
17687
22698
53575
14313
4031
17023
27980
3040
22065
47233
4905
37364
51087
52949
54715
18907
55770
49822
60278
15560
20732
58052
6998
31968
31863
5783
44695
10182
52171
158
19639
27692
60246
2191
21112
50210
50486
39925
48726
43266
36547
3870
43908
18093
25969
2261
19207
35058
54778
3285
8244
52114
47671
49580
44470
29281
31698
51295
13009
51505
40981
58698
26446
7126
27812
41899
48328
27140
33683
1138
22789
56195
48118
34114
8751
7495
43399
40324
50969
51952
52713
34778
31842
31510
24325
53666
40220
46344
31437
33068
45203
46240
54392
21439
41816
59261
17483
46233
6554
24277
19944
37511
58787
21976
14467
37095
7268
37181
49385
42858
41029
4525
27765
36613
53191
29633
19596
32705
39083
2295
46688
13744
41370
34441
14503
35812
36989
20507
32190
8255
1860
24763
1163
19441
20147
4331
30231
39061
22017
22272
10636
40491
59903
27382
15976
23969
34271
40010
18760
18420
37089
37622
34215
19768
36197
47128
31242
45260
14135
14790
24287
44973
41025
22678
45715
46697
9023
44573
17008
41566
47697
4249
30207
28339
53657
12888
26512
20145
47325
14998
7917
4
2014
27840
25800
56680
27018
19632
21472
26980
60203
19353
30906
56905
35406
20376
21620
3238
33669
5963
44972
60584
52544
24278
4099
29363
51485
34702
51240
51373
41847
5479
34210
35104
41135
34092
48439
49716
34331
38622
56932
55252
59949
23366
56915
1265
24159
3451
57456
30145
16201
51095
39180
35216
7909
13496
50473
42765
38196
7086
11308
22526
51595
29925
3922
49827
12988
21727
38815
28543
10306
55804
9858
7452
31591
36767
25262
17578
54172
23430
48167
42573
50505
40472
18621
23837
51517
9520
13383
52291
41819
42998
42671
42039
54051
49924
16447
42224
27242
17602
32864
41310
49784
51884
27280
33643
25441
4275
22702
9829
38311
18719
22327
25660
48025
39845
53309
10321
32906
47829
9096
4442
53663
39396
501
14769
51275
19674
21433
51209
36304
5926
1866
19308
31745
23458
45621
60083
15844
60677
1044
22765
60271
35081
14247
29540
29617
19500
39417
54854
6354
22578
31015
35881
27080
40737
9664
20314
44280
7794
16054
3209
30778
19977
54363
58113
48587
19514
21595
1963
39837
47824
33777
52905
8032
14321
53448
12767
22978
8184
24345
28217
27127
8635
20616
3500
23363
25938
10620
25085
35087
30781
33716
22317
56802
5962
15815
11426
57497
16859
11793
39930
33482
55575
21283
2913
13440
44431
8375
40314
39646
31825
27370
41731
17514
9343
29126
40174
30354
37086
54287
35267
24856
6839
19891
9413
59265
17457
60496
22464
22250
1772
44174
30347
32353
31617
26966
25924
28438
9747
6392
53839
3278
23789
30984
40623
28562
11957
40952
7068
29277
2543
55518
6645
32489
14661
6356
26859
39919
47804
2570
1106
4586
56179
16441
21926
28777
57460
5396
13644
8899
7528
5468
17244
47860
43761
16644
15483
44321
9342
1737
16606
39318
5203
55210
54472
54309
16462
36764
51019
31518
24125
31190
53739
48693
4864
31095
50103
40299
9039
3133
28799
57206
44804
2552
16503
3132
10231
34884
3876
50815
50683
57018
21150
42185
54762
56110
5601
59807
27260
8229
31372
10098
14739
49794
54746
11412
49297
21370
294
22751
23349
44873
28710
46935
17338
7465
46479
22847
27317
53080
39755
40590
23324
45890
27393
42362
17731
58192
7178
55852
41926
39883
26975
26476
32370
23230
4087
31811
49369
55360
45556
35347
2084
39959
45812
29920
3382
51549
4473
337
24281
25534
1394
6413
50229
8867
14109
12906
32692
59995
9792
22125
39558
35743
24851
4338
60588
3332
24171
29431
7636
56928
59688
19692
18945
8060
24678
28971
10855
51667
45948
6338
14324
53339
30842
56119
1832
54254
1114
26430
17676
3908
29797
59813
27367
53930
37024
45604
7943
37593
32411
6170
13117
52828
25568
60193
10833
16734
23461
4574
37515
57781
28849
19423
57463
36860
41425
31925
24104
50504
51957
16842
815
9019
51752
15209
54484
43477
55171
46147
20486
26996
57160
5332
58860
33079
42704
41176
5128
41592
10096
20215
47818
56372
6942
7354
32741
21180
28106
34728
13241
55832
3028
43893
49687
7971
35324
34734
37005
47069
20007
24365
9274
48790
34219
42933
1942
40285
42502
39871
43163
43470
13670
46186
6167
25685
46675
15741
58128
17383
45730
52556
28590
42594
24195
29374
4711
30804
43244
56280
13222
20690
36551
32599
32292
16658
26616
54418
13401
45603
32689
51234
45840
49247
47131
17006
36926
8686
49883
35489
12639
45151
40364
32252
54132
28843
43896
60305
16951
11844
19834
35874
50998
57301
42585
27593
58679
5805
59667
3240
48493
7372
32115
51597
32421
25449
53476
26717
66
1786
26855
50771
24586
28789
47098
10149
52750
37395
40853
9066
12787
59915
22353
53305
39545
15766
59852
6664
34532
7610
18267
21139
39398
20635
46843
32028
11759
52733
47447
43733
25598
13177
37666
41268
41843
43255
19890
32532
8091
15051
41062
15570
18011
47662
36651
3874
17975
42473
40345
58413
14915
31869
15333
45240
11589
2752
43562
59790
6435
58737
12515
39615
10310
20849
45723
51304
48145
21274
27344
19996
58305
47145
40851
47301
54456
57991
19004
37242
16627
52287
58386
51783
22060
29451
48657
5465
8819
23821
48500
33506
36440
28800
19894
12466
48614
18875
31774
50406
42227
35595
41874
39107
34749
49449
13032
47716
50536
31987
31395
24286
35523
26939
19384
56782
15620
51840
5626
28832
53393
47349
28077
5692
42156
41572
27605
38155
17348
36117
56109
23043
1472
56673
44105
31662
27328
15787
37156
31201
23459
18288
12215
57530
41930
42429
13042
57541
40052
53494
11027
57261
15564
5764
3377
3044
36174
48728
12890
46567
12284
51746
34174
40943
38220
1987
50934
21113
25395
17972
55550
59347
43996
29418
51632
19289
51690
11191
11010
5221
25752
34394
45693
28538
16228
28549
44252
48395
5575
45997
31219
55435
10802
44370
56784
54198
6351
24623
22583
28751
275
14116
3416
20827
33891
32831
56953
53637
16969
27891
29121
29328
1715
55768
631
22590
39940
58026
58633
5097
35570
9955
17925
2459
23600
7252
26033
54964
55560
51278
21360
47008
30397
35210
57363
7241
3243
27974
40329
53270
2626
29991
15565
50521
46163
11202
4027
45569
53545
472
29394
36092
36251
37006
6900
24821
31896
22664
545
34377
17548
21591
52516
33347
49944
24781
23972
57475
12675
55397
52753
6543
39985
1976
14991
18995
7963
35966
6905
13343
12535
55861
32897
20712
17158
14638
31210
6588
50959
59543
53888
38625
40357
28642
17076
21353
35063
52596
10847
30802
37761
47684
10805
27769
40102
11058
6418
13402
52860
30376
45434
1327
17570
38383
6224
11958
48224
374
17049
58724
58376
27293
26942
30229
38968
30308
57111
52730
55588
3339
53598
52508
34255
25731
7697
52635
52587
10320
50223
37663
25485
44675
29833
50292
6560
34000
6284
4417
9981
4150
11891
49564
36435
18842
42739
52729
9840
47563
14507
38641
32704
18073
25992
29861
19737
54985
6557
25934
36641
49966
23265
17735
31147
17241
3328
28290
49797
49316
6291
24476
59463
47118
40078
6278
30143
18541
43469
10223
52477
54886
42706
16355
4113
55815
45006
29798
52724
43334
102
42081
34811
8806
40289
36644
29828
35765
38792
47877
47103
35341
11768
22027
20363
24985
15525
29673
23152
37993
55
28209
39750
6430
7277
183
52911
19211
39078
11599
34883
32277
49599
23468
8592
5104
29795
3622
56440
41154
27396
44008
32335
44327
35792
2823
29586
38237
29264
31735
58979
32927
22776
2245
15048
53818
41683
35819
29598
4319
18460
58673
1788
35659
41041
50823
7529
22080
20814
33374
43131
18473
43038
27688
44301
5631
56759
18322
28452
55473
11951
12006
59465
52695
49606
46791
29393
39692
34723
49323
53106
59501
55227
21456
19458
46665
44598
13915
6330
50545
38908
9672
35664
17251
31292
50219
37458
36123
16585
30771
31133
32223
38805
60071
44496
56480
24225
24273
45328
3178
40554
4492
28901
47036
1769
1714
49643
54238
19163
17815
50937
21226
50472
28597
20411
17139
53182
21997
31368
40365
28887
33262
49877
32703
27066
39214
53263
40012
18868
58725
21195
35004
51527
33133
37616
13273
54435
14428
2321
9298
56930
3563
39365
34654
12744
24470
21088
35520
12181
37783
53979
1038
6050
40695
10376
56508
39130
21388
44879
10430
38210
26992
18634
7642
33925
50245
45451
46591
14851
46573
54408
4556
23897
30100
8647
34625
50513
22157
39241
19754
43234
49799
50148
29830
40700
47292
254
15458
12975
20559
16871
39693
30287
13330
7739
19979
9688
57434
520
4361
39556
4571
2074
6932
47173
973
18598
28284
43790
52471
48545
53096
32016
150
5788
32601
57549
49592
8641
6708
45403
10467
57169
45493
29777
48729
43595
10253
34136
32832
47420
23058
787
34044
13630
35202
58895
12114
19210
28521
52020
3519
21702
1711
1046
37566
48366
41190
30079
33013
37626
48229
14141
37485
18168
43966
39809
46549
41886
7426
12191
22386
38113
58777
31468
43894
13049
19983
15310
25584
33710
11795
31233
38730
42628
15059
24495
57386
23848
56761
59248
15581
23327
58321
40794
34117
14995
31169
7870
1124
48124
23123
56242
54497
17025
14913
30036
55213
20663
10808
55675
17129
15689
15074
46782
17503
11821
37190
20434
34558
2341
33874
56125
9278
21941
986
23593
9971
24403
50137
29521
34999
26741
31183
30183
51926
38956
47336
46754
56775
46574
55590
42283
57718
9870
13812
54204
13196
30616
38306
164
12371
22320
38253
9314
10960
34422
2114
2241
45390
26051
32821
7400
28960
2708
8918
50228
24603
43011
22031
54847
50177
12574
14235
36842
19601
31556
48103
27412
39813
10285
7317
21542
50161
44490
34190
40125
49694
49876
21198
13704
4866
11240
29134
39246
16105
6270
35994
22280
53019
3875
22358
30283
14483
41462
36140
15408
15779
44716
43085
4723
43516
58565
44889
353
2171
6686
25248
14533
2698
20125
25546
11678
22492
38666
48423
6750
9440
19040
57818
55870
17655
17166
4160
45618
17943
34779
43145
52758
4978
1168
30203
44381
60346
59715
33987
15852
12469
37285
33852
59113
59142
34949
29571
17370
50641
50197
30470
12073
37629
7938
56552
28773
2414
33723
41659
16904
38543
40409
57950
28651
25602
37277
59118
34828
11533
60493
14775
43760
59256
18993
15854
28262
57474
4252
18635
52265
24166
5702
55708
33464
45612
14405
1095
28137
35329
43466
27120
1428
21333
14305
24828
18992
28274
21703
5829
45566
6282
29947
43208
49732
57398
44040
17471
34636
44565
36669
51540
32584
5014
58339
4600
28473
50901
7281
43731
213
8975
51641
53483
59560
20308
22462
20222
23385
44113
52627
17424
28218
41651
22705
20026
9930
15369
8170
56323
5110
60068
40280
58650
3080
34593
29072
2442
58977
292
11945
36686
7470
47973
107
24507
2584
27048
38465
21984
16084
23780
1416
58735
22681
5996
32726
6739
22435
44257
57115
7715
36053
52859
42571
28499
39436
58034
49160
31499
6068
2447
43486
47890
25831
3168
12323
59833
19485
51804
59456
24691
28954
18939
12968
47205
25739
9270
26732
19771
32582
12624
36963
5742
2680
20492
13618
11751
52935
28469
58591
58634
25700
29036
28407
4536
117
57336
50618
46863
7554
24351
30060
60681
23818
42658
46020
31156
7558
21883
46341
22039
41124
54142
23145
1596
56856
38352
57889
53665
39477
34714
38761
18331
19375
8814
41084
47022
19812
48463
15810
5466
51578
5245
50431
46345
13650
7699
53371
10819
53232
16107
5599
48574
50445
18931
53098
23290
11198
23354
21119
58158
40801
58892
55817
6119
22359
12540
45635
58201
3319
12012
54636
54642
3652
36467
13686
28656
55437
14330
35742
2035
1609
6487
24616
38675
9989
20871
37692
57136
20872
19287
14523
27706
33856
8818
18629
21107
16211
53277
26829
43532
3885
56961
1526
59070
46740
40196
60578
44210
10637
30293
8275
57624
22756
6911
5269
52977
13105
59612
51664
49652
31213
12241
43765
22667
57294
59594
34423
27368
26957
29488
36497
39139
34085
33786
16728
13499
50077
8774
11972
9509
17450
35690
47403
42052
22815
23111
16060
38551
13490
32479
6847
45696
13579
45960
41315
36780
28445
18766
31238
49695
41642
26775
5253
22835
13207
47236
3091
19697
19228
11779
44468
3101
9492
49562
44734
42469
30613
7292
4885
10412
28028
11971
51534
41266
2966
4780
51445
6445
11171
22802
57917
56393
12705
33422
54983
19669
58800
9384
44095
17912
43545
16281
13765
48629
40527
40270
60149
1281
15714
39601
42351
39655
54704
43329
22689
48555
40361
38677
35193
2090
22734
35492
33286
56324
48060
30851
18342
11473
44005
39667
46290
21515
32948
45189
50333
16180
34840
60184
18747
18647
2249
9881
32260
6833
18574
13598
1202
47986
33645
6476
54631
22370
42386
48192
48586
2055
7117
37233
21953
46914
50992
24840
39205
36839
32089
23676
42801
10682
38321
11233
11422
6716
7723
47166
28894
16968
36516
34049
46476
52381
6137
15261
28316
20282
29456
13246
40977
41910
35342
52523
54869
59512
22021
51572
58391
10124
11429
10120
28061
59289
18826
6109
18201
44541
32863
28078
55356
12712
9879
1407
9708
24450
60329
23140
51497
31526
5226
7670
53113
28126
31531
17833
7736
46794
4365
47424
480
27026
51946
44192
3570
38285
49834
7803
13313
5508
42780
38928
36085
47283
58028
59003
6477
24911
48800
14976
48140
43918
5409
19198
15746
15113
60479
1067
59413
19835
32444
27732
6745
33719
58684
1390
12933
11252
35407
7103
4828
4642
35377
39131
13456
31641
9287
30609
31071
10639
32693
33718
10962
31775
11975
30078
34984
47750
49363
48891
42302
2494
46183
13333
22984
37612
48649
24530
28241
17553
17309
18279
57768
15942
26434
51786
55555
12865
26132
2926
8306
19066
46721
55462
20573
4656
22750
58803
28766
659
7270
15438
17909
20208
56421
3565
42856
34678
55807
68
28712
19380
55911
36282
15314
45292
44430
44451
6044
8762
11116
39439
41824
5069
20585
60196
7726
27488
53530
7434
42972
33674
28530
27226
41693
4547
21123
35976
41039
60463
52189
50186
20713
35675
25173
11041
43467
6045
30717
10709
839
38469
17013
40230
19413
1073
57933
50216
14511
36337
28115
27091
5052
49417
55619
42132
51264
35719
7286
57143
9936
37714
4576
45163
27773
35449
9140
12194
52323
1710
31948
3582
1873
40895
33531
31678
20309
55306
34864
7344
1139
41633
35339
57159
33380
54510
21985
39007
13349
20949
59792
4044
16937
5840
54718
27669
51674
3977
42291
60705
59946
36504
1532
18525
50322
13455
58662
37852
19473
17190
15888
23770
45276
60154
36033
26253
49239
57349
38983
16006
34930
43449
59725
46195
17681
25560
42966
48919
20995
50183
6374
30612
17986
54708
1510
31980
15208
33835
37932
709
13050
55098
41518
30688
33038
26635
31266
16695
18006
10573
33109
38000
18116
44298
12338
47551
3235
50362
19980
28150
24
4977
55469
13279
41155
17003
59423
14951
31904
43642
28745
58194
58282
29288
3536
36706
48255
319
43764
3907
60063
48698
18256
20044
15502
52512
33633
14446
14767
32485
21506
7245
10511
24532
9399
33725
30290
13502
12882
39964
17707
55884
51314
11356
51343
60197
46526
39474
2733
22748
1702
1309
4752
43481
11083
1239
4567
59239
48722
11567
15287
24490
41530
49520
60428
15612
31393
39119
20850
41159
54473
11671
33007
209
41456
33780
41356
10490
57065
1197
56816
46496
54303
27003
47549
29033
20954
449
4852
59041
22960
52722
20582
32873
11456
6042
59441
37377
35785
29803
4594
32379
18774
40670
18851
53150
49911
52782
21163
38033
56897
27602
21938
42493
1657
40887
26357
309
12911
45575
14387
31673
17363
54311
8414
52147
51024
43549
16682
20804
55190
41168
40581
19122
34021
16669
22853
39311
54489
5992
19725
4060
31563
14662
49577
42155
32468
59165
11614
41171
5548
5499
913
37550
10764
55147
11014
37201
26396
43833
9929
55013
44602
20458
7383
8741
16164
55370
30660
16213
2275
17254
32048
27539
931
54903
14126
18348
54433
26006
12209
3259
46991
14681
29836
50318
28878
14766
14707
43555
56501
55043
10857
34737
17816
56065
32976
43991
41064
57826
6080
37821
10760
45360
18231
38341
40808
17670
4790
54369
59490
12117
20126
21004
52351
52642
45752
35091
4362
3485
56925
35111
2722
2987
49472
31356
9065
54824
41751
60054
59791
19449
21377
59754
34059
32232
16772
7424
28897
48258
54297
39659
19015
24051
30373
57322
16339
33251
48513
29094
15081
44584
20563
53207
23093
32792
21161
13014
29217
60537
35751
7750
13755
56163
27653
28007
35000
22390
53241
14473
58306
14962
10041
49954
22134
4246
6295
49881
53410
32543
59050
55736
52337
44240
6967
47674
37608
31610
764
26547
9588
36690
36068
12400
59250
3961
52975
59167
49089
11391
51838
52956
29223
21228
13350
54059
34352
49223
25257
1352
29726
47759
50562
28003
42117
11325
19994
1020
10516
41479
2212
17691
37169
1514
18110
10635
28348
9798
16840
31377
56636
892
31008
19766
4860
18297
43156
20259
38712
24867
5108
11542
26744
43106
18503
53852
60178
9087
49056
44108
50379
17219
31744
21430
19428
31646
31
27466
5931
48056
31648
59380
47164
33801
26055
7069
51703
19376
35447
13143
50950
35738
34195
47076
30797
9309
29453
54406
29343
19271
21005
35903
50218
34248
271
49180
50802
11004
13584
8472
21613
56550
58132
29131
3754
6271
42478
15734
32039
50667
25636
46550
37708
12042
24152
35337
48978
6279
19667
35276
53549
24963
265
4654
37371
24121
42525
26774
46824
51457
21017
56438
45322
20790
7552
55672
8440
39936
59663
57698
50004
41420
32820
41788
28570
25516
34673
32613
11286
39752
18618
47039
48987
11383
28764
40235
51
16678
1446
60124
53376
17498
58320
19913
20253
47398
34224
53647
41744
46892
3043
48921
4543
21338
52893
48640
43783
53370
59292
41404
48530
35269
13423
15850
24978
3538
8594
15895
43490
9067
21278
29332
2713
2460
13412
19590
37216
7896
40417
13509
3048
31472
17293
55520
1561
21988
4256
44911
42288
43566
10353
24099
21661
59184
15305
7940
26910
54725
40486
16748
39062
45182
59006
56625
20321
27609
7183
20114
52235
15341
10482
11690
43422
27954
25889
33726
45397
32782
54342
8052
51409
53503
48133
1900
50215
42306
9974
29600
52416
12391
